#time mass rho rad_par
110 0.00361668993386678 5104.70115737904 0.00553032662619401
120 0.00361334456947202 5099.06670055611 0.00553065657524081
130 0.00361010677705246 5093.56571727936 0.00553099383944991
140 0.00360695062685843 5088.16526843492 0.00553133709487545
150 0.00360386604953831 5082.85496840101 0.00553168495379642
160 0.00360084606384338 5077.62801496866 0.00553203630570995
170 0.0035978858552146 5072.48053536799 0.00553239008312019
180 0.00359498211087888 5067.41067074277 0.00553274525302305
190 0.00359213238526177 5062.41752657901 0.00553310087308886
200 0.00358933468026085 5057.50047967073 0.00553345612893
210 0.00358658721504331 5052.65883177501 0.00553381034272448
220 0.00358388831711088 5047.89168271943 0.00553416296421743
230 0.00358123637367523 5043.1979087087 0.0055345135542852
240 0.00357862981599842 5038.57618963153 0.0055348617674529
250 0.0035760671141606 5034.02504614821 0.00553520733608777
260 0.00357354677569956 5029.54287588516 0.00553555005680954
270 0.00357106734592592 5025.12798530555 0.00553588977926038
280 0.00356862741009075 5020.77861834132 0.00553622639694584
290 0.00356622559320544 5016.49297780685 0.00553655983945333
300 0.003563860562497 5012.26924652332 0.0055368900660908
310 0.00356153102708891 5008.10560160264 0.00553721706056619
320 0.00355923574070323 5004.00023151939 0.005537540826172
330 0.00355697350056806 4999.95134438799 0.00553786138221698
340 0.00355474314844955 4995.9571788273 0.0055381787605843
350 0.00355254357102825 4992.01601134297 0.00553849300321687
360 0.00355037369886047 4988.12616116554 0.00553880415979426
370 0.00354823250636964 4984.28599518826 0.00553911228589709
380 0.00354611901112861 4980.49393119254 0.00553941744142756
390 0.00354403227268659 4976.74843964627 0.0055397196893152
400 0.0035419713919124 4973.04804549398 0.00554001909448926
410 0.00353993550935513 4969.39132824122 0.00554031572296858
420 0.00353792380384869 4965.77692191913 0.00554060964112031
430 0.00353593549155302 4962.20351495899 0.00554090091517827
440 0.0035339698240016 4958.66984871198 0.00554118961074556
450 0.00353202608707936 4955.17471676246 0.00554147579248744
460 0.00353010359916002 4951.71696313402 0.00554175952379733
470 0.00352820170990027 4948.29548087204 0.00554204086666638
480 0.00352631979853332 4944.90921016449 0.00554231988146395
490 0.00352445727261548 4941.55713673167 0.00554259662685576
500 0.00352261356667204 4938.23828995735 0.00554287115976687
510 0.00352078814068496 4934.95174095809 0.00554314353528597
520 0.00351898047888055 4931.69660082245 0.00554341380666445
530 0.00351719008855804 4928.47201887424 0.00554368202532919
540 0.00351541649880901 4925.27718076811 0.00554394824090201
550 0.00351365925945547 4922.1113068698 0.00554421250122853
560 0.00351191793975191 4918.97365047546 0.00554447485234425
570 0.00351019212762144 4915.86349631296 0.00554473533861692
580 0.0035084814286449 4912.78015888503 0.0055449940028196
590 0.00350678546491922 4909.72298105124 0.00554525088604598
600 0.0035051038745174 4906.69133268875 0.00554550602791395
610 0.00350343631033508 4903.68460917213 0.00554575946651505
620 0.00350178243947564 4900.70223037011 0.00554601123845396
630 0.00350014194258158 4897.74363919947 0.00554626137902744
640 0.00349851451301253 4894.80830052024 0.00554650992219457
650 0.00349689985619559 4891.89570005014 0.00554675690063147
660 0.00349529768905358 4889.00534332825 0.00554700234580921
670 0.00349370773938461 4886.13675460511 0.00554724628807468
680 0.00349212974534572 4883.28947602275 0.00554748875667751
690 0.00349056345488013 4880.46306683372 0.00554772977975289
700 0.00348900862527179 4877.6571024072 0.00554796938445296
710 0.00348746502268379 4874.87117357231 0.00554820759694255
720 0.00348593242170634 4872.10488560379 0.00554844444253614
730 0.00348441060496137 4869.35785792925 0.00554867994559157
740 0.00348289936272116 4866.6297231614 0.00554891412966774
750 0.00348139849249669 4863.92012652617 0.00554914701751652
760 0.00347990779878488 4861.22872549185 0.00554937863108287
770 0.00347842709270503 4858.55518899781 0.0055496089915987
780 0.00347695619162425 4855.89919681668 0.00554983811962069
790 0.00347549491896002 4853.26043931863 0.00555006603500946
800 0.00347404310385944 4850.63861682469 0.00555029275699989
810 0.00347260058096441 4848.03343926079 0.00555051830420299
820 0.00347116719017819 4845.44462571248 0.00555074269464659
830 0.00346974277640818 4842.87190395476 0.00555096594581316
840 0.00346832718939183 4840.31501020526 0.00555118807463692
850 0.00346692028351408 4837.77368878849 0.00555140909753056
860 0.00346552191762503 4835.24769190022 0.00555162903037401
870 0.00346413195485954 4832.73677930554 0.00555184788852973
880 0.00346275026234239 4830.24071753708 0.00555206568698851
890 0.00346137671121606 4827.75928038268 0.00555228244019417
900 0.00346001117627774 4825.29224787859 0.00555249816223182
910 0.00345865353588095 4822.83940617547 0.00555271286682369
920 0.00345730367194925 4820.40054781942 0.00555292656722557
930 0.00345596146977977 4817.97547125724 0.00555313927630852
940 0.00345462681794001 4815.56398068812 0.0055533510065577
950 0.00345329960816784 4813.16588595211 0.00555356177005892
960 0.0034519797350904 4810.78100174301 0.00555377157864797
970 0.00345066709630039 4808.40914805927 0.00555398044377576
980 0.00344936159231992 4806.05015020473 0.00555418837648608
990 0.00344806312634041 4803.70383811935 0.00555439538753125
1000 0.00344677160400068 4801.37004588283 0.00555460148744221
1010 0.00344548693350881 4799.04861215698 0.0055548066864214
1020 0.00344420902554654 4796.73938005966 0.0055550109943379
1030 0.00344293779302922 4794.44219649136 0.00555521442085622
1040 0.00344167315116651 4792.15691245948 0.00555541697534202
1050 0.00344041501727298 4789.88338262658 0.00555561866693279
1060 0.00343916331079084 4787.62146542462 0.00555581950450433
1070 0.00343791795309392 4785.37102260288 0.00555601949673824
1080 0.00343667886767467 4783.13191980758 0.00555621865199691
1090 0.00343544597968036 4780.90402539747 0.00555641697853034
1100 0.00343421921612419 4778.68721102613 0.00555661448436322
1110 0.00343299850583897 4776.48135162774 0.00555681117727389
1120 0.0034317837791898 4774.28632467826 0.00555700706492445
1130 0.00343057496831006 4772.10201088289 0.00555720215472021
1140 0.00342937200689399 4769.92829367366 0.00555739645389121
1150 0.00342817483008453 4767.76505894183 0.00555758996953449
1160 0.00342698337455449 4765.61219532521 0.00555778270854511
1170 0.00342579757831455 4763.46959372316 0.0055579746776997
1180 0.0034246173807836 4761.33714752245 0.00555816588360571
1190 0.00342344272270697 4759.2147524292 0.00555835633272145
1200 0.00342227354614484 4757.1023064625 0.00555854603135125
1210 0.00342110979446171 4754.99970998156 0.00555873498562817
1220 0.00341995141210056 4752.90686512132 0.00555892320161066
1230 0.00341879834478636 4750.82367633599 0.00555911068518005
1240 0.00341765053936313 4748.75005003005 0.00555929744209524
1250 0.00341650794375178 4746.68589446435 0.00555948347800557
1260 0.0034153705069205 4744.63111971658 0.00555966879844946
1270 0.00341423817889383 4742.58563773212 0.00555985340883864
1280 0.00341311091061958 4740.54936200034 0.00556003731451163
1290 0.00341198865403641 4738.5222077537 0.00556022052069194
1300 0.00341087136201465 4736.50409183899 0.00556040303250554
1310 0.0034097589883933 4734.49493283918 0.00556058485495261
1320 0.00340865148786956 4732.49465080413 0.0055607659929521
1330 0.00340754881602412 4730.50316734006 0.00556094645131993
1340 0.0034064509292255 4728.52040539098 0.00556112623480187
1350 0.00340535778468758 4726.54628939105 0.00556130534804457
1360 0.00340426934042891 4724.58074519152 0.00556148379560143
1370 0.00340318555532583 4722.62370019796 0.00556166158190706
1380 0.00340210638880703 4720.67508263465 0.00556183871139908
1390 0.00340103180104115 4718.73482203371 0.00556201518842788
1400 0.00339996175289547 4716.80284912564 0.00556219101727657
1410 0.00339889620604448 4714.87909613727 0.00556236620210254
1420 0.00339783512281631 4712.96349641144 0.00556254074700261
1430 0.00339677846619553 4711.05598444398 0.0055627146559996
1440 0.00339572619969674 4709.15649558272 0.0055628879330913
1450 0.00339467828739818 4707.26496611603 0.00556306058223361
1460 0.0033936346939397 4705.38133328247 0.00556323260733525
1470 0.00339259538475279 4703.50553582886 0.0055634040121631
1480 0.00339156032572043 4701.63751321749 0.00556357480046823
1490 0.0033905294833969 4699.77720614433 0.0055637449759014
1500 0.00338950282473157 4697.92455590251 0.00556391454211264
1510 0.00338848031731204 4696.07950495773 0.00556408350265691
1520 0.00338746192901111 4694.24199613212 0.00556425186112272
1530 0.00338644762823885 4692.41197319348 0.00556441962103719
1540 0.00338543738406248 4690.58938116157 0.00556458678581023
1550 0.00338443116608 4688.77416600681 0.0055647533587839
1560 0.00338342894442498 4686.96627467037 0.00556491934322676
1570 0.00338243068936702 4685.16565414373 0.00556508474247873
1580 0.00338143637178278 4683.37225256344 0.0055652495597759
1590 0.00338044596276881 4681.58601832455 0.00556541379838888
1600 0.00337945943399288 4679.806900886 0.00556557746149634
1610 0.0033784767577878 4678.03485101451 0.00556574055213928
1620 0.00337749790653319 4676.26981935583 0.00556590307344784
1630 0.00337652285322428 4674.51175774662 0.00556606502843317
1640 0.00337555157107658 4672.76061831674 0.00556622642012608
1650 0.0033745840337819 4671.01635406477 0.00556638725148911
1660 0.0033736202153442 4669.27891850427 0.00556654752546646
1670 0.00337266009028113 4667.5482661298 0.0055667072449094
1680 0.00337170363332439 4665.82435172518 0.0055668664126861
1690 0.00337075081957639 4664.10713072335 0.00556702503162452
1700 0.00336980162449104 4662.39655917999 0.00556718310451216
1710 0.00336885602376899 4660.69259353335 0.00556734063413367
1720 0.00336791399362091 4658.99519120814 0.00556749762317525
1730 0.00336697551036262 4657.30430969319 0.00556765407436863
1740 0.00336604055080431 4655.61990743226 0.00556780999035053
1750 0.003365109091935 4653.94194311327 0.00556796537377169
1760 0.00336418111123479 4652.27037638089 0.0055681202271848
1770 0.00336325658621139 4650.60516678663 0.0055682745532073
1780 0.00336233549489086 4648.94627490282 0.00556842835434764
1790 0.00336141781552415 4647.29366166312 0.00556858163310614
1800 0.00336050352669201 4645.6472886032 0.00556873439193672
1810 0.00335959260708321 4644.00711735866 0.00556888663332474
1820 0.00335868503586572 4642.37311051271 0.00556903835965323
1830 0.00335778079224724 4640.74523060139 0.00556918957335738
1840 0.00335687985595792 4639.12344120696 0.00556934027675406
1850 0.00335598220657911 4637.50770544703 0.00556949047227488
1860 0.00335508782425497 4635.89798757824 0.00556964016221792
1870 0.00335419668930138 4634.29425212219 0.00556978934888097
1880 0.00335330878240769 4632.69646431816 0.00556993803449172
1890 0.00335242408436197 4631.10458951504 0.00557008622129906
1900 0.00335154257611573 4629.51859331062 0.00557023391155307
1910 0.00335066423878208 4627.93844154764 0.00557038110750548
1920 0.00334978905386826 4626.36410084658 0.00557052781132459
1930 0.00334891700318736 4624.79553840454 0.00557067402512682
1940 0.00334804806869692 4623.23272163912 0.00557081975102996
1950 0.00334718223248845 4621.67561816522 0.00557096499115666
1960 0.00334631947682039 4620.12419586484 0.00557110974762451
1970 0.00334545978423471 4618.57842315848 0.00557125402250157
1980 0.00334460313761819 4617.03826913886 0.00557139781778644
1990 0.00334374951986158 4615.50370281432 0.00557154113552304
2000 0.00334289891419914 4613.97469386438 0.00557168397768526
2010 0.00334205130389929 4612.4512119541 0.00557182634628078
2020 0.00334120667245417 4610.93322715782 0.00557196824328582
2030 0.00334036500369077 4609.4207102054 0.00557210967060754
2040 0.00333952628154572 4607.91363198907 0.0055722506301573
2050 0.00333869049007703 4606.41196358682 0.00557239112384771
2060 0.00333785761339145 4604.91567610332 0.00557253115361631
2070 0.00333702763584112 4603.42474110358 0.00557267072136001
2080 0.00333620054207281 4601.93913073009 0.00557280982891506
2090 0.00333537631694745 4600.45881752184 0.00557294847808511
2100 0.00333455494549007 4598.98377430881 0.00557308667065577
2110 0.00333373641277284 4597.51397394832 0.00557322440843588
2120 0.00333292070404464 4596.04938961921 0.00557336169321078
2130 0.00333210780492404 4594.58999524153 0.00557349852668011
2140 0.00333129770111794 4593.13576486602 0.00557363491054755
2150 0.00333049037833702 4591.68667248211 0.00557377084655132
2160 0.00332968582233822 4590.24269211655 0.00557390633644794
2170 0.00332888401917078 4588.80379837188 0.00557404138193154
2180 0.00332808495511179 4587.36996628996 0.00557417598465293
2190 0.00332728861650296 4585.94117099165 0.00557431014627428
2200 0.00332649498981757 4584.51738782588 0.00557444386844607
2210 0.0033257040616932 4583.09859244514 0.00557457715279469
2220 0.00332491581874114 4581.68476038254 0.00557471000098729
2230 0.00332413024822266 4580.27586853929 0.00557484241450648
2240 0.00332334733700098 4578.87189289243 0.00557497439499404
2250 0.00332256707219743 4577.47280992336 0.00557510594403833
2260 0.00332178944127202 4576.07859680276 0.00557523706314407
2270 0.00332101443171397 4574.68923071402 0.00557536775383378
2280 0.003320242030938 4573.30468862591 0.00557549801768205
2290 0.00331947222672339 4571.92494824872 0.00557562785617284
2300 0.00331870500677916 4570.54998709436 0.00557575727083785
2310 0.00331794035898831 4569.17978300256 0.00557588626317935
2320 0.00331717827146067 4567.81431426008 0.0055760148346512
2330 0.00331641873228391 4566.45355905831 0.00557614298673989
2340 0.00331566173006913 4565.09749668129 0.00557627072078673
2350 0.00331490725300619 4563.74610545558 0.00557639803829275
2360 0.00331415528959826 4562.39936433953 0.00557652494068351
2370 0.00331340582871371 4561.05725304391 0.00557665142928883
2380 0.00331265885901909 4559.71975080012 0.00557677750552651
2390 0.00331191436925546 4558.38683695818 0.00557690317081375
2400 0.00331117234833493 4557.05849119631 0.00557702842653576
2410 0.00331043278544343 4555.73469374759 0.00557715327401094
2420 0.00330969566964228 4554.41542453719 0.00557727771461898
2430 0.00330896099020831 4553.10066391637 0.0055774017496924
2440 0.00330822873652608 4551.79039243206 0.00557752538054992
2450 0.00330749889792779 4550.48459048021 0.00557764860854805
2460 0.00330677146397414 4549.18323891442 0.0055777714349903
2470 0.00330604642436066 4547.88631884283 0.00557789386115736
2480 0.00330532376891433 4546.59381162391 0.00557801588830683
2490 0.00330460348736296 4545.30569836702 0.00557813751774774
2500 0.00330388556960298 4544.02196050941 0.00557825875075515
2510 0.00330317000572651 4542.74257987973 0.00557837958855932
2520 0.00330245678579319 4541.46753820034 0.00557850003242085
2530 0.00330174590010094 4540.19681767676 0.00557862008354185
2540 0.00330103733896825 4538.93040052784 0.00557873974313553
2550 0.00330033109232811 4537.66826811029 0.00557885901255623
2560 0.00329962715075981 4536.41040313958 0.00557897789297074
2570 0.00329892550482555 4535.15678826581 0.00557909638556788
2580 0.00329822614524382 4533.90740644586 0.00557921449150362
2590 0.00329752906259398 4532.66224030821 0.005579332211995
2600 0.00329683424768009 4531.42127293417 0.00557944954820484
2610 0.00329614169138944 4530.18448755848 0.00557956650128462
2620 0.00329545138454036 4528.9518672373 0.00557968307242496
2630 0.00329476331825341 4527.72339564949 0.00557979926273602
2640 0.00329407748350566 4526.49905614011 0.00557991507338863
2650 0.00329339387157288 4525.27883266633 0.00558003050547538
2660 0.00329271247367373 4524.06270903876 0.00558014556012133
2670 0.00329203328095369 4522.85066888558 0.00558026023848972
2680 0.00329135628465623 4521.64269601859 0.00558037454172814
2690 0.00329068147630161 4520.43877481883 0.00558048847091092
2700 0.00329000884730793 4519.23888942409 0.00558060202715908
2710 0.00328933838944904 4518.04302470849 0.00558071521149603
2720 0.00328867009431241 4516.85116512661 0.00558082802501674
2730 0.00328800395365348 4515.66329546751 0.00558094046877773
2740 0.00328733995926026 4514.47940056669 0.00558105254383901
2750 0.00328667810297828 4513.29946536078 0.00558116425125565
2760 0.00328601837679124 4512.12347506 0.00558127559205231
2770 0.00328536077253209 4510.95141453089 0.00558138656731406
2780 0.00328470528217598 4509.78326892238 0.00558149717809421
2790 0.00328405189778426 4508.61902354604 0.00558160742543186
2800 0.00328340061152536 4507.45866392037 0.00558171731034537
2810 0.00328275141567276 4506.3021757682 0.00558182683383229
2820 0.00328210430250303 4505.14954480025 0.0055819359969008
2830 0.00328145926445463 4504.00075705003 0.00558204480052147
2840 0.00328081629376055 4502.85579809692 0.00558215324573981
2850 0.00328017538294518 4501.71465411885 0.00558226133352317
2860 0.00327953652451516 4500.57731123922 0.00558236906485513
2870 0.00327889971110213 4499.44375582863 0.00558247644069176
2880 0.00327826493520736 4498.31397396236 0.00558258346204105
2890 0.00327763218971091 4497.18795250085 0.00558269012980489
2900 0.00327700146729906 4496.06567787911 0.00558279644495484
2910 0.00327637276066891 4494.9471365357 0.00558290240847081
2920 0.00327574606283258 4493.83231556095 0.00558300802124542
2930 0.00327512136658818 4492.72120157457 0.00558311328424817
2940 0.00327449866465558 4491.61378101477 0.00558321819848288
2950 0.00327387795016323 4490.51004116658 0.00558332276483835
2960 0.00327325921612943 4489.40996906808 0.00558342698424654
2970 0.00327264245601852 4488.31355268768 0.00558353085751083
2980 0.00327202766268829 4487.22077869329 0.00558363438563227
2990 0.00327141482922321 4486.13163421511 0.00558373756955263
3000 0.003270803948946 4485.04610687471 0.00558384041014881
3010 0.00327019501515077 4483.96418421682 0.00558394290831665
3020 0.00326958802136833 4482.88585427413 0.00558404506488751
3030 0.00326898296080541 4481.8111043789 0.00558414688080232
3040 0.00326837982689733 4480.73992233169 0.00558424835694104
3050 0.00326777861331264 4479.67229641219 0.00558434949412067
3060 0.00326717931355754 4478.60821454544 0.00558445029321628
3070 0.00326658192095034 4477.54766424439 0.0055845507551704
3080 0.00326598642928758 4476.4906340177 0.00558465088078741
3090 0.00326539283218421 4475.43711197943 0.00558475067093537
3100 0.00326480112340392 4474.38708654288 0.00558485012644582
3110 0.00326421129683588 4473.34054637415 0.00558494924811977
3120 0.00326362334616241 4472.29747969086 0.00558504803682993
3130 0.00326303726512159 4471.25787481561 0.00558514649344025
3140 0.00326245304749499 4470.22172014975 0.0055852446188098
3150 0.00326187068736195 4469.18900471013 0.00558534241371424
3160 0.00326129017875872 4468.1597174112 0.00558543987895027
3170 0.00326071151569267 4467.13384709589 0.00558553701533082
3180 0.00326013469227016 4466.11138280232 0.00558563382364696
3190 0.00325955970249756 4465.09231334793 0.00558573030472757
3200 0.00325898654062315 4464.07662804842 0.00558582645933485
3210 0.00325841520069775 4463.06431579241 0.0055859222882992
3220 0.0032578456769858 4462.05536590609 0.00558601779239341
3230 0.00325727796365863 4461.04976751049 0.00558611297242551
3240 0.00325671205498875 4460.04750992785 0.00558620782918023
3250 0.00325614794529694 4459.04858257054 0.00558630236343507
3260 0.0032555856290718 4458.05297519543 0.0055863965759224
3270 0.00325502510060844 4457.06067714134 0.00558649046744129
3280 0.00325446635455747 4456.07167848353 0.00558658403868922
3290 0.00325390938532121 4455.08596876725 0.00558667729044576
3300 0.00325335418720536 4454.10353732537 0.00558677022352671
3310 0.00325280075473718 4453.12437394378 0.00558686283868802
3320 0.00325224908252885 4452.14846857863 0.0055869551366657
3330 0.00325169916525948 4451.17581131675 0.00558704711818207
3340 0.00325115099765554 4450.20639233469 0.00558713878395162
3350 0.0032506045743095 4449.24020152018 0.00558723013473553
3360 0.00325005988993885 4448.27722901323 0.00558732117126362
3370 0.00324951693940076 4447.31746523745 0.00558741189422957
3380 0.0032489757172838 4446.36090004605 0.00558750230441452
3390 0.0032484362184276 4445.40752380778 0.00558759240253016
3400 0.00324789843774793 4444.45732704279 0.0055876821892709
3410 0.0032473623702804 4443.51030051417 0.00558777166530051
3420 0.00324682801070018 4442.56643422286 0.00558786083139798
3430 0.00324629535414112 4441.62571911971 0.00558794968820963
3440 0.00324576439566143 4440.68814599058 0.00558803823640999
3450 0.00324523513038502 4439.7537057508 0.00558812647665934
3460 0.00324470755319579 4438.82238880614 0.0055882144096964
3470 0.00324418165909133 4437.89418579186 0.00558830203623127
3480 0.00324365744299629 4436.96908718307 0.00558838935700182
3490 0.00324313490029476 4436.04708440563 0.00558847637261298
3500 0.00324261402617731 4435.12816847648 0.00558856308373251
3510 0.00324209481599794 4434.21233074447 0.00558864949098495
3520 0.00324157726487423 4433.29956205944 0.00558873559507091
3530 0.00324106136796112 4432.38985334139 0.00558882139668531
3540 0.00324054712040336 4431.48319548067 0.00558890689653199
3550 0.00324003451768207 4430.57958006325 0.00558899209521803
3560 0.00323952355504088 4429.67899817367 0.00558907699342698
3570 0.00323901422800459 4428.78144147373 0.00558916159176356
3580 0.0032385065321601 4427.88690175091 0.00558924589081747
3590 0.00323800046259872 4426.99536975182 0.00558932989133346
3600 0.00323749601427141 4426.10683596387 0.00558941359408691
3610 0.00323699324428195 4425.22142116607 0.00558949698077269
3620 0.00323649202384481 4424.33885727015 0.00558958008981311
3630 0.00323599240406148 4423.45925145186 0.00558966290518687
3640 0.00323549438695526 4422.58260892476 0.00558974542554882
3650 0.00323499796938855 4421.70892409995 0.0055898276511331
3660 0.00323450314723612 4420.83818931595 0.00558990958248009
3670 0.00323400991612626 4419.97039638909 0.00558999122021028
3680 0.00323351827174153 4419.10553724196 0.00559007256493271
3690 0.00323302820970984 4418.24360367821 0.00559015361727714
3700 0.00323253972564605 4417.3845874667 0.00559023437788252
3710 0.00323205281542983 4416.52848092235 0.00559031484731217
3720 0.00323156747483176 4415.67527612697 0.00559039502616683
3730 0.00323108369960629 4414.8249651243 0.00559047491505602
3740 0.00323060148570268 4413.97754035637 0.00559055451453547
3750 0.00323012082874834 4413.13299359228 0.00559063382526131
3760 0.0032296417245664 4412.29131700107 0.00559071284783573
3770 0.00322916416920763 4411.4525032198 0.00559079158279655
3780 0.00322868815839676 4410.61654420389 0.00559087003078328
3790 0.00322821368814111 4409.78343248906 0.00559094819235531
3800 0.00322774075448186 4408.9531606766 0.00559102606806577
3810 0.00322726935341138 4408.12572126198 0.00559110365848619
3820 0.00322679948076994 4407.30110641981 0.00559118096423783
3830 0.00322633113271875 4406.4793089854 0.00559125798584983
3840 0.00322586430530541 4405.66032155401 0.00559133472388904
3850 0.00322539899449293 4404.84413654006 0.00559141117895183
3860 0.00322493519651672 4404.03074691812 0.00559148735155679
3870 0.00322447290767394 4403.22014578588 0.00559156324220788
3880 0.00322401212418408 4402.41232607638 0.00559163885143561
3890 0.00322355284203996 4401.60728024851 0.005591714179842
3900 0.00322309505751896 4400.80500134515 0.00559178922794814
3910 0.00322263876661395 4400.00548181584 0.00559186399636364
3920 0.00322218396567418 4399.2087148432 0.00559193848559552
3930 0.00322173065093397 4398.41469336848 0.00559201269618829
3940 0.00322127881867191 4397.62341041956 0.00559208662867713
3950 0.00322082846523242 4396.83485915581 0.00559216028358131
3960 0.00322037958691024 4396.04903263105 0.00559223366143778
3970 0.0032199321798964 4395.26592367954 0.00559230676281829
3980 0.003219486240614 4394.485525611 0.00559237958822906
3990 0.00321904176540975 4393.70783157371 0.0055924521382022
4000 0.00321859875086775 4392.93283520224 0.00559252441320265
4010 0.00321815719340104 4392.16052977449 0.00559259641374926
4020 0.00321771708959274 4391.39090891527 0.0055926681403138
4030 0.00321727843588707 4390.62396595897 0.0055927395934125
4040 0.00321684122871511 4389.85969420918 0.00559281077356863
4050 0.00321640546450111 4389.09808695094 0.00559288168131111
4060 0.00321597113991664 4388.33913797636 0.0055929523170984
4070 0.00321553825153731 4387.58284087624 0.00559302268142042
4080 0.00321510679579521 4386.82918894179 0.0055930927748128
4090 0.00321467676928477 4386.07817579426 0.00559316259776665
4100 0.00321424816860385 4385.32979505938 0.00559323215077472
4110 0.00321382099026531 4384.58404018415 0.00559330143435806
4120 0.00321339523092701 4383.8409049106 0.00559337044899791
4130 0.00321297088712758 4383.10038273182 0.00559343919521378
4140 0.00321254795563516 4382.36246761024 0.0055935076734603
4150 0.00321212643342529 4381.62715393242 0.00559357588413347
4160 0.00321170631711687 4380.89443534812 0.00559364382773728
4170 0.00321128760317251 4380.16430518039 0.00559371150482558
4180 0.00321087028863118 4379.4367579358 0.00559377891578463
4190 0.00321045437041205 4378.7117878729 0.00559384606103811
4200 0.00321003984490461 4377.98938815482 0.00559391294117001
4210 0.00320962670898845 4377.26955295004 0.00559397955662239
4220 0.00320921495955446 4376.55227644698 0.00559404590783681
4230 0.00320880459356627 4375.83755298186 0.00559411199523553
4240 0.00320839560786078 4375.12537662556 0.00559417781928171
4250 0.00320798799936487 4374.41574163213 0.00559424338041413
4260 0.00320758176470441 4373.70864163178 0.00559430867916399
4270 0.00320717690098071 4373.00407123013 0.00559437371592447
4280 0.00320677340525291 4372.3020249443 0.00559443849110336
4290 0.00320637127432337 4371.60249675945 0.00559450300518734
4300 0.00320597050515055 4370.90548097867 0.00559456725861974
4310 0.00320557109476915 4370.21097205857 0.00559463125182408
4320 0.00320517304053632 4369.51896511704 0.00559469498513065
4330 0.00320477633923744 4368.8294540936 0.00559475845904128
4340 0.00320438098793293 4368.14243348992 0.0055948216739793
4350 0.00320398698381204 4367.45789806936 0.00559488463033263
4360 0.00320359432393712 4366.77584233276 0.00559494732852874
4370 0.00320320300537598 4366.09626078885 0.00559500976899625
4380 0.00320281302523266 4365.41914801814 0.00559507195215554
4390 0.00320242438059698 4364.74449856978 0.00559513387843342
4400 0.00320203706873823 4364.07230735794 0.00559519554820659
4410 0.00320165108694552 4363.40256933609 0.00559525696184772
4420 0.00320126643217483 4362.73527877111 0.00559531811983021
4430 0.00320088310152725 4362.07043022458 0.00559537902258735
4440 0.00320050109240479 4361.40801887313 0.00559543967046607
4450 0.00320012040181393 4360.74803908035 0.00559550006393173
4460 0.00319974102710062 4360.09048590236 0.00559556020335267
4470 0.00319936296574588 4359.43535467112 0.00559562008905915
4480 0.00319898621484275 4358.78263992078 0.00559567972149783
4490 0.00319861077166638 4358.13233655576 0.00559573910106437
4500 0.00319823663375584 4357.48444001933 0.00559579822807895
4510 0.00319786379861391 4356.83894567861 0.00559585710287431
4520 0.00319749226339819 4356.19584819159 0.00559591572588669
4530 0.0031971220254234 4355.55514253455 0.00559597409750892
4540 0.00319675308203461 4354.91682374455 0.00559603221812673
4550 0.00319638543038456 4354.28088646227 0.00559609008818463
4560 0.00319601906807367 4353.64732624269 0.00559614770799792
4570 0.00319565399242984 4353.01613808159 0.00559620507796358
4580 0.00319529020076498 4352.38731693933 0.00559626219848566
4590 0.0031949276906112 4351.76085822461 0.00559631906990577
4600 0.00319456645943851 4351.13675721787 0.00559637569258541
4610 0.00319420650467293 4350.51500910671 0.00559643206690132
4620 0.00319384782393203 4349.89560946878 0.00559648819317606
4630 0.00319349041492707 4349.27855407226 0.00559654407170625
4640 0.00319313427493536 4348.66383779559 0.00559659970291781
4650 0.0031927794014297 4348.05145591343 0.00559665508718205
4660 0.00319242579225011 4347.44140445143 0.00559671022476375
4670 0.00319207344479256 4346.83367852478 0.00559676511605999
4680 0.00319172235645853 4346.22827325742 0.00559681976146842
4690 0.00319137252495994 4345.62518440624 0.00559687416129765
4700 0.00319102394781431 4345.02440732952 0.00559692831591479
4710 0.00319067662256739 4344.42593744093 0.00559698222568085
4720 0.00319033054685712 4343.82977034044 0.00559703589093178
4730 0.0031899857181906 4343.23590135933 0.00559708931204355
4740 0.00318964213442662 4342.64432654507 0.00559714248929122
4750 0.00318929979307971 4342.0550412413 0.00559719542305196
4760 0.00318895869165769 4341.46804077482 0.0055972481137073
4770 0.00318861882818294 4340.88332152236 0.00559730056148971
4780 0.00318828020004781 4340.30087857255 0.00559735276681766
4790 0.00318794280492795 4339.72070759004 0.00559740473002888
4800 0.00318760664052506 4339.14280429124 0.00559745645145517
4810 0.00318727170474386 4338.56716480535 0.00559750793137068
4820 0.0031869379953318 4337.99378493986 0.00559755917009685
4830 0.00318660551004306 4337.42266051317 0.0055976101679554
4840 0.00318627424664153 4336.85378736289 0.00559766092526649
4850 0.00318594420295209 4336.28716144866 0.0055977114423345
4860 0.00318561537641214 4335.72277793854 0.00559776171957856
4870 0.00318528776516581 4335.16063343975 0.00559781175721337
4880 0.00318496136670511 4334.60072322931 0.0055978615556452
4890 0.00318463617893286 4334.04304341946 0.00559791111516245
4900 0.00318431219979738 4333.48759021371 0.00559796043604187
4910 0.00318398942714395 4332.93435960513 0.00559800951859144
4920 0.00318366785859326 4332.38334712617 0.00559805836318682
4930 0.0031833474923113 4331.8345494198 0.00559810697004601
4940 0.00318302832606997 4331.28796232487 0.00559815533950333
4950 0.00318271035774676 4330.74358189323 0.00559820347186418
4960 0.00318239358527622 4330.20140429188 0.00559825136741878
4970 0.00318207800674637 4329.66142599912 0.00559829902641413
4980 0.00318176361977018 4329.12364252445 0.00559834644923715
4990 0.00318145042249072 4328.58805045469 0.00559839363612224
5000 0.00318113841295422 4328.05464617924 0.00559844058733302
5010 0.00318082758917726 4327.52342602575 0.00559848730314326
5020 0.00318051794877068 4326.99438549349 0.00559853378394686
5030 0.00318020948998278 4326.46752137832 0.0055985800299535
5040 0.00317990221098061 4325.94283031034 0.00559862604139757
5050 0.00317959610956895 4325.42030818009 0.0055986718186208
5060 0.00317929118388425 4324.89995155237 0.00559871736186959
5070 0.00317898743170862 4324.38175626895 0.00559876267149529
5080 0.00317868485108381 4323.86571869859 0.00559880774777513
5090 0.00317838344001306 4323.35183513068 0.00559885259099892
5100 0.00317808319662118 4322.84010210062 0.00559889720142256
5110 0.00317778411900507 4322.33051608616 0.00559894157931131
5120 0.00317748620514992 4321.82307333618 0.00559898572496455
5130 0.00317718945304715 4321.31777011093 0.00559902963868129
5140 0.0031768938612491 4320.81460381 0.00559907332059886
5150 0.00317659942777943 4320.31357075837 0.00559911677100897
5160 0.0031763061506761 4319.81466730688 0.00559915999020145
5170 0.00317601402819017 4319.31789023954 0.00559920297840505
5180 0.00317572305821315 4318.82323560785 0.00559924573595464
5190 0.00317543323918337 4318.33070057349 0.00559928826302754
5200 0.00317514456893288 4317.84028106533 0.0055993305599784
5210 0.00317485704606711 4317.35197458206 0.00559937262693877
5220 0.00317457066861672 4316.86577745453 0.00559941446420796
5230 0.00317428543455986 4316.38168590468 0.0055994560721024
5240 0.00317400134223382 4315.89969688301 0.00559949745083547
5250 0.0031737183900179 4315.4198074249 0.00559953860060939
5260 0.00317343657585863 4314.94201368542 0.00559957952175341
5270 0.00317315589831518 4314.46631306228 0.00559962021442044
5280 0.00317287635567689 4313.99270240541 0.00559966067884241
5290 0.00317259794592377 4313.52117793452 0.00559970091534283
5300 0.0031723206674657 4313.05173674118 0.00559974092412161
5310 0.00317204451864642 4312.58437578249 0.0055997807053988
5320 0.00317176949742208 4312.11909122671 0.00559982025950856
5330 0.00317149560230725 4311.65588037473 0.00559985958662427
5340 0.00317122283159957 4311.19474008696 0.00559989868698306
5350 0.00317095118370006 4310.73566743195 0.00559993756079362
5360 0.00317068065694817 4310.27865935291 0.00559997620828342
5370 0.00317041124936146 4309.82371213826 0.0056000146297748
5380 0.00317014295970439 4309.37082359101 0.00560005282537468
5390 0.0031698757863218 4308.91999066278 0.00560009079531241
5400 0.00316960972757295 4308.47121033287 0.00560012853981461
5410 0.00316934478165401 4308.02447924867 0.00560016605915642
5420 0.00316908094704749 4307.57979463759 0.00560020335353112
5430 0.00316881822227398 4307.13715380344 0.00560024042312205
5440 0.00316855660569146 4306.69655371978 0.00560027726816063
5450 0.00316829609578022 4306.25799160655 0.00560031388884428
5460 0.00316803669071939 4305.82146407272 0.00560035028545866
5470 0.00316777838913213 4305.38696862618 0.00560038645816206
5480 0.00316752118958238 4304.95450265427 0.00560042240713089
5490 0.00316726509048104 4304.52406323336 0.00560045813258691
5500 0.00316701009023251 4304.09564742582 0.00560049363475492
5510 0.00316675618733584 4303.66925248447 0.00560052891383361
5520 0.00316650338018875 4303.24487545665 0.00560056397005183
5530 0.00316625166733273 4302.82251367939 0.00560059880359824
5540 0.00316600104730385 4302.40216447891 0.00560063341466371
5550 0.0031657515187582 4301.98382542308 0.00560066780340576
5560 0.00316550307986488 4301.56749309311 0.00560070197012359
5570 0.00316525572905576 4301.15316460062 0.00560073591504195
5580 0.00316500946489304 4300.74083732107 0.00560076963834867
5590 0.00316476428594797 4300.33050864723 0.00560080314023011
5600 0.00316452019077643 4299.92217594042 0.00560083642087789
5610 0.00316427717810789 4299.51583691256 0.00560086948043457
5620 0.00316403524640365 4299.11148873205 0.00560090231912116
5630 0.00316379439442263 4298.70912916874 0.00560093493707377
5640 0.00316355462082732 4298.30875579697 0.00560096733445723
5650 0.00316331592424287 4297.91036611469 0.0056009995114482
5660 0.00316307830316019 4297.51395734731 0.00560103146826316
5670 0.00316284175617208 4297.11952692575 0.00560106320509019
5680 0.00316260628183563 4296.72707220774 0.00560109472212874
5690 0.00316237187875543 4296.33659064656 0.00560112601956551
5700 0.00316213854549483 4295.94807961145 0.00560115709760003
5710 0.00316190628065084 4295.56153653886 0.00560118795642322
5720 0.00316167508295496 4295.17695913677 0.00560121859618802
5730 0.00316144495125398 4294.79434534603 0.00560124901701493
5740 0.00316121588433173 4294.41369297949 0.00560127921904353
5750 0.00316098788073396 4294.03499936792 0.00560130920248304
5760 0.00316076093889358 4293.65826161243 0.00560133896757658
5770 0.00316053505774889 4293.28347783611 0.00560136851442209
5780 0.0031603102359729 4292.91064562469 0.00560139784319511
5790 0.00316008647211259 4292.53976230903 0.00560142695410822
5800 0.00315986376494943 4292.17082569271 0.00560145584730762
5810 0.00315964211320754 4291.8038334631 0.0056014845229568
5820 0.00315942151583981 4291.43878376958 0.00560151298115411
5830 0.00315920197149543 4291.0756741473 0.00560154122208625
5840 0.00315898347893056 4290.7145023465 0.00560156924591023
5850 0.00315876603672353 4290.35526575779 0.00560159705283511
5860 0.00315854964369756 4289.99796226546 0.00560162464300047
5870 0.0031583342986763 4289.64258975489 0.00560165201654633
5880 0.00315812000055374 4289.28914625254 0.00560167917359351
5890 0.00315790674809533 4288.93762952522 0.00560170611430046
5900 0.00315769453979224 4288.58803678425 0.00560173283890595
5910 0.00315748337464868 4288.24036627691 0.00560175934750172
5920 0.00315727325144204 4287.89461579244 0.00560178564024543
5930 0.00315706416885191 4287.55078292149 0.005601811717324
5940 0.00315685612579823 4287.20886573936 0.00560183757885606
5950 0.00315664912123364 4286.86886238774 0.00560186322495132
5960 0.00315644315412161 4286.53077102909 0.00560188865571738
5970 0.0031562382232387 4286.19458944841 0.00560191387131635
5980 0.0031560343275601 4285.86031583071 0.00560193887185418
5990 0.00315583146559492 4285.52794741999 0.00560196365757168
6000 0.00315562963615088 4285.19748206167 0.00560198822862489
6010 0.00315542883823858 4284.86891801062 0.00560201258511214
6020 0.0031552290708657 4284.5422535161 0.00560203672713303
6030 0.00315503033301667 4284.21748677932 0.00560206065479493
6040 0.00315483262373499 4283.89461612087 0.00560208436818875
6050 0.0031546359416701 4283.57363906515 0.00560210786751977
6060 0.00315444028572819 4283.25455365369 0.00560213115292045
6070 0.00315424565479696 4282.93735789075 0.00560215422452917
6080 0.00315405204785714 4282.6220499678 0.00560217708245831
6090 0.00315385946377463 4282.3086278443 0.00560219972685405
6100 0.00315366790147107 4281.99708959156 0.00560222215784736
6110 0.00315347735985781 4281.68743325979 0.00560224437557295
6120 0.00315328783776323 4281.379656731 0.0056022663801903
6130 0.00315309933435759 4281.07375857688 0.00560228817176116
6140 0.00315291184875384 4280.76973725333 0.00560230975036438
6150 0.00315272537991401 4280.46759091127 0.00560233111612304
6160 0.00315253992677713 4280.16731765466 0.00560235226916765
6170 0.00315235548812509 4279.86891527016 0.00560237320967468
6180 0.00315217206301032 4279.57238208925 0.00560239393774371
6190 0.00315198965060993 4279.27771669506 0.00560241445343895
6200 0.00315180824995762 4278.98491738095 0.00560243475686664
6210 0.0031516278600193 4278.69398230345 0.00560245484815314
6220 0.0031514484797123 4278.40490952022 0.00560247472743975
6230 0.0031512701082174 4278.11769761993 0.00560249439479269
6240 0.00315109274446965 4277.83234469551 0.00560251385034947
6250 0.00315091638775171 4277.54884954065 0.00560253309414827
6260 0.0031507410366789 4277.26720960287 0.00560255212642004
6270 0.00315056669056481 4276.98742373698 0.00560257094719572
6280 0.003150393348524 4276.70949039644 0.00560258955656406
6290 0.00315022100964438 4276.43340798072 0.00560260795462216
6300 0.00315004967306255 4276.15917498694 0.00560262614145384
6310 0.0031498793378359 4275.8867897523 0.0056026441171664
6320 0.00314971000279206 4275.61625015083 0.00560266188193374
6330 0.00314954166687439 4275.34755428858 0.00560267943589761
6340 0.0031493743291324 4275.08070048552 0.00560269677916982
6350 0.00314920798891145 4274.81568765772 0.00560271391177774
6360 0.00314904264558847 4274.55251478456 0.00560273083374036
6370 0.00314887829835427 4274.29118047052 0.00560274754513055
6380 0.00314871494600456 4274.03168252319 0.00560276404613562
6390 0.00314855258785728 4273.77401980186 0.00560278033679362
6400 0.00314839122307958 4273.51819086217 0.00560279641718638
6410 0.00314823085091459 4273.26419441219 0.00560281228737469
6420 0.00314807147030072 4273.01202854622 0.00560282794750738
6430 0.00314791308054963 4272.76169210945 0.00560284339762705
6440 0.00314775568115693 4272.513184318 0.00560285863772381
6450 0.00314759927091685 4272.26650297519 0.00560287366798974
6460 0.00314744384915943 4272.02164696231 0.00560288848846413
6470 0.00314728941492762 4271.77861458288 0.00560290309926903
6480 0.00314713596752434 4271.53740466307 0.0056029175004528
6490 0.00314698350636828 4271.2980162626 0.00560293169203087
6500 0.0031468320304604 4271.06044759976 0.00560294567413921
6510 0.00314668153884813 4270.82469698542 0.00560295944690145
6520 0.00314653203080832 4270.59076319241 0.00560297301037586
6530 0.00314638350581308 4270.35864538667 0.00560298636456521
6540 0.00314623596299596 4270.12834205219 0.00560299950957007
6550 0.0031460894016675 4269.89985202899 0.00560301244544088
6560 0.00314594382111534 4269.67317411095 0.00560302517223516
6570 0.00314579922036733 4269.44830656844 0.00560303769008572
6580 0.00314565559872004 4269.22524821257 0.00560304999904889
6590 0.00314551295565556 4269.00399822765 0.0056030620991284
6600 0.00314537129040616 4268.78455529523 0.00560307399040008
6610 0.0031452306023119 4268.56691831334 0.00560308567290958
6620 0.00314509089037278 4268.35108549548 0.00560309714680061
6630 0.00314495215420155 4268.13705628779 0.00560310841204194
6640 0.00314481439290032 4267.92482910908 0.00560311946874912
6650 0.00314467760598425 4267.71440320856 0.00560313031692011
6660 0.00314454179273174 4267.50577735969 0.00560314095662098
6670 0.00314440695252126 4267.29895053622 0.00560315138789005
6680 0.00314427308474288 4267.09392173562 0.00560316161076268
6690 0.00314414018863705 4266.890689654 0.00560317162531771
6700 0.00314400826348028 4266.68925305948 0.00560318143162445
6710 0.00314387730877734 4266.48961117969 0.0056031910296871
6720 0.00314374732363591 4266.29176244295 0.00560320041962439
6730 0.00314361830782741 4266.09570661246 0.00560320960136549
6740 0.00314349026063268 4265.90144246505 0.0056032185749804
6750 0.00314336318119118 4265.70896849276 0.00560322734058034
6760 0.00314323706873034 4265.51828336383 0.00560323589825214
6770 0.00314311192278201 4265.3293863589 0.00560324424799584
6780 0.00314298774283928 4265.14227668082 0.00560325238982305
6790 0.00314286452829294 4264.95695332632 0.00560326032377529
6800 0.00314274227864415 4264.77341551392 0.00560326804986304
6810 0.00314262099345602 4264.59166258681 0.00560327556807949
6820 0.00314250067189261 4264.4116930857 0.0056032828785326
6830 0.00314238131335947 4264.23350603625 0.00560328998126197
6840 0.00314226291716177 4264.05710026221 0.00560329687633645
6850 0.00314214548276712 4263.88247491401 0.00560330356377884
6860 0.00314202900980169 4263.70962946053 0.00560331004356717
6870 0.00314191349748434 4263.5385625521 0.00560331631579644
6880 0.00314179894542914 4263.36927363296 0.00560332238044923
6890 0.0031416853530752 4263.20176179584 0.00560332823755863
6900 0.00314157272002898 4263.03602646951 0.00560333388711043
6910 0.00314146104587445 4262.87206703794 0.00560333932909719
6920 0.0031413503296996 4262.70988188774 0.00560334456365404
6930 0.0031412405711983 4262.54947062272 0.0056033495907435
6940 0.00314113176993039 4262.39083257803 0.00560335441036661
6950 0.00314102392524527 4262.2339666652 0.00560335902258536
6960 0.00314091703685273 4262.07887252031 0.00560336342735905
6970 0.0031408111041117 4261.92554907412 0.00560336762474785
6980 0.00314070612649799 4261.77399549218 0.00560337161477908
6990 0.00314060210343711 4261.62421083878 0.00560337539749495
7000 0.00314049903469651 4261.47619486519 0.00560337897284044
7010 0.00314039691972772 4261.32994668812 0.00560338234085125
7020 0.00314029575819359 4261.18546584868 0.00560338550150319
7030 0.00314019554972381 4261.04275182133 0.00560338845478204
7040 0.00314009629382685 4260.90180383711 0.00560339120070866
7050 0.00313999799005537 4260.76262121536 0.00560339373929194
7060 0.00313990063798886 4260.62520332955 0.0056033960705335
7070 0.0031398042370519 4260.48954924192 0.00560339819447969
7080 0.00313970878675312 4260.35565818317 0.00560340011115353
7090 0.00313961428649657 4260.22352917408 0.00560340182060827
7100 0.00313952073592384 4260.09316171239 0.00560340332282989
7110 0.00313942813458652 4259.96455511501 0.00560340461783055
7120 0.00313933648238518 4259.83770939986 0.00560340570552314
7130 0.00313924577898325 4259.7126241091 0.00560340658588855
7140 0.00313915602376738 4259.58929822826 0.00560340725898751
7150 0.00313906721668746 4259.46773187433 0.0056034077247202
7160 0.00313897935722266 4259.34792421882 0.0056034079831218
7170 0.00313889244481781 4259.22987436461 0.00560340803423761
7180 0.00313880647936839 4259.11358231882 0.00560340787798501
7190 0.00313872146036893 4258.99904728405 0.0056034075143961
7200 0.00313863738752655 4258.88626888947 0.00560340694344285
7210 0.00313855426056445 4258.7752467966 0.00560340616509309
7220 0.00313847207906254 4258.66598037947 0.00560340517935592
7230 0.00313839084301308 4258.55846983959 0.00560340398612339
7240 0.00313831055191557 4258.45271438979 0.00560340258542838
7250 0.00313823120515355 4258.3487130096 0.00560340097733756
7260 0.00313815280220741 4258.24646487249 0.00560339916189062
7270 0.00313807534319985 4258.14597044202 0.00560339713894416
7280 0.00313799882796789 4258.04722960859 0.00560339490843663
7290 0.00313792325618738 4257.95024193872 0.00560339247035303
7300 0.00313784862768783 4257.85500730766 0.00560338982463489
7310 0.00313777494201469 4257.76152502029 0.00560338697130532
7320 0.0031377021985608 4257.66979407506 0.00560338391043149
7330 0.00313763039707701 4257.57981418884 0.00560338064197894
7340 0.00313755953749546 4257.49158544289 0.00560337716586181
7350 0.00313748961932684 4257.40510707228 0.00560337348211497
7360 0.00313742064244597 4257.3203790432 0.00560336959066982
7370 0.00313735260643844 4257.23740074116 0.00560336549154077
7380 0.00313728551130192 4257.15617237897 0.00560336118462506
7390 0.00313721935666729 4257.07669343332 0.00560335666992499
7400 0.00313715414251515 4256.99896408279 0.00560335194734358
7410 0.00313708986864592 4256.92298414465 0.00560334701683557
7420 0.00313702653488595 4256.8487534881 0.0056033418783488
7430 0.003136964140779 4256.77627141542 0.00560333653191208
7440 0.00313690268568746 4256.70553686472 0.00560333097760648
7450 0.00313684216958632 4256.63655000289 0.00560332521533912
7460 0.00313678259265471 4256.56931140751 0.00560331924495893
7470 0.00313672395455182 4256.50382061295 0.00560331306646344
7480 0.00313666625518727 4256.44007765579 0.00560330667977943
7490 0.00313660949439407 4256.3780824191 0.00560330008485586
7500 0.00313655367183648 4256.31783444744 0.0056032932816902
7510 0.00313649878760449 4256.25933413954 0.0056032862701591
7520 0.00313644484127163 4256.20258085819 0.00560327905028669
7530 0.00313639183278443 4256.14757471447 0.00560327162199135
7540 0.00313633976190723 4256.09431545403 0.00560326398524375
7550 0.00313628862848309 4256.04280298075 0.00560325613999249
7560 0.00313623843237366 4255.99303723557 0.00560324808618144
7570 0.00313618917355159 4255.94501838257 0.0056032398237231
7580 0.00313614085172454 4255.89874605429 0.00560323135260589
7590 0.00313609346700325 4255.85422069152 0.00560322267270406
7600 0.00313604701936511 4255.81144246864 0.00560321378392981
7610 0.00313600150856701 4255.77041111711 0.00560320468625885
7620 0.00313595693456709 4255.73112677233 0.00560319537960996
7630 0.00313591329710256 4255.69358912678 0.00560318586396519
7640 0.00313587059633705 4255.65779872811 0.0056031761391857
7650 0.00313582883217018 4255.62375559519 0.00560316620520793
7660 0.00313578800419191 4255.59145912525 0.00560315606205721
7670 0.00313574811230631 4255.56090934577 0.00560314570966979
7680 0.00313570915669045 4255.53210683205 0.00560313514790457
7690 0.00313567113718538 4255.50505148574 0.00560312437671642
7700 0.00313563405378234 4255.47974350973 0.00560311339601795
7710 0.00313559790636248 4255.45618288641 0.00560310220575341
7720 0.00313556269473248 4255.43436944856 0.00560309080588884
7730 0.00313552841901333 4255.41430365994 0.00560307919630102
7740 0.00313549507886542 4255.39598506023 0.00560306737699843
7750 0.00313546267471762 4255.37941473091 0.00560305534777106
7760 0.0031354312063582 4255.36459246902 0.00560304310859155
7770 0.00313540067361073 4255.35151814203 0.0056030306594231
7780 0.00313537107654767 4255.34019211709 0.00560301800015835
7790 0.00313534241501731 4255.33061431178 0.00560300513075416
7800 0.0031353146892992 4255.32278550875 0.00560299205104512
7810 0.00313528789934876 4255.31670584116 0.00560297876095824
7820 0.00313526204527931 4255.31237575873 0.00560296526037613
7830 0.003135237127169 4255.30979564096 0.00560295154919176
7840 0.0031352131447903 4255.30896525448 0.00560293762738545
7850 0.003135190098293 4255.30988512266 0.00560292349483064
7860 0.00313516798767566 4255.31255546584 0.00560290915144414
7870 0.00313514681309537 4255.31697682255 0.00560289459709805
7880 0.00313512657476565 4255.32314984476 0.00560287983164875
7890 0.00313510727221745 4255.33107381597 0.0056028648551471
7900 0.00313508890568243 4255.34074942425 0.0056028496674454
7910 0.00313507147541993 4255.35217741419 0.00560283426838811
7920 0.00313505498144788 4255.36535804639 0.00560281865788878
7930 0.00313503942387348 4255.38029176056 0.00560280283583602
7940 0.00313502480283439 4255.39697905787 0.00560278680211007
7950 0.0031350111178861 4255.41541927199 0.00560277055675724
7960 0.00313499836969232 4255.43561395899 0.00560275409950914
7970 0.00313498655827793 4255.45756339482 0.00560273743027915
7980 0.00313497568358805 4255.48126769519 0.00560272054900388
7990 0.00313496574594245 4255.50672772745 0.00560270345551379
8000 0.00313495674515186 4255.53394333848 0.0056026861497844
8010 0.00313494868175817 4255.56291584123 0.0056026686315839
8020 0.00313494155584826 4255.59364563718 0.00560265090080989
8030 0.00313493536755217 4255.62613321414 0.00560263295734831
8040 0.0031349301168233 4255.66037870604 0.00560261480113564
8050 0.00313492580401153 4255.69638304198 0.00560259643199609
8060 0.0031349224290086 4255.73414623284 0.00560257784988438
8070 0.00313491999198747 4255.77366885337 0.0056025590546758
8080 0.00313491849323479 4255.81495170672 0.00560254004621363
8090 0.00313491793310814 4255.85799573863 0.00560252082432135
8100 0.00313491831172719 4255.90280141821 0.00560250138889032
8110 0.00313491962888478 4255.94936855912 0.00560248173990534
8120 0.00313492188485299 4255.99769793621 0.00560246187721541
8130 0.00313492507974218 4256.04779000027 0.00560244180071586
8140 0.00313492921389369 4256.09964566586 0.00560242151023665
8150 0.00313493428784218 4256.15326623528 0.00560240100555324
8160 0.00313494030132692 4256.20865141656 0.00560238028666732
8170 0.00313494725486831 4256.26580248385 0.00560235935335923
8180 0.00313495514852874 4256.32471979334 0.00560233820553972
8190 0.00313496398274598 4256.38540445435 0.00560231684301325
8200 0.00313497375768941 4256.44785703833 0.00560229526566087
8210 0.00313498447364395 4256.51207834859 0.00560227347333124
8220 0.00313499613082503 4256.57806904959 0.00560225146589305
8230 0.00313500872915449 4256.64582921699 0.00560222924329892
8240 0.00313502226923455 4256.7153602912 0.00560220680530854
8250 0.00313503675156103 4256.78666349982 0.00560218415171207
8260 0.00313505217618237 4256.8597391739 0.00560216128242703
8270 0.00313506854327589 4256.93458790249 0.00560213819733504
8280 0.00313508585331445 4257.01121086802 0.00560211489623395
8290 0.00313510410677615 4257.08960926382 0.00560209137892046
8300 0.00313512330378143 4257.16978356636 0.00560206764529324
8310 0.00313514344445417 4257.25173425926 0.00560204369525035
8320 0.00313516452899246 4257.33546197493 0.00560201952866932
8330 0.00313518655788499 4257.42096792901 0.00560199514534543
8340 0.00313520953151914 4257.50825313456 0.00560197054510303
8350 0.00313523345013816 4257.59731831592 0.00560194572780776
8360 0.00313525831425986 4257.68816474808 0.00560192069324782
8370 0.00313528412454038 4257.78079398408 0.00560189544117237
8380 0.00313531088092977 4257.87520616162 0.0056018699715313
8390 0.00313533858384803 4257.97140236041 0.00560184428414175
8400 0.00313536723362606 4258.06938348232 0.00560181837884635
8410 0.0031353968308122 4258.16915086539 0.00560179225542647
8420 0.00313542737583657 4258.2707056112 0.00560176591369731
8430 0.00313545886882464 4258.37404821072 0.0056017393535609
8440 0.00313549131020054 4258.47917975387 0.00560171257483505
8450 0.00313552470032708 4258.58610120816 0.00560168557735525
8460 0.0031355590395458 4258.69481349875 0.00560165836096342
8470 0.00313559432834179 4258.80531783902 0.00560163092546115
8480 0.00313563056728061 4258.91761560435 0.00560160327062743
8490 0.00313566775670175 4259.03170771681 0.00560157539630596
8500 0.00313570589711865 4259.14759544803 0.00560154730229128
8510 0.00313574498877873 4259.26527953626 0.00560151898845393
8520 0.00313578503219324 4259.38476124917 0.00560149045458996
8530 0.00313582602803882 4259.50604218672 0.00560146170044883
8540 0.00313586797694913 4259.62912386314 0.00560143272579253
8550 0.00313591087913418 4259.75400694346 0.0056014035305036
8560 0.00313595473497377 4259.88069243325 0.00560137411441694
8570 0.00313599954482631 4260.00918129563 0.00560134447737387
8580 0.00313604530950444 4260.13947540521 0.00560131461908721
8590 0.00313609202925692 4260.27157550627 0.00560128453943004
8600 0.00313613970480076 4260.40548328221 0.00560125423814315
8610 0.00313618833664417 4260.54119999848 0.00560122371502681
8620 0.0031362379249894 4260.67872630707 0.0056011929699685
8630 0.00313628847083618 4260.81806445967 0.00560116200263002
8640 0.00313633997439759 4260.95921513113 0.00560113081289643
8650 0.00313639243628017 4261.10217978537 0.00560109940054179
8660 0.00313644585696105 4261.24695962737 0.00560106776537717
8670 0.00313650023697266 4261.39355597335 0.0056010359071984
8680 0.00313655557686083 4261.54197016687 0.00560100382579786
8690 0.00313661187722769 4261.6922036646 0.00560097152095247
8700 0.00313666913882704 4261.84425822834 0.00560093899239635
8710 0.00313672736219682 4261.99813518702 0.00560090623992535
8720 0.00313678654785602 4262.15383583232 0.00560087326334093
8730 0.0031368466959355 4262.31136067711 0.00560084006255527
8740 0.00313690780744776 4262.4707120034 0.00560080663723093
8750 0.00313696988322286 4262.63189172801 0.00560077298708244
8760 0.0031370329236509 4262.79490088569 0.00560073911194946
8770 0.00313709692953455 4262.95974133885 0.00560070501155524
8780 0.00313716190154137 4263.12641467954 0.00560067068566167
8790 0.0031372278402078 4263.29492223734 0.00560063613406813
8800 0.00313729474620822 4263.4652656186 0.00560060135653548
8810 0.00313736261994359 4263.63744588193 0.00560056635290235
8820 0.00313743146200108 4263.81146445954 0.00560053112295514
8830 0.00313750127339682 4263.98732364472 0.0056004956663591
8840 0.00313757205463679 4264.16502470827 0.00560045998292422
8850 0.00313764380641852 4264.34456930522 0.00560042407240688
8860 0.00313771652932597 4264.52595886323 0.00560038793459601
8870 0.00313779022452478 4264.70919597751 0.00560035156911613
8880 0.00313786489206746 4264.89428101074 0.00560031497590742
8890 0.0031379405331448 4265.0812166091 0.00560027815458831
8900 0.00313801714849897 4265.27000451988 0.00560024110490445
8910 0.00313809473891596 4265.46064657848 0.0056002038265896
8920 0.00313817330463816 4265.65314353001 0.00560016631953197
8930 0.00313825284671649 4265.84749774203 0.00560012858339127
8940 0.00313833336584163 4266.04371085995 0.00560009061792959
8950 0.00313841486262674 4266.24178437423 0.00560005242293138
8960 0.00313849733801842 4266.4417204446 0.00560001399808718
8970 0.00313858079301118 4266.64352132755 0.00559997534307434
8980 0.0031386652282425 4266.84718856386 0.0055999364576717
8990 0.00313875064460534 4267.05272420694 0.00559989734158635
9000 0.00313883704243065 4267.26012918317 0.00559985799468488
9010 0.00313892442247474 4267.46940527238 0.00559981841671407
9020 0.00313901278539751 4267.68055406166 0.00559977860744834
9030 0.00313910213246378 4267.89357835254 0.00559973856649133
9040 0.00313919246489685 4268.10848086411 0.00559969829345871
9050 0.0031392837831208 4268.32526271187 0.00559965778819296
9060 0.00313937608778561 4268.54392546463 0.00559961705047324
9070 0.00313946938002789 4268.76447166845 0.00559957607994138
9080 0.00313956366090756 4268.98690371635 0.00559953487626122
9090 0.00313965893124455 4269.21122351981 0.00559949343916516
9100 0.00313975519171093 4269.43743269414 0.00559945176842788
9110 0.00313985244317108 4269.66553324075 0.00559940986377022
9120 0.00313995068649422 4269.89552717124 0.00559936772491212
9130 0.00314004992303649 4270.12741747537 0.00559932535143611
9140 0.0031401501533793 4270.3612055882 0.00559928274314444
9150 0.00314025137862393 4270.59689398846 0.00559923989969294
9160 0.00314035359996674 4270.83448534675 0.00559919682071078
9170 0.00314045681785678 4271.07398083342 0.00559915350603931
9180 0.0031405610330442 4271.31538222354 0.00559910995543522
9190 0.00314066624675301 4271.55869224398 0.00559906616852165
9200 0.00314077246044419 4271.80391409831 0.005599022144855
9210 0.00314087967445786 4272.05104873999 0.0055989778843094
9220 0.00314098788984098 4272.3000985415 0.00559893338655977
9230 0.0031410971079305 4272.55106645851 0.00559888865119927
9240 0.00314120732924871 4272.80395381133 0.00559884367805216
9250 0.00314131855517314 4273.05876363761 0.00559879846670134
9260 0.00314143078643279 4273.31549767349 0.00559875301691368
9270 0.00314154402421101 4273.57415856762 0.00559870732832811
9280 0.00314165826962215 4273.83474883065 0.00559866140060362
9290 0.00314177352363057 4274.09727067247 0.00559861523344218
9300 0.0031418897868755 4274.36172565009 0.00559856882663839
9310 0.00314200706086789 4274.6281170716 0.00559852217974085
9320 0.00314212534665043 4274.89644730547 0.00559847529243104
9330 0.00314224464510313 4275.16671839329 0.00559842816443726
9340 0.003142364957263 4275.43893269269 0.00559838079544384
9350 0.0031424862844753 4275.71309318045 0.00559833318504866
9360 0.0031426086276784 4275.98920201674 0.00559828533296518
9370 0.00314273198810067 4276.26726194453 0.00559823723882549
9380 0.00314285636693378 4276.54727563317 0.00559818890227279
9390 0.00314298176572658 4276.82924647045 0.00559814032284965
9400 0.00314310818536298 4277.11317650855 0.00559809150028745
9410 0.00314323562684851 4277.39906804383 0.00559804243428395
9420 0.00314336409122556 4277.68692344713 0.0055979931245271
9430 0.00314349357961825 4277.97674525389 0.00559794357068232
9440 0.00314362409355781 4278.26853681762 0.00559789377230069
9450 0.00311364958330481 4272.00249938747 0.00558277179509078
9460 0.00311379335023991 4272.30836831011 0.00558272448341168
9470 0.0031139377756051 4272.61558172253 0.00558267698560496
9480 0.00311408310914797 4272.92464393479 0.00558262923135795
9490 0.00311422934393554 4273.23554122169 0.00558258122260914
9500 0.00311437646714584 4273.54824796876 0.00558253296295487
9510 0.00311452445026798 4273.86270688509 0.0055824844604083
9520 0.00311467324903566 4274.17882886127 0.00558243572741844
9530 0.00311482281189483 4274.49651005731 0.00558238677848679
9540 0.00311497308717807 4274.81564638467 0.00558233762814774
9550 0.00311512402706367 4275.13614150007 0.00558228828985396
9560 0.00311527558830528 4275.45790828061 0.00558223877577092
9570 0.00311542773267359 4275.78086971796 0.00558218909665238
9580 0.00311558042571488 4276.10495641358 0.00558213926218987
9590 0.00311573363604437 4276.43010515342 0.00558208928121148
9600 0.00311588733518941 4276.75625859264 0.00558203916172601
9610 0.00311604149737455 4277.08336482294 0.00558198891098339
9620 0.00311619609872803 4277.41137577105 0.00558193853569802
9630 0.00311635112132263 4277.74025536225 0.00558188804091096
9640 0.0031165065530554 4278.06997928057 0.00558183743002364
9650 0.00311666237666755 4278.40051278918 0.00558178670788953
9660 0.00311681857503554 4278.73182141764 0.00558173587932431
9670 0.00311697513253033 4279.06387370805 0.00558168494872321
9680 0.0031171320350553 4279.39664129258 0.00558163392005021
9690 0.00311728926976878 4279.73009833352 0.00558158279691619
9700 0.00311744682508838 4280.06422153262 0.00558153158257765
9710 0.00311760469022503 4280.39898919015 0.00558148028006793
9720 0.00311776285510215 4280.73438104188 0.00558142889221991
9730 0.00311792131120585 4281.07037997784 0.0055813774214266
9740 0.00311808005062707 4281.40697010712 0.00558132586991082
9750 0.00311823906620801 4281.74413705402 0.005581274239684
9760 0.00311839835153824 4282.08186795074 0.00558122253254719
9770 0.00311855790084211 4282.42015121004 0.00558117075012282
9780 0.00311871770879338 4282.75897615098 0.00558111889390681
9790 0.00311887777067855 4283.09833332919 0.00558106696522266
9800 0.00311903808223264 4283.43821420521 0.0055810149652676
9810 0.00311919863981823 4283.77861150686 0.00558096289506218
9820 0.00311935943966783 4284.11951769742 0.00558091075566367
9830 0.00311952047851805 4284.46092625805 0.00558085854798743
9840 0.0031196817536425 4284.80283175463 0.00558080627279759
9850 0.00311984326260131 4285.14522933132 0.00558075393077765
9860 0.00312000500297202 4285.48811416669 0.00558070152260625
9870 0.00312016697235887 4285.83148149224 0.00558064904895454
9880 0.00312032916907792 4286.17532797838 0.00558059651029321
9890 0.0031204915912672 4286.51964993482 0.00558054390714312
9900 0.00312065423771346 4286.86444498285 0.00558049123984243
9910 0.0031208171071301 4287.20971059489 0.00558043850874996
9920 0.00312098019833307 4287.55544445041 0.0055803857141957
9930 0.00312114351024444 4287.90164444323 0.00558033285647972
9940 0.00312130704185682 4288.24830860943 0.00558027993588227
9950 0.0031214707921972 4288.59543505439 0.0055802269526739
9960 0.0031216347607006 4288.94302270882 0.00558017390701025
9970 0.00312179894645168 4289.29106979421 0.00558012079914566
9980 0.0031219633489107 4289.639575292 0.00558006762922864
9990 0.00312212796766324 4289.98853843701 0.00558001439737245
10000 0.00312229280221752 4290.33795830748 0.00557996110371211
10010 0.00312245785197518 4290.68783376575 0.00557990774841268
10020 0.00312262311676663 4291.03816454193 0.00557985433151843
10030 0.0031227885961657 4291.3889498468 0.00557980085314592
10040 0.00312295428971004 4291.74018881772 0.00557974731342189
10050 0.00312312019733057 4292.0918813882 0.00557969371236231
10060 0.00312328631901188 4292.44402760045 0.005579640049968
10070 0.00312345265459678 4292.79662720973 0.0055795863262797
10080 0.00312361920384643 4293.14967980599 0.0055795325413612
10090 0.00312378596676025 4293.50318546162 0.00557947869520913
10100 0.00312395294350125 4293.85714458042 0.00557942478777401
