/*--------------------------------*- C++ -*----------------------------------*\
| =========                 |                                                 |
| \\      /  F ield         | OpenFOAM: The Open Source CFD Toolbox           |
|  \\    /   O peration     | Version:  4.x                                   |
|   \\  /    A nd           | Web:      www.OpenFOAM.org                      |
|    \\/     M anipulation  |                                                 |
\*---------------------------------------------------------------------------*/
FoamFile
{
    version     2.0;
    format      ascii;
    class       volScalarField;
    location    "6000";
    object      X_H2;
}
// * * * * * * * * * * * * * * * * * * * * * * * * * * * * * * * * * * * * * //

dimensions      [0 0 0 0 0 0 0];

internalField   nonuniform List<scalar> 
1175
(
0.02997727484
0.02997727484
0.02997727484
0.02997727484
0.02997727483
0.0299772748
0.02997727471
0.0299772744
0.02997727342
0.0299772705
0.02997726219
0.02997724019
0.02997718656
0.02997706833
0.02997683605
0.02997727484
0.02997727484
0.02997727484
0.02997727484
0.02997727483
0.02997727479
0.02997727466
0.02997727423
0.02997727282
0.02997726841
0.02997725536
0.02997721939
0.0299771287
0.02997692435
0.02997652291
0.02997727484
0.02997727484
0.02997727484
0.02997727484
0.02997727482
0.02997727477
0.02997727459
0.02997727393
0.02997727171
0.02997726441
0.0299772418
0.02997717649
0.02997700483
0.02997660671
0.02997582269
0.02997727484
0.02997727484
0.02997727484
0.02997727484
0.02997727482
0.02997727475
0.02997727451
0.02997727361
0.02997727045
0.0299772597
0.02997722496
0.02997712011
0.02997683239
0.02997614201
0.02997477265
0.02997727484
0.02997727484
0.02997727484
0.02997727483
0.02997727482
0.02997727474
0.02997727447
0.02997727346
0.02997726983
0.02997725724
0.02997721556
0.0299770861
0.02997671916
0.0299758108
0.02997398625
0.02997727484
0.02997727484
0.02997727484
0.02997727484
0.02997727482
0.02997727475
0.02997727451
0.02997727361
0.02997727045
0.0299772597
0.02997722496
0.02997712011
0.0299768324
0.02997614202
0.02997477266
0.02997727484
0.02997727484
0.02997727484
0.02997727484
0.02997727482
0.02997727477
0.02997727459
0.02997727393
0.02997727171
0.02997726441
0.0299772418
0.02997717649
0.02997700483
0.02997660672
0.0299758227
0.02997727484
0.02997727484
0.02997727484
0.02997727484
0.02997727483
0.02997727479
0.02997727466
0.02997727423
0.02997727282
0.02997726841
0.02997725536
0.02997721939
0.0299771287
0.02997692436
0.02997652293
0.02997727484
0.02997727484
0.02997727484
0.02997727484
0.02997727483
0.0299772748
0.02997727471
0.0299772744
0.02997727342
0.0299772705
0.02997726219
0.02997724019
0.02997718657
0.02997706833
0.02997683606
0.02997727484
0.02997727484
0.02997727484
0.02997727484
0.02997727483
0.02997727479
0.02997727466
0.02997727423
0.02997727282
0.02997726841
0.02997725536
0.02997721939
0.0299771287
0.02997692435
0.02997727484
0.02997727484
0.02997727484
0.02997727484
0.02997727482
0.02997727477
0.0299772746
0.02997727396
0.02997727179
0.02997726462
0.02997724223
0.02997717698
0.02997700401
0.02997660037
0.02997580479
0.02997727484
0.02997727484
0.02997727484
0.02997727484
0.02997727482
0.02997727474
0.02997727447
0.02997727346
0.02997726978
0.02997725691
0.02997721407
0.02997708092
0.02997670552
0.02997578637
0.02997395587
0.02997727484
0.02997727484
0.02997727484
0.02997727483
0.02997727481
0.02997727471
0.02997727434
0.02997727288
0.02997726735
0.02997724699
0.02997717509
0.02997693662
0.02997621679
0.02997434222
0.02997051629
0.02997727484
0.02997727484
0.02997727484
0.02997727483
0.02997727481
0.0299772747
0.02997727427
0.02997727259
0.02997726605
0.02997724122
0.02997715008
0.02997683265
0.02997581519
0.02997298228
0.02996693311
0.02997727484
0.02997727484
0.02997727484
0.02997727483
0.02997727481
0.02997727471
0.02997727434
0.02997727288
0.02997726735
0.02997724699
0.02997717509
0.02997693662
0.02997621679
0.02997434223
0.02997051633
0.02997727484
0.02997727484
0.02997727484
0.02997727484
0.02997727482
0.02997727474
0.02997727447
0.02997727346
0.02997726978
0.02997725691
0.02997721407
0.02997708093
0.02997670553
0.02997578638
0.02997395591
0.02997727484
0.02997727484
0.02997727484
0.02997727484
0.02997727482
0.02997727477
0.0299772746
0.02997727396
0.02997727179
0.02997726462
0.02997724223
0.02997717698
0.02997700402
0.02997660038
0.02997580482
0.02997727484
0.02997727484
0.02997727484
0.02997727484
0.02997727483
0.02997727479
0.02997727466
0.02997727423
0.02997727282
0.02997726841
0.02997725536
0.02997721939
0.0299771287
0.02997692436
0.02997652293
0.02997727484
0.02997727484
0.02997727484
0.02997727484
0.02997727482
0.02997727477
0.02997727459
0.02997727393
0.02997727171
0.02997726441
0.0299772418
0.02997717649
0.02997700482
0.0299766067
0.02997727484
0.02997727484
0.02997727484
0.02997727484
0.02997727482
0.02997727474
0.02997727447
0.02997727346
0.02997726978
0.02997725691
0.02997721407
0.02997708092
0.02997670552
0.02997578634
0.02997727484
0.02997727484
0.02997727484
0.02997727483
0.02997727481
0.0299772747
0.02997727426
0.02997727253
0.02997726581
0.02997724053
0.02997714933
0.02997684061
0.02997589164
0.02997338615
0.02996825111
0.02997727484
0.02997727484
0.02997727484
0.02997727483
0.02997727479
0.02997727464
0.02997727401
0.02997727139
0.02997726064
0.0299772173
0.02997704823
0.02997642182
0.02997429182
0.02996805763
0.02995442407
0.02997727484
0.02997727484
0.02997727484
0.02997727483
0.02997727479
0.02997727462
0.02997727389
0.02997727078
0.02997725758
0.02997720201
0.02997697218
0.02997605235
0.02997259182
0.02996109272
0.02993256054
0.02997727484
0.02997727484
0.02997727484
0.02997727483
0.02997727479
0.02997727464
0.02997727401
0.02997727139
0.02997726064
0.0299772173
0.02997704823
0.02997642183
0.02997429185
0.02996805773
0.02995442433
0.02997727484
0.02997727484
0.02997727484
0.02997727483
0.02997727481
0.0299772747
0.02997727426
0.02997727253
0.02997726581
0.02997724053
0.02997714933
0.02997684061
0.02997589166
0.02997338623
0.02996825134
0.02997727484
0.02997727484
0.02997727484
0.02997727484
0.02997727482
0.02997727474
0.02997727447
0.02997727346
0.02997726978
0.02997725691
0.02997721407
0.02997708093
0.02997670553
0.02997578638
0.02997395591
0.02997727484
0.02997727484
0.02997727484
0.02997727484
0.02997727482
0.02997727477
0.02997727459
0.02997727393
0.02997727171
0.02997726441
0.0299772418
0.02997717649
0.02997700483
0.02997660672
0.0299758227
0.02997727484
0.02997727484
0.02997727484
0.02997727484
0.02997727482
0.02997727475
0.02997727451
0.02997727361
0.02997727045
0.0299772597
0.02997722496
0.0299771201
0.02997683239
0.02997614199
0.02997727484
0.02997727484
0.02997727484
0.02997727483
0.02997727481
0.02997727471
0.02997727434
0.02997727288
0.02997726735
0.02997724699
0.02997717509
0.02997693661
0.02997621677
0.02997434215
0.02997727484
0.02997727484
0.02997727484
0.02997727483
0.02997727479
0.02997727464
0.02997727401
0.02997727139
0.02997726064
0.0299772173
0.02997704823
0.02997642182
0.02997429179
0.02996805745
0.02997727484
0.02997727484
0.02997727484
0.02997727483
0.02997727478
0.02997727456
0.02997727363
0.02997726948
0.02997725119
0.02997717094
0.02997682389
0.0299753693
0.02996964275
0.02994982294
0.02989930656
0.02997727484
0.02997727484
0.02997727484
0.02997727483
0.02997727477
0.02997727453
0.02997727342
0.02997726837
0.02997724503
0.02997713605
0.02997662257
0.02997419974
0.02996296099
0.02991412329
0.02974507613
0.02997727484
0.02997727484
0.02997727484
0.02997727483
0.02997727478
0.02997727456
0.02997727363
0.02997726948
0.02997725119
0.02997717094
0.02997682389
0.02997536931
0.02996964283
0.02994982333
0.02989930811
0.02997727484
0.02997727484
0.02997727484
0.02997727483
0.02997727479
0.02997727464
0.02997727401
0.02997727139
0.02997726064
0.0299772173
0.02997704823
0.02997642183
0.02997429184
0.0299680577
0.0299544243
0.02997727484
0.02997727484
0.02997727484
0.02997727483
0.02997727481
0.02997727471
0.02997727434
0.02997727288
0.02997726735
0.02997724699
0.02997717509
0.02997693662
0.02997621679
0.02997434222
0.02997051632
0.02997727484
0.02997727484
0.02997727484
0.02997727484
0.02997727482
0.02997727475
0.02997727451
0.02997727361
0.02997727045
0.0299772597
0.02997722496
0.02997712011
0.02997683239
0.02997614202
0.02997477266
0.02997727484
0.02997727484
0.02997727484
0.02997727483
0.02997727482
0.02997727474
0.02997727447
0.02997727346
0.02997726983
0.02997725724
0.02997721556
0.02997708609
0.02997671914
0.02997581077
0.02997727484
0.02997727484
0.02997727484
0.02997727483
0.02997727481
0.0299772747
0.02997727427
0.02997727259
0.02997726605
0.02997724122
0.02997715008
0.02997683264
0.02997581516
0.02997298218
0.02997727484
0.02997727484
0.02997727484
0.02997727483
0.02997727479
0.02997727462
0.02997727389
0.02997727078
0.02997725758
0.02997720201
0.02997697218
0.02997605233
0.02997259172
0.02996109229
0.02997727484
0.02997727484
0.02997727484
0.02997727483
0.02997727477
0.02997727453
0.02997727342
0.02997726837
0.02997724503
0.02997713605
0.02997662257
0.02997419971
0.02996296077
0.02991412172
0.02997727484
0.02997727484
0.02997727484
0.02997727482
0.02997727476
0.02997727448
0.02997727316
0.02997726688
0.02997723616
0.02997708019
0.02997625064
0.02997157941
0.02994345034
0.02976107018
0.02847883122
0.02997727484
0.02997727484
0.02997727484
0.02997727483
0.02997727477
0.02997727453
0.02997727342
0.02997726837
0.02997724503
0.02997713605
0.02997662257
0.02997419973
0.02996296093
0.02991412307
0.02974507566
0.02997727484
0.02997727484
0.02997727484
0.02997727483
0.02997727479
0.02997727462
0.02997727389
0.02997727078
0.02997725758
0.02997720201
0.02997697218
0.02997605234
0.02997259181
0.02996109268
0.02993256052
0.02997727484
0.02997727484
0.02997727484
0.02997727483
0.02997727481
0.0299772747
0.02997727427
0.02997727259
0.02997726605
0.02997724122
0.02997715008
0.02997683264
0.02997581519
0.02997298228
0.02996693313
0.02997727484
0.02997727484
0.02997727484
0.02997727483
0.02997727482
0.02997727474
0.02997727447
0.02997727346
0.02997726983
0.02997725724
0.02997721556
0.0299770861
0.02997671916
0.0299758108
0.02997398626
0.02997727484
0.02997727484
0.02997727484
0.02997727484
0.02997727482
0.02997727475
0.02997727451
0.02997727361
0.02997727045
0.0299772597
0.02997722496
0.0299771201
0.02997683239
0.029976142
0.02997727484
0.02997727484
0.02997727484
0.02997727483
0.02997727481
0.02997727471
0.02997727434
0.02997727288
0.02997726735
0.02997724699
0.02997717508
0.02997693661
0.02997621677
0.02997434216
0.02997727484
0.02997727484
0.02997727484
0.02997727483
0.02997727479
0.02997727464
0.02997727401
0.02997727139
0.02997726064
0.0299772173
0.02997704823
0.02997642181
0.02997429178
0.02996805749
0.02997727484
0.02997727484
0.02997727484
0.02997727483
0.02997727478
0.02997727456
0.02997727363
0.02997726948
0.02997725119
0.02997717094
0.02997682389
0.02997536928
0.02996964268
0.02994982265
0.02997727484
0.02997727484
0.02997727484
0.02997727483
0.02997727477
0.02997727453
0.02997727342
0.02997726837
0.02997724503
0.02997713605
0.02997662257
0.0299741997
0.02996296075
0.02991412166
0.02997727484
0.02997727484
0.02997727484
0.02997727483
0.02997727478
0.02997727456
0.02997727363
0.02997726948
0.02997725119
0.02997717094
0.02997682389
0.02997536929
0.02996964271
0.0299498227
0.02997727484
0.02997727484
0.02997727484
0.02997727483
0.02997727479
0.02997727464
0.02997727401
0.02997727139
0.02997726064
0.0299772173
0.02997704823
0.02997642182
0.0299742918
0.02996805756
0.02995442384
0.02997727484
0.02997727484
0.02997727484
0.02997727483
0.02997727481
0.02997727471
0.02997727434
0.02997727288
0.02997726735
0.02997724699
0.02997717509
0.02997693661
0.02997621678
0.0299743422
0.02997051626
0.02997727484
0.02997727484
0.02997727484
0.02997727484
0.02997727482
0.02997727475
0.02997727451
0.02997727361
0.02997727045
0.0299772597
0.02997722496
0.02997712011
0.02997683239
0.02997614201
0.02997477265
0.02997727484
0.02997727484
0.02997727484
0.02997727484
0.02997727482
0.02997727477
0.02997727459
0.02997727393
0.02997727171
0.02997726441
0.0299772418
0.02997717649
0.02997700482
0.0299766067
0.02997727484
0.02997727484
0.02997727484
0.02997727484
0.02997727482
0.02997727474
0.02997727447
0.02997727346
0.02997726978
0.02997725691
0.02997721407
0.02997708092
0.02997670551
0.02997578635
0.02997727484
0.02997727484
0.02997727484
0.02997727483
0.02997727481
0.0299772747
0.02997727426
0.02997727253
0.02997726581
0.02997724053
0.02997714933
0.0299768406
0.02997589162
0.02997338611
0.02997727484
0.02997727484
0.02997727484
0.02997727483
0.02997727479
0.02997727464
0.02997727401
0.02997727139
0.02997726064
0.0299772173
0.02997704823
0.02997642181
0.02997429177
0.02996805748
0.02997727484
0.02997727484
0.02997727484
0.02997727483
0.02997727479
0.02997727462
0.02997727389
0.02997727078
0.02997725758
0.02997720201
0.02997697218
0.02997605233
0.02997259174
0.02996109237
0.02997727484
0.02997727484
0.02997727484
0.02997727483
0.02997727479
0.02997727464
0.02997727401
0.02997727139
0.02997726064
0.0299772173
0.02997704823
0.02997642181
0.02997429178
0.0299680575
0.02997727484
0.02997727484
0.02997727484
0.02997727483
0.02997727481
0.0299772747
0.02997727426
0.02997727253
0.02997726581
0.02997724053
0.02997714933
0.02997684061
0.02997589163
0.02997338611
0.02997727484
0.02997727484
0.02997727484
0.02997727484
0.02997727482
0.02997727474
0.02997727447
0.02997727346
0.02997726978
0.02997725691
0.02997721407
0.02997708092
0.02997670552
0.02997578635
0.02997395583
0.02997727484
0.02997727484
0.02997727484
0.02997727484
0.02997727482
0.02997727477
0.02997727459
0.02997727393
0.02997727171
0.02997726441
0.0299772418
0.02997717649
0.02997700483
0.02997660671
0.02997582268
0.02997727484
0.02997727484
0.02997727484
0.02997727484
0.02997727483
0.02997727479
0.02997727466
0.02997727423
0.02997727282
0.02997726841
0.02997725536
0.02997721939
0.0299771287
0.02997692435
0.02997727484
0.02997727484
0.02997727484
0.02997727484
0.02997727482
0.02997727477
0.0299772746
0.02997727396
0.02997727179
0.02997726462
0.02997724223
0.02997717698
0.02997700401
0.02997660036
0.02997727484
0.02997727484
0.02997727484
0.02997727484
0.02997727482
0.02997727474
0.02997727447
0.02997727346
0.02997726978
0.02997725691
0.02997721407
0.02997708092
0.02997670551
0.02997578635
0.02997727484
0.02997727484
0.02997727484
0.02997727483
0.02997727481
0.02997727471
0.02997727434
0.02997727288
0.02997726735
0.02997724699
0.02997717508
0.02997693661
0.02997621677
0.02997434216
0.02997727484
0.02997727484
0.02997727484
0.02997727483
0.02997727481
0.0299772747
0.02997727427
0.02997727259
0.02997726605
0.02997724122
0.02997715007
0.02997683264
0.02997581516
0.02997298219
0.02997727484
0.02997727484
0.02997727484
0.02997727483
0.02997727481
0.02997727471
0.02997727434
0.02997727288
0.02997726735
0.02997724699
0.02997717508
0.02997693661
0.02997621677
0.02997434216
0.02997727484
0.02997727484
0.02997727484
0.02997727484
0.02997727482
0.02997727474
0.02997727447
0.02997727346
0.02997726978
0.02997725691
0.02997721407
0.02997708092
0.02997670551
0.02997578635
0.02997727484
0.02997727484
0.02997727484
0.02997727484
0.02997727482
0.02997727477
0.0299772746
0.02997727396
0.02997727179
0.02997726462
0.02997724223
0.02997717698
0.02997700401
0.02997660036
0.02997727484
0.02997727484
0.02997727484
0.02997727484
0.02997727483
0.02997727479
0.02997727466
0.02997727423
0.02997727282
0.02997726841
0.02997725536
0.02997721939
0.0299771287
0.02997692435
0.02997652291
0.02997727484
0.02997727484
0.02997727484
0.02997727484
0.02997727483
0.0299772748
0.02997727471
0.0299772744
0.02997727342
0.0299772705
0.02997726219
0.02997724019
0.02997718656
0.02997706833
0.02997727484
0.02997727484
0.02997727484
0.02997727484
0.02997727483
0.02997727479
0.02997727466
0.02997727423
0.02997727282
0.02997726841
0.02997725536
0.02997721939
0.0299771287
0.02997692435
0.02997727484
0.02997727484
0.02997727484
0.02997727484
0.02997727482
0.02997727477
0.02997727459
0.02997727393
0.02997727171
0.02997726441
0.0299772418
0.02997717649
0.02997700482
0.0299766067
0.02997727484
0.02997727484
0.02997727484
0.02997727484
0.02997727482
0.02997727475
0.02997727451
0.02997727361
0.02997727045
0.0299772597
0.02997722496
0.0299771201
0.02997683238
0.02997614199
0.02997727484
0.02997727484
0.02997727484
0.02997727483
0.02997727482
0.02997727474
0.02997727447
0.02997727346
0.02997726983
0.02997725724
0.02997721556
0.02997708609
0.02997671914
0.02997581077
0.02997727484
0.02997727484
0.02997727484
0.02997727484
0.02997727482
0.02997727475
0.02997727451
0.02997727361
0.02997727045
0.0299772597
0.02997722495
0.0299771201
0.02997683238
0.02997614199
0.02997727484
0.02997727484
0.02997727484
0.02997727484
0.02997727482
0.02997727477
0.02997727459
0.02997727393
0.02997727171
0.02997726441
0.0299772418
0.02997717649
0.02997700482
0.0299766067
0.02997727484
0.02997727484
0.02997727484
0.02997727484
0.02997727483
0.02997727479
0.02997727466
0.02997727423
0.02997727282
0.02997726841
0.02997725536
0.02997721939
0.0299771287
0.02997692435
0.02997727484
0.02997727484
0.02997727484
0.02997727484
0.02997727483
0.0299772748
0.02997727471
0.0299772744
0.02997727342
0.0299772705
0.02997726219
0.02997724019
0.02997718656
0.02997706832
)
;

boundaryField
{
    top
    {
        type            calculated;
        value           nonuniform List<scalar> 
134
(
0.02997727484
0.02997727484
0.02997727484
0.02997727484
0.02997727484
0.02997727484
0.02997727484
0.02997727484
0.02997727484
0.02997727484
0.02997727484
0.02997727484
0.02997727484
0.02997727484
0.02997727484
0.02997727484
0.02997727484
0.02997727484
0.02997727484
0.02997727484
0.02997727484
0.02997727484
0.02997727484
0.02997727484
0.02997727484
0.02997727484
0.02997727484
0.02997727484
0.02997727484
0.02997727484
0.02997727484
0.02997727483
0.02997727484
0.02997727484
0.02997727484
0.02997727484
0.02997727483
0.02997727483
0.02997727482
0.02997727482
0.02997727482
0.02997727482
0.02997727482
0.02997727483
0.02997727483
0.0299772748
0.02997727479
0.02997727477
0.02997727475
0.02997727474
0.02997727475
0.02997727477
0.02997727479
0.0299772748
0.02997727471
0.02997727466
0.02997727459
0.02997727451
0.02997727447
0.02997727451
0.02997727459
0.02997727466
0.02997727471
0.0299772744
0.02997727423
0.02997727393
0.02997727361
0.02997727346
0.02997727361
0.02997727393
0.02997727423
0.0299772744
0.02997727342
0.02997727282
0.02997727171
0.02997727045
0.02997726983
0.02997727045
0.02997727171
0.02997727282
0.02997727342
0.0299772705
0.02997726841
0.02997726441
0.0299772597
0.02997725724
0.0299772597
0.02997726441
0.02997726841
0.0299772705
0.02997726219
0.02997725536
0.0299772418
0.02997722496
0.02997721556
0.02997722496
0.0299772418
0.02997725536
0.02997726219
0.02997724019
0.02997721939
0.02997717649
0.02997712011
0.0299770861
0.02997712011
0.02997717649
0.02997721939
0.02997724019
0.02997718657
0.0299771287
0.02997700483
0.02997683239
0.02997671916
0.02997683239
0.02997700483
0.0299771287
0.02997718656
0.02997706833
0.02997692436
0.02997660672
0.02997614202
0.0299758108
0.02997614201
0.02997660671
0.02997692435
0.02997706832
0.02997683606
0.02997652293
0.0299758227
0.02997477266
0.02997398626
0.02997477265
0.02997582268
0.02997652291
)
;
    }
    bottom
    {
        type            calculated;
        value           nonuniform List<scalar> 
127
(
0.02997727484
0.02997727484
0.02997727484
0.02997727484
0.02997727484
0.02997727484
0.02997727484
0.02997727484
0.02997727484
0.02997727484
0.02997727484
0.02997727484
0.02997727484
0.02997727484
0.02997727484
0.02997727484
0.02997727484
0.02997727484
0.02997727484
0.02997727484
0.02997727484
0.02997727484
0.02997727484
0.02997727484
0.02997727484
0.02997727484
0.02997727484
0.02997727484
0.02997727484
0.02997727484
0.02997727484
0.02997727483
0.02997727484
0.02997727484
0.02997727484
0.02997727484
0.02997727483
0.02997727483
0.02997727482
0.02997727482
0.02997727482
0.02997727482
0.02997727482
0.02997727483
0.02997727483
0.0299772748
0.02997727479
0.02997727477
0.02997727475
0.02997727474
0.02997727475
0.02997727477
0.02997727479
0.0299772748
0.02997727471
0.02997727466
0.02997727459
0.02997727451
0.02997727447
0.02997727451
0.02997727459
0.02997727466
0.02997727471
0.0299772744
0.02997727423
0.02997727393
0.02997727361
0.02997727346
0.02997727361
0.02997727393
0.02997727423
0.0299772744
0.02997727342
0.02997727282
0.02997727171
0.02997727045
0.02997726983
0.02997727045
0.02997727171
0.02997727282
0.02997727342
0.0299772705
0.02997726841
0.02997726441
0.0299772597
0.02997725724
0.0299772597
0.02997726441
0.02997726841
0.0299772705
0.02997726219
0.02997725536
0.0299772418
0.02997722496
0.02997721556
0.02997722496
0.0299772418
0.02997725536
0.02997726219
0.02997724019
0.02997721939
0.02997717649
0.0299771201
0.02997708609
0.0299771201
0.02997717649
0.02997721939
0.02997724019
0.02997718656
0.0299771287
0.02997700482
0.02997683239
0.02997671914
0.02997683239
0.02997700482
0.0299771287
0.02997718656
0.02997706833
0.02997692435
0.0299766067
0.02997614199
0.02997581077
0.029976142
0.0299766067
0.02997692435
0.02997706833
0.02997683605
)
;
    }
    side-walls
    {
        type            calculated;
        value           nonuniform List<scalar> 
261
(
0.02997727484
0.02997727484
0.02997727484
0.02997727484
0.02997727484
0.02997727484
0.02997727484
0.02997727484
0.02997727484
0.02997727484
0.02997727484
0.02997727484
0.02997727484
0.02997727484
0.02997727484
0.02997727484
0.02997727484
0.02997727484
0.02997727484
0.02997727484
0.02997727484
0.02997727484
0.02997727484
0.02997727484
0.02997727484
0.02997727484
0.02997727484
0.02997727484
0.02997727484
0.02997727484
0.02997727484
0.02997727483
0.02997727484
0.02997727484
0.02997727484
0.02997727484
0.02997727483
0.02997727483
0.02997727482
0.02997727482
0.02997727482
0.02997727482
0.02997727482
0.02997727483
0.02997727483
0.0299772748
0.02997727479
0.02997727477
0.02997727475
0.02997727474
0.02997727475
0.02997727477
0.02997727479
0.0299772748
0.02997727471
0.02997727466
0.02997727459
0.02997727451
0.02997727447
0.02997727451
0.02997727459
0.02997727466
0.02997727471
0.0299772744
0.02997727423
0.02997727393
0.02997727361
0.02997727346
0.02997727361
0.02997727393
0.02997727423
0.0299772744
0.02997727342
0.02997727282
0.02997727171
0.02997727045
0.02997726983
0.02997727045
0.02997727171
0.02997727282
0.02997727342
0.0299772705
0.02997726841
0.02997726441
0.0299772597
0.02997725724
0.0299772597
0.02997726441
0.02997726841
0.0299772705
0.02997726219
0.02997725536
0.0299772418
0.02997722496
0.02997721556
0.02997722496
0.0299772418
0.02997725536
0.02997726219
0.02997724019
0.02997721939
0.02997717649
0.02997712011
0.0299770861
0.02997712011
0.02997717649
0.02997721939
0.02997724019
0.02997718656
0.0299771287
0.02997700483
0.02997683239
0.02997671916
0.0299768324
0.02997700483
0.0299771287
0.02997718657
0.02997706833
0.02997692435
0.02997660671
0.02997614201
0.0299758108
0.02997614202
0.02997660672
0.02997692436
0.02997706833
0.02997683605
0.02997652291
0.02997582269
0.02997477265
0.02997398625
0.02997477266
0.0299758227
0.02997652293
0.02997683606
0.02997727484
0.02997727484
0.02997727484
0.02997727484
0.02997727484
0.02997727484
0.02997727484
0.02997727484
0.02997727484
0.02997727484
0.02997727484
0.02997727484
0.02997727484
0.02997727484
0.02997727484
0.02997727484
0.02997727484
0.02997727484
0.02997727484
0.02997727484
0.02997727484
0.02997727484
0.02997727484
0.02997727484
0.02997727484
0.02997727484
0.02997727484
0.02997727484
0.02997727484
0.02997727484
0.02997727484
0.02997727483
0.02997727484
0.02997727484
0.02997727484
0.02997727484
0.02997727483
0.02997727483
0.02997727482
0.02997727482
0.02997727482
0.02997727482
0.02997727482
0.02997727483
0.02997727483
0.0299772748
0.02997727479
0.02997727477
0.02997727475
0.02997727474
0.02997727475
0.02997727477
0.02997727479
0.0299772748
0.02997727471
0.02997727466
0.02997727459
0.02997727451
0.02997727447
0.02997727451
0.02997727459
0.02997727466
0.02997727471
0.0299772744
0.02997727423
0.02997727393
0.02997727361
0.02997727346
0.02997727361
0.02997727393
0.02997727423
0.0299772744
0.02997727342
0.02997727282
0.02997727171
0.02997727045
0.02997726983
0.02997727045
0.02997727171
0.02997727282
0.02997727342
0.0299772705
0.02997726841
0.02997726441
0.0299772597
0.02997725724
0.0299772597
0.02997726441
0.02997726841
0.0299772705
0.02997726219
0.02997725536
0.0299772418
0.02997722496
0.02997721556
0.02997722495
0.0299772418
0.02997725536
0.02997726219
0.02997724019
0.02997721939
0.02997717649
0.0299771201
0.02997708609
0.0299771201
0.02997717649
0.02997721939
0.02997724019
0.02997718656
0.0299771287
0.02997700482
0.02997683238
0.02997671914
0.02997683238
0.02997700482
0.0299771287
0.02997718656
0.02997706833
0.02997692435
0.0299766067
0.02997614199
0.02997581077
0.02997614199
0.0299766067
0.02997692435
0.02997706832
)
;
    }
    inlet
    {
        type            calculated;
        value           nonuniform List<scalar> 
81
(
0.02997727484
0.02997727484
0.02997727484
0.02997727484
0.02997727484
0.02997727484
0.02997727484
0.02997727484
0.02997727484
0.02997727484
0.02997727484
0.02997727484
0.02997727484
0.02997727484
0.02997727484
0.02997727484
0.02997727484
0.02997727484
0.02997727484
0.02997727484
0.02997727484
0.02997727484
0.02997727484
0.02997727484
0.02997727484
0.02997727484
0.02997727484
0.02997727484
0.02997727484
0.02997727484
0.02997727484
0.02997727484
0.02997727484
0.02997727484
0.02997727484
0.02997727484
0.02997727484
0.02997727484
0.02997727484
0.02997727484
0.02997727484
0.02997727484
0.02997727484
0.02997727484
0.02997727484
0.02997727484
0.02997727484
0.02997727484
0.02997727484
0.02997727484
0.02997727484
0.02997727484
0.02997727484
0.02997727484
0.02997727484
0.02997727484
0.02997727484
0.02997727484
0.02997727484
0.02997727484
0.02997727484
0.02997727484
0.02997727484
0.02997727484
0.02997727484
0.02997727484
0.02997727484
0.02997727484
0.02997727484
0.02997727484
0.02997727484
0.02997727484
0.02997727484
0.02997727484
0.02997727484
0.02997727484
0.02997727484
0.02997727484
0.02997727484
0.02997727484
0.02997727484
)
;
    }
    outlet
    {
        type            calculated;
        value           nonuniform 0();
    }
    procBoundary0to1
    {
        type            processor;
        value           nonuniform List<scalar> 
97
(
0.02997643238
0.02997652291
0.02997584502
0.02997454913
0.02997265326
0.029971302
0.02997265329
0.02997454915
0.02997584504
0.02997643239
0.02997652291
0.02997652291
0.02997452324
0.02997395583
0.0299712022
0.02996530992
0.02995976127
0.02996530996
0.02997120225
0.02997452328
0.02997584503
0.02997582268
0.02997395583
0.02997395583
0.02996140895
0.02995442373
0.02993966447
0.02991123781
0.02993966474
0.02996140916
0.02997120226
0.02997454915
0.02997477263
0.02997051622
0.02995442373
0.02995442373
0.02986522701
0.02974507418
0.02971937869
0.02986522793
0.02993966473
0.02996530997
0.02997265328
0.02997398622
0.02996693303
0.02993256011
0.02974507418
0.02974507418
0.02909139494
0.02974507437
0.02971937865
0.02989930737
0.02991123786
0.02995976132
0.02997130203
0.02997477265
0.02997051628
0.0299544241
0.02989930756
0.02974507437
0.02989930737
0.02989930737
0.02993966447
0.02996825113
0.02996530992
0.02997265328
0.02997582269
0.02997395588
0.02996825122
0.0299544241
0.02993256035
0.02995442414
0.02996825113
0.02996825113
0.0299712022
0.02997580479
0.02997454913
0.02997652292
0.02997580482
0.02997395588
0.02997051628
0.02996693308
0.02997051629
0.02997395587
0.02997580479
0.02997580479
0.02997584502
0.02997683605
0.02997683606
0.02997652292
0.02997582269
0.02997477264
0.02997398624
0.02997477264
0.02997582269
0.02997652292
0.02997683605
)
;
    }
}


// ************************************************************************* //
