/*--------------------------------*- C++ -*----------------------------------*\
| =========                 |                                                 |
| \\      /  F ield         | OpenFOAM: The Open Source CFD Toolbox           |
|  \\    /   O peration     | Version:  4.x                                   |
|   \\  /    A nd           | Web:      www.OpenFOAM.org                      |
|    \\/     M anipulation  |                                                 |
\*---------------------------------------------------------------------------*/
FoamFile
{
    version     2.0;
    format      ascii;
    class       volScalarField;
    location    "4000";
    object      X_N2;
}
// * * * * * * * * * * * * * * * * * * * * * * * * * * * * * * * * * * * * * //

dimensions      [0 0 0 0 0 0 0];

internalField   nonuniform List<scalar> 
1175
(
0.5999708686
0.5999708686
0.5999708686
0.5999708686
0.5999708686
0.5999708686
0.5999708686
0.5999708686
0.5999708686
0.5999708686
0.5999708686
0.5999708685
0.5999708684
0.5999708681
0.5999708674
0.5999708686
0.5999708686
0.5999708686
0.5999708686
0.5999708686
0.5999708686
0.5999708686
0.5999708686
0.5999708686
0.5999708686
0.5999708686
0.5999708685
0.5999708683
0.5999708679
0.5999708668
0.5999708686
0.5999708686
0.5999708686
0.5999708686
0.5999708686
0.5999708686
0.5999708686
0.5999708686
0.5999708686
0.5999708686
0.5999708686
0.5999708685
0.5999708682
0.5999708674
0.5999708657
0.5999708686
0.5999708686
0.5999708686
0.5999708686
0.5999708686
0.5999708686
0.5999708686
0.5999708686
0.5999708686
0.5999708686
0.5999708685
0.5999708684
0.599970868
0.5999708669
0.5999708642
0.5999708686
0.5999708686
0.5999708686
0.5999708686
0.5999708686
0.5999708686
0.5999708686
0.5999708686
0.5999708686
0.5999708686
0.5999708685
0.5999708684
0.5999708679
0.5999708666
0.5999708634
0.5999708686
0.5999708686
0.5999708686
0.5999708686
0.5999708686
0.5999708686
0.5999708686
0.5999708686
0.5999708686
0.5999708686
0.5999708685
0.5999708684
0.599970868
0.5999708669
0.5999708643
0.5999708686
0.5999708686
0.5999708686
0.5999708686
0.5999708686
0.5999708686
0.5999708686
0.5999708686
0.5999708686
0.5999708686
0.5999708686
0.5999708685
0.5999708682
0.5999708675
0.5999708658
0.5999708686
0.5999708686
0.5999708686
0.5999708686
0.5999708686
0.5999708686
0.5999708686
0.5999708686
0.5999708686
0.5999708686
0.5999708686
0.5999708685
0.5999708683
0.5999708679
0.599970867
0.5999708686
0.5999708686
0.5999708686
0.5999708686
0.5999708686
0.5999708686
0.5999708686
0.5999708686
0.5999708686
0.5999708686
0.5999708686
0.5999708685
0.5999708684
0.5999708682
0.5999708675
0.5999708686
0.5999708686
0.5999708686
0.5999708686
0.5999708686
0.5999708686
0.5999708686
0.5999708686
0.5999708686
0.5999708686
0.5999708686
0.5999708685
0.5999708683
0.5999708678
0.5999708686
0.5999708686
0.5999708686
0.5999708686
0.5999708686
0.5999708686
0.5999708686
0.5999708686
0.5999708686
0.5999708686
0.5999708686
0.5999708684
0.5999708681
0.5999708673
0.5999708653
0.5999708686
0.5999708686
0.5999708686
0.5999708686
0.5999708686
0.5999708686
0.5999708686
0.5999708686
0.5999708686
0.5999708686
0.5999708685
0.5999708683
0.5999708678
0.5999708663
0.5999708626
0.5999708686
0.5999708686
0.5999708686
0.5999708686
0.5999708686
0.5999708686
0.5999708686
0.5999708686
0.5999708686
0.5999708686
0.5999708685
0.5999708682
0.5999708674
0.599970865
0.5999708588
0.5999708686
0.5999708686
0.5999708686
0.5999708686
0.5999708686
0.5999708686
0.5999708686
0.5999708686
0.5999708686
0.5999708686
0.5999708685
0.5999708682
0.5999708672
0.5999708643
0.5999708564
0.5999708686
0.5999708686
0.5999708686
0.5999708686
0.5999708686
0.5999708686
0.5999708686
0.5999708686
0.5999708686
0.5999708686
0.5999708685
0.5999708682
0.5999708674
0.5999708652
0.5999708592
0.5999708686
0.5999708686
0.5999708686
0.5999708686
0.5999708686
0.5999708686
0.5999708686
0.5999708686
0.5999708686
0.5999708686
0.5999708685
0.5999708684
0.5999708679
0.5999708665
0.5999708632
0.5999708686
0.5999708686
0.5999708686
0.5999708686
0.5999708686
0.5999708686
0.5999708686
0.5999708686
0.5999708686
0.5999708686
0.5999708686
0.5999708685
0.5999708682
0.5999708675
0.5999708658
0.5999708686
0.5999708686
0.5999708686
0.5999708686
0.5999708686
0.5999708686
0.5999708686
0.5999708686
0.5999708686
0.5999708686
0.5999708686
0.5999708685
0.5999708683
0.5999708679
0.599970867
0.5999708686
0.5999708686
0.5999708686
0.5999708686
0.5999708686
0.5999708686
0.5999708686
0.5999708686
0.5999708686
0.5999708686
0.5999708685
0.5999708684
0.5999708681
0.5999708672
0.5999708686
0.5999708686
0.5999708686
0.5999708686
0.5999708686
0.5999708686
0.5999708686
0.5999708686
0.5999708686
0.5999708686
0.5999708685
0.5999708683
0.5999708677
0.5999708659
0.5999708686
0.5999708686
0.5999708686
0.5999708686
0.5999708686
0.5999708686
0.5999708686
0.5999708686
0.5999708686
0.5999708686
0.5999708685
0.5999708681
0.5999708669
0.5999708633
0.5999708536
0.5999708686
0.5999708686
0.5999708686
0.5999708686
0.5999708686
0.5999708686
0.5999708686
0.5999708686
0.5999708686
0.5999708685
0.5999708684
0.5999708678
0.5999708658
0.5999708595
0.5999708418
0.5999708686
0.5999708686
0.5999708686
0.5999708686
0.5999708686
0.5999708686
0.5999708686
0.5999708686
0.5999708686
0.5999708685
0.5999708683
0.5999708677
0.5999708653
0.5999708575
0.5999708336
0.5999708686
0.5999708686
0.5999708686
0.5999708686
0.5999708686
0.5999708686
0.5999708686
0.5999708686
0.5999708686
0.5999708685
0.5999708684
0.5999708678
0.599970866
0.5999708603
0.5999708444
0.5999708686
0.5999708686
0.5999708686
0.5999708686
0.5999708686
0.5999708686
0.5999708686
0.5999708686
0.5999708686
0.5999708686
0.5999708685
0.5999708681
0.5999708671
0.5999708641
0.5999708565
0.5999708686
0.5999708686
0.5999708686
0.5999708686
0.5999708686
0.5999708686
0.5999708686
0.5999708686
0.5999708686
0.5999708686
0.5999708685
0.5999708683
0.5999708678
0.5999708665
0.5999708631
0.5999708686
0.5999708686
0.5999708686
0.5999708686
0.5999708686
0.5999708686
0.5999708686
0.5999708686
0.5999708686
0.5999708686
0.5999708686
0.5999708685
0.5999708682
0.5999708675
0.5999708658
0.5999708686
0.5999708686
0.5999708686
0.5999708686
0.5999708686
0.5999708686
0.5999708686
0.5999708686
0.5999708686
0.5999708686
0.5999708685
0.5999708683
0.5999708678
0.5999708664
0.5999708686
0.5999708686
0.5999708686
0.5999708686
0.5999708686
0.5999708686
0.5999708686
0.5999708686
0.5999708686
0.5999708686
0.5999708685
0.5999708681
0.5999708671
0.5999708637
0.5999708686
0.5999708686
0.5999708686
0.5999708686
0.5999708686
0.5999708686
0.5999708686
0.5999708686
0.5999708686
0.5999708685
0.5999708684
0.5999708677
0.5999708652
0.5999708565
0.5999708686
0.5999708686
0.5999708686
0.5999708686
0.5999708686
0.5999708686
0.5999708686
0.5999708686
0.5999708686
0.5999708685
0.5999708682
0.5999708671
0.5999708626
0.5999708459
0.599970791
0.5999708686
0.5999708686
0.5999708686
0.5999708686
0.5999708686
0.5999708686
0.5999708686
0.5999708686
0.5999708686
0.5999708685
0.5999708681
0.5999708668
0.5999708615
0.5999708415
0.5999707703
0.5999708686
0.5999708686
0.5999708686
0.5999708686
0.5999708686
0.5999708686
0.5999708686
0.5999708686
0.5999708686
0.5999708685
0.5999708682
0.5999708672
0.5999708633
0.5999708501
0.5999708106
0.5999708686
0.5999708686
0.5999708686
0.5999708686
0.5999708686
0.5999708686
0.5999708686
0.5999708686
0.5999708686
0.5999708685
0.5999708684
0.5999708678
0.5999708658
0.59997086
0.5999708443
0.5999708686
0.5999708686
0.5999708686
0.5999708686
0.5999708686
0.5999708686
0.5999708686
0.5999708686
0.5999708686
0.5999708686
0.5999708685
0.5999708682
0.5999708674
0.599970865
0.5999708591
0.5999708686
0.5999708686
0.5999708686
0.5999708686
0.5999708686
0.5999708686
0.5999708686
0.5999708686
0.5999708686
0.5999708686
0.5999708685
0.5999708684
0.599970868
0.5999708669
0.5999708642
0.5999708686
0.5999708686
0.5999708686
0.5999708686
0.5999708686
0.5999708686
0.5999708686
0.5999708686
0.5999708686
0.5999708686
0.5999708685
0.5999708683
0.5999708677
0.5999708659
0.5999708686
0.5999708686
0.5999708686
0.5999708686
0.5999708686
0.5999708686
0.5999708686
0.5999708686
0.5999708686
0.5999708686
0.5999708684
0.599970868
0.5999708666
0.5999708621
0.5999708686
0.5999708686
0.5999708686
0.5999708686
0.5999708686
0.5999708686
0.5999708686
0.5999708686
0.5999708686
0.5999708685
0.5999708683
0.5999708673
0.5999708636
0.5999708495
0.5999708686
0.5999708686
0.5999708686
0.5999708686
0.5999708686
0.5999708686
0.5999708686
0.5999708686
0.5999708686
0.5999708685
0.5999708681
0.5999708662
0.599970858
0.5999708178
0.5999708686
0.5999708686
0.5999708686
0.5999708686
0.5999708686
0.5999708686
0.5999708686
0.5999708686
0.5999708686
0.5999708685
0.599970868
0.5999708658
0.5999708565
0.5999708162
0.5999706399
0.5999708686
0.5999708686
0.5999708686
0.5999708686
0.5999708686
0.5999708686
0.5999708686
0.5999708686
0.5999708686
0.5999708685
0.5999708681
0.5999708665
0.5999708602
0.5999708367
0.5999707664
0.5999708686
0.5999708686
0.5999708686
0.5999708686
0.5999708686
0.5999708686
0.5999708686
0.5999708686
0.5999708686
0.5999708685
0.5999708683
0.5999708675
0.5999708647
0.599970856
0.5999708326
0.5999708686
0.5999708686
0.5999708686
0.5999708686
0.5999708686
0.5999708686
0.5999708686
0.5999708686
0.5999708686
0.5999708686
0.5999708685
0.5999708681
0.599970867
0.5999708639
0.5999708561
0.5999708686
0.5999708686
0.5999708686
0.5999708686
0.5999708686
0.5999708686
0.5999708686
0.5999708686
0.5999708686
0.5999708686
0.5999708685
0.5999708683
0.5999708678
0.5999708665
0.5999708633
0.5999708686
0.5999708686
0.5999708686
0.5999708686
0.5999708686
0.5999708686
0.5999708686
0.5999708686
0.5999708686
0.5999708686
0.5999708685
0.5999708683
0.5999708678
0.5999708663
0.5999708686
0.5999708686
0.5999708686
0.5999708686
0.5999708686
0.5999708686
0.5999708686
0.5999708686
0.5999708686
0.5999708686
0.5999708685
0.5999708681
0.599970867
0.5999708636
0.5999708686
0.5999708686
0.5999708686
0.5999708686
0.5999708686
0.5999708686
0.5999708686
0.5999708686
0.5999708686
0.5999708685
0.5999708683
0.5999708675
0.5999708647
0.5999708556
0.5999708686
0.5999708686
0.5999708686
0.5999708686
0.5999708686
0.5999708686
0.5999708686
0.5999708686
0.5999708686
0.5999708685
0.5999708681
0.5999708666
0.5999708606
0.5999708374
0.5999708686
0.5999708686
0.5999708686
0.5999708686
0.5999708686
0.5999708686
0.5999708686
0.5999708686
0.5999708686
0.5999708685
0.599970868
0.599970866
0.5999708568
0.5999708138
0.5999708686
0.5999708686
0.5999708686
0.5999708686
0.5999708686
0.5999708686
0.5999708686
0.5999708686
0.5999708686
0.5999708685
0.5999708681
0.5999708667
0.5999708612
0.5999708399
0.5999708686
0.5999708686
0.5999708686
0.5999708686
0.5999708686
0.5999708686
0.5999708686
0.5999708686
0.5999708686
0.5999708685
0.5999708683
0.5999708676
0.5999708653
0.5999708579
0.5999708373
0.5999708686
0.5999708686
0.5999708686
0.5999708686
0.5999708686
0.5999708686
0.5999708686
0.5999708686
0.5999708686
0.5999708686
0.5999708685
0.5999708682
0.5999708672
0.5999708646
0.5999708581
0.5999708686
0.5999708686
0.5999708686
0.5999708686
0.5999708686
0.5999708686
0.5999708686
0.5999708686
0.5999708686
0.5999708686
0.5999708685
0.5999708684
0.5999708679
0.5999708668
0.599970864
0.5999708686
0.5999708686
0.5999708686
0.5999708686
0.5999708686
0.5999708686
0.5999708686
0.5999708686
0.5999708686
0.5999708686
0.5999708685
0.5999708684
0.5999708681
0.5999708671
0.5999708686
0.5999708686
0.5999708686
0.5999708686
0.5999708686
0.5999708686
0.5999708686
0.5999708686
0.5999708686
0.5999708686
0.5999708685
0.5999708683
0.5999708676
0.5999708657
0.5999708686
0.5999708686
0.5999708686
0.5999708686
0.5999708686
0.5999708686
0.5999708686
0.5999708686
0.5999708686
0.5999708686
0.5999708684
0.599970868
0.5999708665
0.5999708621
0.5999708686
0.5999708686
0.5999708686
0.5999708686
0.5999708686
0.5999708686
0.5999708686
0.5999708686
0.5999708686
0.5999708685
0.5999708683
0.5999708675
0.5999708647
0.5999708555
0.5999708686
0.5999708686
0.5999708686
0.5999708686
0.5999708686
0.5999708686
0.5999708686
0.5999708686
0.5999708686
0.5999708685
0.5999708682
0.5999708672
0.5999708632
0.599970849
0.5999708686
0.5999708686
0.5999708686
0.5999708686
0.5999708686
0.5999708686
0.5999708686
0.5999708686
0.5999708686
0.5999708685
0.5999708683
0.5999708675
0.5999708648
0.599970856
0.5999708686
0.5999708686
0.5999708686
0.5999708686
0.5999708686
0.5999708686
0.5999708686
0.5999708686
0.5999708686
0.5999708686
0.5999708684
0.599970868
0.5999708666
0.5999708624
0.5999708686
0.5999708686
0.5999708686
0.5999708686
0.5999708686
0.5999708686
0.5999708686
0.5999708686
0.5999708686
0.5999708686
0.5999708685
0.5999708683
0.5999708677
0.599970866
0.599970862
0.5999708686
0.5999708686
0.5999708686
0.5999708686
0.5999708686
0.5999708686
0.5999708686
0.5999708686
0.5999708686
0.5999708686
0.5999708685
0.5999708684
0.5999708681
0.5999708673
0.5999708655
0.5999708686
0.5999708686
0.5999708686
0.5999708686
0.5999708686
0.5999708686
0.5999708686
0.5999708686
0.5999708686
0.5999708686
0.5999708686
0.5999708685
0.5999708683
0.5999708677
0.5999708686
0.5999708686
0.5999708686
0.5999708686
0.5999708686
0.5999708686
0.5999708686
0.5999708686
0.5999708686
0.5999708686
0.5999708685
0.5999708684
0.5999708681
0.5999708671
0.5999708686
0.5999708686
0.5999708686
0.5999708686
0.5999708686
0.5999708686
0.5999708686
0.5999708686
0.5999708686
0.5999708686
0.5999708685
0.5999708683
0.5999708676
0.5999708657
0.5999708686
0.5999708686
0.5999708686
0.5999708686
0.5999708686
0.5999708686
0.5999708686
0.5999708686
0.5999708686
0.5999708686
0.5999708684
0.5999708681
0.5999708669
0.5999708636
0.5999708686
0.5999708686
0.5999708686
0.5999708686
0.5999708686
0.5999708686
0.5999708686
0.5999708686
0.5999708686
0.5999708686
0.5999708684
0.599970868
0.5999708665
0.599970862
0.5999708686
0.5999708686
0.5999708686
0.5999708686
0.5999708686
0.5999708686
0.5999708686
0.5999708686
0.5999708686
0.5999708686
0.5999708684
0.5999708681
0.599970867
0.5999708637
0.5999708686
0.5999708686
0.5999708686
0.5999708686
0.5999708686
0.5999708686
0.5999708686
0.5999708686
0.5999708686
0.5999708686
0.5999708685
0.5999708683
0.5999708676
0.5999708658
0.5999708686
0.5999708686
0.5999708686
0.5999708686
0.5999708686
0.5999708686
0.5999708686
0.5999708686
0.5999708686
0.5999708686
0.5999708685
0.5999708684
0.5999708681
0.5999708672
0.5999708686
0.5999708686
0.5999708686
0.5999708686
0.5999708686
0.5999708686
0.5999708686
0.5999708686
0.5999708686
0.5999708686
0.5999708686
0.5999708685
0.5999708683
0.5999708678
0.5999708667
0.5999708686
0.5999708686
0.5999708686
0.5999708686
0.5999708686
0.5999708686
0.5999708686
0.5999708686
0.5999708686
0.5999708686
0.5999708686
0.5999708685
0.5999708684
0.5999708681
0.5999708686
0.5999708686
0.5999708686
0.5999708686
0.5999708686
0.5999708686
0.5999708686
0.5999708686
0.5999708686
0.5999708686
0.5999708686
0.5999708685
0.5999708683
0.5999708677
0.5999708686
0.5999708686
0.5999708686
0.5999708686
0.5999708686
0.5999708686
0.5999708686
0.5999708686
0.5999708686
0.5999708686
0.5999708685
0.5999708684
0.599970868
0.5999708671
0.5999708686
0.5999708686
0.5999708686
0.5999708686
0.5999708686
0.5999708686
0.5999708686
0.5999708686
0.5999708686
0.5999708686
0.5999708685
0.5999708683
0.5999708678
0.5999708663
0.5999708686
0.5999708686
0.5999708686
0.5999708686
0.5999708686
0.5999708686
0.5999708686
0.5999708686
0.5999708686
0.5999708686
0.5999708685
0.5999708683
0.5999708676
0.5999708658
0.5999708686
0.5999708686
0.5999708686
0.5999708686
0.5999708686
0.5999708686
0.5999708686
0.5999708686
0.5999708686
0.5999708686
0.5999708685
0.5999708683
0.5999708678
0.5999708664
0.5999708686
0.5999708686
0.5999708686
0.5999708686
0.5999708686
0.5999708686
0.5999708686
0.5999708686
0.5999708686
0.5999708686
0.5999708685
0.5999708684
0.5999708681
0.5999708672
0.5999708686
0.5999708686
0.5999708686
0.5999708686
0.5999708686
0.5999708686
0.5999708686
0.5999708686
0.5999708686
0.5999708686
0.5999708686
0.5999708685
0.5999708683
0.5999708678
0.5999708686
0.5999708686
0.5999708686
0.5999708686
0.5999708686
0.5999708686
0.5999708686
0.5999708686
0.5999708686
0.5999708686
0.5999708686
0.5999708685
0.5999708684
0.5999708681
)
;

boundaryField
{
    top
    {
        type            calculated;
        value           nonuniform List<scalar> 
134
(
0.5999708686
0.5999708686
0.5999708686
0.5999708686
0.5999708686
0.5999708686
0.5999708686
0.5999708686
0.5999708686
0.5999708686
0.5999708686
0.5999708686
0.5999708686
0.5999708686
0.5999708686
0.5999708686
0.5999708686
0.5999708686
0.5999708686
0.5999708686
0.5999708686
0.5999708686
0.5999708686
0.5999708686
0.5999708686
0.5999708686
0.5999708686
0.5999708686
0.5999708686
0.5999708686
0.5999708686
0.5999708686
0.5999708686
0.5999708686
0.5999708686
0.5999708686
0.5999708686
0.5999708686
0.5999708686
0.5999708686
0.5999708686
0.5999708686
0.5999708686
0.5999708686
0.5999708686
0.5999708686
0.5999708686
0.5999708686
0.5999708686
0.5999708686
0.5999708686
0.5999708686
0.5999708686
0.5999708686
0.5999708686
0.5999708686
0.5999708686
0.5999708686
0.5999708686
0.5999708686
0.5999708686
0.5999708686
0.5999708686
0.5999708686
0.5999708686
0.5999708686
0.5999708686
0.5999708686
0.5999708686
0.5999708686
0.5999708686
0.5999708686
0.5999708686
0.5999708686
0.5999708686
0.5999708686
0.5999708686
0.5999708686
0.5999708686
0.5999708686
0.5999708686
0.5999708686
0.5999708686
0.5999708686
0.5999708686
0.5999708686
0.5999708686
0.5999708686
0.5999708686
0.5999708686
0.5999708686
0.5999708686
0.5999708686
0.5999708685
0.5999708685
0.5999708685
0.5999708685
0.5999708686
0.5999708686
0.5999708685
0.5999708685
0.5999708685
0.5999708684
0.5999708683
0.5999708684
0.5999708684
0.5999708685
0.5999708685
0.5999708684
0.5999708683
0.5999708682
0.599970868
0.5999708678
0.5999708679
0.5999708681
0.5999708683
0.5999708684
0.5999708682
0.5999708679
0.5999708675
0.5999708669
0.5999708665
0.5999708668
0.5999708673
0.5999708678
0.5999708681
0.5999708675
0.599970867
0.5999708658
0.5999708642
0.5999708633
0.599970864
0.5999708655
0.5999708667
)
;
    }
    bottom
    {
        type            calculated;
        value           nonuniform List<scalar> 
127
(
0.5999708686
0.5999708686
0.5999708686
0.5999708686
0.5999708686
0.5999708686
0.5999708686
0.5999708686
0.5999708686
0.5999708686
0.5999708686
0.5999708686
0.5999708686
0.5999708686
0.5999708686
0.5999708686
0.5999708686
0.5999708686
0.5999708686
0.5999708686
0.5999708686
0.5999708686
0.5999708686
0.5999708686
0.5999708686
0.5999708686
0.5999708686
0.5999708686
0.5999708686
0.5999708686
0.5999708686
0.5999708686
0.5999708686
0.5999708686
0.5999708686
0.5999708686
0.5999708686
0.5999708686
0.5999708686
0.5999708686
0.5999708686
0.5999708686
0.5999708686
0.5999708686
0.5999708686
0.5999708686
0.5999708686
0.5999708686
0.5999708686
0.5999708686
0.5999708686
0.5999708686
0.5999708686
0.5999708686
0.5999708686
0.5999708686
0.5999708686
0.5999708686
0.5999708686
0.5999708686
0.5999708686
0.5999708686
0.5999708686
0.5999708686
0.5999708686
0.5999708686
0.5999708686
0.5999708686
0.5999708686
0.5999708686
0.5999708686
0.5999708686
0.5999708686
0.5999708686
0.5999708686
0.5999708686
0.5999708686
0.5999708686
0.5999708686
0.5999708686
0.5999708686
0.5999708686
0.5999708686
0.5999708686
0.5999708686
0.5999708686
0.5999708686
0.5999708686
0.5999708686
0.5999708686
0.5999708686
0.5999708686
0.5999708685
0.5999708685
0.5999708685
0.5999708685
0.5999708685
0.5999708686
0.5999708686
0.5999708685
0.5999708685
0.5999708684
0.5999708683
0.5999708683
0.5999708683
0.5999708684
0.5999708685
0.5999708685
0.5999708684
0.5999708683
0.5999708681
0.5999708678
0.5999708677
0.5999708678
0.5999708681
0.5999708683
0.5999708684
0.5999708681
0.5999708678
0.5999708672
0.5999708664
0.5999708659
0.5999708663
0.5999708671
0.5999708677
0.5999708681
0.5999708674
)
;
    }
    side-walls
    {
        type            calculated;
        value           nonuniform List<scalar> 
261
(
0.5999708686
0.5999708686
0.5999708686
0.5999708686
0.5999708686
0.5999708686
0.5999708686
0.5999708686
0.5999708686
0.5999708686
0.5999708686
0.5999708686
0.5999708686
0.5999708686
0.5999708686
0.5999708686
0.5999708686
0.5999708686
0.5999708686
0.5999708686
0.5999708686
0.5999708686
0.5999708686
0.5999708686
0.5999708686
0.5999708686
0.5999708686
0.5999708686
0.5999708686
0.5999708686
0.5999708686
0.5999708686
0.5999708686
0.5999708686
0.5999708686
0.5999708686
0.5999708686
0.5999708686
0.5999708686
0.5999708686
0.5999708686
0.5999708686
0.5999708686
0.5999708686
0.5999708686
0.5999708686
0.5999708686
0.5999708686
0.5999708686
0.5999708686
0.5999708686
0.5999708686
0.5999708686
0.5999708686
0.5999708686
0.5999708686
0.5999708686
0.5999708686
0.5999708686
0.5999708686
0.5999708686
0.5999708686
0.5999708686
0.5999708686
0.5999708686
0.5999708686
0.5999708686
0.5999708686
0.5999708686
0.5999708686
0.5999708686
0.5999708686
0.5999708686
0.5999708686
0.5999708686
0.5999708686
0.5999708686
0.5999708686
0.5999708686
0.5999708686
0.5999708686
0.5999708686
0.5999708686
0.5999708686
0.5999708686
0.5999708686
0.5999708686
0.5999708686
0.5999708686
0.5999708686
0.5999708686
0.5999708686
0.5999708686
0.5999708685
0.5999708685
0.5999708685
0.5999708686
0.5999708686
0.5999708686
0.5999708685
0.5999708685
0.5999708685
0.5999708684
0.5999708684
0.5999708684
0.5999708685
0.5999708685
0.5999708685
0.5999708684
0.5999708683
0.5999708682
0.599970868
0.5999708679
0.599970868
0.5999708682
0.5999708683
0.5999708684
0.5999708681
0.5999708679
0.5999708674
0.5999708669
0.5999708666
0.5999708669
0.5999708675
0.5999708679
0.5999708682
0.5999708674
0.5999708668
0.5999708657
0.5999708642
0.5999708634
0.5999708643
0.5999708658
0.599970867
0.5999708675
0.5999708686
0.5999708686
0.5999708686
0.5999708686
0.5999708686
0.5999708686
0.5999708686
0.5999708686
0.5999708686
0.5999708686
0.5999708686
0.5999708686
0.5999708686
0.5999708686
0.5999708686
0.5999708686
0.5999708686
0.5999708686
0.5999708686
0.5999708686
0.5999708686
0.5999708686
0.5999708686
0.5999708686
0.5999708686
0.5999708686
0.5999708686
0.5999708686
0.5999708686
0.5999708686
0.5999708686
0.5999708686
0.5999708686
0.5999708686
0.5999708686
0.5999708686
0.5999708686
0.5999708686
0.5999708686
0.5999708686
0.5999708686
0.5999708686
0.5999708686
0.5999708686
0.5999708686
0.5999708686
0.5999708686
0.5999708686
0.5999708686
0.5999708686
0.5999708686
0.5999708686
0.5999708686
0.5999708686
0.5999708686
0.5999708686
0.5999708686
0.5999708686
0.5999708686
0.5999708686
0.5999708686
0.5999708686
0.5999708686
0.5999708686
0.5999708686
0.5999708686
0.5999708686
0.5999708686
0.5999708686
0.5999708686
0.5999708686
0.5999708686
0.5999708686
0.5999708686
0.5999708686
0.5999708686
0.5999708686
0.5999708686
0.5999708686
0.5999708686
0.5999708686
0.5999708686
0.5999708686
0.5999708686
0.5999708686
0.5999708686
0.5999708686
0.5999708686
0.5999708686
0.5999708686
0.5999708686
0.5999708686
0.5999708685
0.5999708685
0.5999708685
0.5999708685
0.5999708685
0.5999708686
0.5999708686
0.5999708685
0.5999708685
0.5999708684
0.5999708683
0.5999708683
0.5999708683
0.5999708684
0.5999708685
0.5999708685
0.5999708684
0.5999708683
0.599970868
0.5999708678
0.5999708676
0.5999708678
0.5999708681
0.5999708683
0.5999708684
0.5999708681
0.5999708677
0.5999708671
0.5999708663
0.5999708658
0.5999708664
0.5999708672
0.5999708678
0.5999708681
)
;
    }
    inlet
    {
        type            calculated;
        value           nonuniform List<scalar> 
81
(
0.5999708686
0.5999708686
0.5999708686
0.5999708686
0.5999708686
0.5999708686
0.5999708686
0.5999708686
0.5999708686
0.5999708686
0.5999708686
0.5999708686
0.5999708686
0.5999708686
0.5999708686
0.5999708686
0.5999708686
0.5999708686
0.5999708686
0.5999708686
0.5999708686
0.5999708686
0.5999708686
0.5999708686
0.5999708686
0.5999708686
0.5999708686
0.5999708686
0.5999708686
0.5999708686
0.5999708686
0.5999708686
0.5999708686
0.5999708686
0.5999708686
0.5999708686
0.5999708686
0.5999708686
0.5999708686
0.5999708686
0.5999708686
0.5999708686
0.5999708686
0.5999708686
0.5999708686
0.5999708686
0.5999708686
0.5999708686
0.5999708686
0.5999708686
0.5999708686
0.5999708686
0.5999708686
0.5999708686
0.5999708686
0.5999708686
0.5999708686
0.5999708686
0.5999708686
0.5999708686
0.5999708686
0.5999708686
0.5999708686
0.5999708686
0.5999708686
0.5999708686
0.5999708686
0.5999708686
0.5999708686
0.5999708686
0.5999708686
0.5999708686
0.5999708686
0.5999708686
0.5999708686
0.5999708686
0.5999708686
0.5999708686
0.5999708686
0.5999708686
0.5999708686
)
;
    }
    outlet
    {
        type            calculated;
        value           nonuniform 0();
    }
    procBoundary0to1
    {
        type            processor;
        value           nonuniform List<scalar> 
97
(
0.5999708664
0.5999708667
0.5999708652
0.5999708629
0.59997086
0.5999708583
0.5999708601
0.599970863
0.5999708654
0.5999708665
0.5999708667
0.5999708667
0.5999708628
0.599970862
0.5999708574
0.5999708496
0.5999708441
0.59997085
0.5999708578
0.599970863
0.5999708653
0.5999708655
0.599970862
0.599970862
0.5999708433
0.5999708361
0.5999708185
0.5999707961
0.5999708204
0.5999708446
0.5999708578
0.599970863
0.5999708638
0.5999708576
0.5999708361
0.5999708361
0.5999707443
0.5999706819
0.599970647
0.5999707509
0.5999708201
0.5999708498
0.59997086
0.5999708628
0.5999708541
0.599970821
0.5999706819
0.5999706819
0.5999702566
0.5999706838
0.5999706466
0.5999707881
0.5999707952
0.5999708438
0.5999708581
0.5999708638
0.5999708579
0.5999708394
0.5999707907
0.5999706838
0.5999707881
0.5999707881
0.5999708184
0.5999708535
0.5999708492
0.5999708598
0.5999708655
0.5999708625
0.5999708547
0.5999708393
0.5999708209
0.5999708394
0.5999708535
0.5999708535
0.5999708574
0.5999708653
0.5999708628
0.5999708668
0.5999708655
0.5999708625
0.5999708578
0.5999708541
0.599970858
0.5999708624
0.5999708653
0.5999708653
0.5999708652
0.5999708674
0.5999708675
0.5999708668
0.5999708655
0.5999708638
0.5999708628
0.5999708639
0.5999708655
0.5999708668
0.5999708674
)
;
    }
}


// ************************************************************************* //
