#time mass rho rad_par
110 0.00361720688998264 5105.20204488007 0.00553040922789528
120 0.00361411185517039 5100.08018028889 0.0055306816238226
130 0.00361110406085727 5095.0527239529 0.00553096491968202
140 0.00360815985301315 5090.09045412614 0.00553125762646279
150 0.00360527007319843 5085.18423142431 0.00553155838750876
160 0.00360242866787591 5080.32872903258 0.00553186604849085
170 0.00359963097060834 5075.52005097808 0.00553217964270421
180 0.00359687319022163 5070.75508256214 0.00553249836540658
190 0.00359415216336335 5066.0312241368 0.00553282154432265
200 0.00359146520673651 5061.34625696498 0.00553314861311757
210 0.00358881001555475 5056.69825890188 0.00553347909034568
220 0.00358618458898421 5052.08554558129 0.0055338125628775
230 0.0035835871752748 5047.50662844522 0.00553414867323424
240 0.00358101622958063 5042.9601831015 0.00553448710962577
250 0.00357847038023056 5038.44502306671 0.00553482759832981
260 0.00357594839982625 5033.96007456903 0.00553516989814134
270 0.00357344918597456 5029.50436545735 0.00553551379460048
280 0.0035709717432517 5025.07700973422 0.00553585909643734
290 0.00356851516900591 5020.67719701826 0.00553620563217664
300 0.00356607864208953 5016.30418458891 0.0055365532472942
310 0.00356366141058565 5011.95728562037 0.00553690180224422
320 0.00356126278405143 5007.63586313025 0.00553725117071515
330 0.00355888212648127 5003.3393249336 0.00553760123788108
340 0.00355651885009459 4999.06711878856 0.00553795189900346
350 0.00355417241045621 4994.81872849635 0.00553830305836688
360 0.00355184230146424 4990.59366957653 0.00553865462829921
370 0.00354952805156762 4986.39148635918 0.00553900652830328
380 0.00354722922082075 4982.21174983641 0.00553935868433978
390 0.00354494539616658 4978.05405276647 0.00553971102820361
400 0.003542676190787 4973.91801050619 0.00554006349689241
410 0.0035404212408007 4969.80325752798 0.00554041603219164
420 0.00353818020316963 4965.70944578531 0.00554076858020234
430 0.00353595275395781 4961.63624333293 0.0055411210909564
440 0.00353373858699355 4957.58333340143 0.00554147351807209
450 0.00353153741247352 4953.55041325029 0.00554182581846049
460 0.00352934895462495 4949.5371916318 0.00554217795205636
470 0.00352717295196888 4945.54338989079 0.00554252988155297
480 0.00352500915558222 4941.5687400989 0.00554288157219498
490 0.0035228573279981 4937.61298403224 0.00554323299159033
500 0.00352071724261167 4933.67587293627 0.00554358410949201
510 0.00351858868273427 4929.75716650649 0.00554393489768822
520 0.00351647144129991 4925.85663301237 0.00554428532980634
530 0.00351436531950474 4921.97404763863 0.00554463538122405
540 0.00351227012754006 4918.10919404032 0.00554498502887477
550 0.00351018568234495 4914.26186120408 0.0055453342512475
560 0.0035081118079582 4910.43184448107 0.00554568302818727
570 0.00350604833559712 4906.61894587399 0.00554603134083118
580 0.00350399510234073 4902.8229723567 0.00554637917154962
590 0.0035019519510788 4899.04373610966 0.0055467265038331
600 0.00349991873032923 4895.28105442691 0.00554707332223309
610 0.00349789529391502 4891.53474948335 0.0055474196122811
620 0.00349588150058641 4887.80464793004 0.00554776536044365
630 0.00349387721353169 4884.09058034751 0.00554811055407194
640 0.00349188230048119 4880.39238161703 0.00554845518131793
650 0.00348989663300534 4876.70988996416 0.00554879923112621
660 0.00348792008738495 4873.04294850057 0.00554914269311181
670 0.00348595254291268 4869.39140265879 0.0055494855576339
680 0.00348399388270643 4865.75510170573 0.00554982781565382
690 0.00348204399306976 4862.13389778107 0.00555016945876188
700 0.00348010276391131 4858.52764675171 0.00555051047907585
710 0.00347817008763186 4854.93620648895 0.00555085086930599
720 0.00347624586014806 4851.35943868352 0.00555119062260882
730 0.00347432997971853 4847.79720698052 0.00555152973267381
740 0.00347242234707354 4844.24937737499 0.00555186819364245
750 0.0034705228659967 4840.71581919076 0.00555220600004464
760 0.00346863144286149 4837.19640442336 0.00555254314680291
770 0.00346674798599748 4833.69100678583 0.00555287962925959
780 0.00346487240616943 4830.19950259848 0.00555321544309248
790 0.0034630046158881 4826.72176968243 0.00555355058437079
800 0.00346114452974207 4823.25768805112 0.00555388504946784
810 0.00345929206471046 4819.80714042948 0.00555421883502913
820 0.00345744713962167 4816.37001142495 0.00555455193800087
830 0.00345560967473173 4812.94618687892 0.00555488435565385
840 0.00345377959236482 4809.53555505885 0.00555521608546824
850 0.00345195681635667 4806.13800569986 0.00555554712520402
860 0.00345014127226449 4802.75343044886 0.00555587747284261
870 0.00344833288687859 4799.38172210189 0.00555620712661881
880 0.00344653158887409 4796.02277570386 0.00555653608494654
890 0.00344473730838639 4792.67648789437 0.00555686434644307
900 0.00344294997685916 4789.34275669358 0.00555719190992996
910 0.00344116952708457 4786.02148161818 0.00555751877440988
920 0.00343939589322556 4782.71256375759 0.00555784493904899
930 0.00343762901055576 4779.41590535253 0.00555817040319992
940 0.00343586881606862 4776.13141087416 0.00555849516631167
950 0.0034341152470226 4772.85898456683 0.00555881922809804
960 0.00343236824264655 4769.59853342804 0.00555914258830123
970 0.00343062774313312 4766.34996543686 0.00555946524683593
980 0.00342889368952574 4763.11318946661 0.00555978720376227
990 0.00342716602382512 4759.88811547813 0.00556010845926814
1000 0.00342544468954388 4756.6746554692 0.0055604290135992
1010 0.00342372963063923 4753.47272166287 0.00556074886718686
1020 0.00342202079207081 4750.28222755149 0.00556106802054337
1030 0.0034203181201866 4747.10308851369 0.00556138647422971
1040 0.00341862156199647 4743.93522058158 0.0055617042289428
1050 0.00341693106536365 4740.77854083702 0.00556202128546443
1060 0.00341524657885603 4737.632967156 0.00556233764468035
1070 0.00341356805198856 4734.49841865469 0.00556265330753716
1080 0.00341189543511861 4731.37481549897 0.00556296827505968
1090 0.00341022867937309 4728.26207881143 0.00556328254834756
1100 0.00340856773657715 4725.1601305599 0.00556359612857999
1110 0.00340690403972614 4722.06888937982 0.00556390438083859
1120 0.00340525458338804 4718.98828386741 0.00556421657889981
1130 0.003403610800423 4715.91823925484 0.00556452808775543
1140 0.0034019726455955 4712.85868129047 0.00556483890882282
1150 0.00340034007432214 4709.8095365737 0.00556514904357025
1160 0.00339871304273931 4706.77073266853 0.00556545849350875
1170 0.00339709150763576 4703.74219799042 0.00556576726019964
1180 0.00339547542629462 4700.72386155749 0.00556607534526611
1190 0.00339386475681001 4697.71565354713 0.0055663827503463
1200 0.00339225945791116 4694.71750499066 0.00556668947711735
1210 0.00339065948881767 4691.72934753783 0.00556699552730904
1220 0.00338906480910114 4688.75111323993 0.00556730090271364
1230 0.00338747537921482 4685.78273546824 0.00556760560511227
1240 0.00338589116010703 4682.82414823656 0.00556790963633095
1250 0.00338431211304434 4679.87528593652 0.00556821299824832
1260 0.00338273820000582 4676.93608399619 0.00556851569275057
1270 0.00338116938354446 4674.00647865212 0.0055688177217454
1280 0.00337960562656597 4671.08640659297 0.00556911908718185
1290 0.00337804689256968 4668.17580537398 0.00556941979101774
1300 0.00337649314535405 4665.27461289731 0.0055697198352641
1310 0.00337494434934846 4662.38276803217 0.00557001922192076
1320 0.00337340046932766 4659.50021008274 0.00557031795303066
1330 0.00337186147071316 4656.62687934201 0.00557061603062492
1340 0.00337032731930599 4653.76271660719 0.00557091345676847
1350 0.00336879798122497 4650.90766312219 0.00557121023354879
1360 0.0033672734230634 4648.06166082493 0.00557150636306336
1370 0.00336575361178777 4645.22465218983 0.0055718018474264
1380 0.00336423851480075 4642.39658032538 0.00557209668876443
1390 0.00336272810005795 4639.57738918873 0.00557239088919451
1400 0.00336122233560656 4636.76702278916 0.00557268445088805
1410 0.00335972119034959 4633.96542652543 0.00557297737595722
1420 0.00335822463316667 4631.172545642 0.00557326966658721
1430 0.00335673263324381 4628.38832585168 0.00557356132496891
1440 0.00335524516027799 4625.61271366146 0.00557385235328107
1450 0.00335376218448694 4622.84565638337 0.00557414275369107
1460 0.00335228367630607 4620.08710162599 0.00557443252839095
1470 0.00335080960650754 4617.33699750789 0.00557472167957748
1480 0.00334933994630987 4614.5952928407 0.00557501020943898
1490 0.00334787466701344 4611.86193652019 0.00557529812019805
1500 0.00334641374039717 4609.1368781984 0.00557558541406081
1510 0.00334495713843236 4606.42006779255 0.00557587209325567
1520 0.00334350483356375 4603.71145599779 0.00557615815998243
1530 0.00334205679873374 4601.01099427783 0.00557644361642917
1540 0.0033406130067884 4598.31863388894 0.00557672846483587
1550 0.00333917343110339 4595.63432695955 0.00557701270740631
1560 0.0033377380452076 4592.95802581314 0.00557729634637201
1570 0.00333630682316199 4590.28968366405 0.00557757938392151
1580 0.00333487973900504 4587.62925362221 0.00557786182229405
1590 0.00333345676721893 4584.97668954342 0.00557814366369486
1600 0.00333203788263032 4582.33194581935 0.00557842491032462
1610 0.00333062306028877 4579.69497718341 0.00557870556439012
1620 0.00332921227541167 4577.06573863367 0.00557898562810469
1630 0.00332780550364547 4574.44418586822 0.00557926510365697
1640 0.00332640272066487 4571.83027459723 0.0055795439932664
1650 0.00332500390253029 4569.22396118027 0.0055798222991237
1660 0.00332360902556879 4566.62520238494 0.00558010002342218
1670 0.00332221806648662 4564.03395560777 0.00558037716833058
1680 0.00332083100205918 4561.45017833459 0.00558065373603907
1690 0.00331944780928483 4558.87382842073 0.00558092972873113
1700 0.00331806846554131 4556.3048643506 0.00558120514856501
1710 0.00331669294815084 4553.74324448338 0.00558147999773765
1720 0.00331532123486738 4551.18892791826 0.00558175427840445
1730 0.00331395330350844 4548.64187382408 0.0055820279927464
1740 0.00331258913245054 4546.10204232451 0.00558230114288602
1750 0.00331122870001686 4543.56939343027 0.00558257373098005
1760 0.00330987198487824 4541.04388772873 0.00558284575916238
1770 0.00330851896588623 4538.52548610848 0.00558311722956274
1780 0.00330716962205597 4536.01414971847 0.0055833881443137
1790 0.00330582393266863 4533.50984015902 0.00558365850552977
1800 0.00330448187706772 4531.01251912627 0.00558392831533848
1810 0.00330314343486661 4528.52214877137 0.00558419757584961
1820 0.00330180858599371 4526.0386917723 0.00558446628915091
1830 0.00330047731043911 4523.56211090592 0.00558473445734098
1840 0.00329914958853519 4521.09236952479 0.00558500208249126
1850 0.00329782540055693 4518.62943087643 0.00558526916670056
1860 0.00329650472717305 4516.17325889026 0.00558553571202543
1870 0.00329518754918476 4513.72381770144 0.00558580172052862
1880 0.00329387384739486 4511.28107145232 0.00558606719428695
1890 0.00329256360301654 4508.84498498898 0.00558633213533476
1900 0.00329125679740802 4506.4155233921 0.0055865965457073
1910 0.00328995341212462 4503.99265207977 0.00558686042742757
1920 0.00328865342875758 4501.57633653037 0.00558712378252948
1930 0.00328735682918267 4499.16654270679 0.00558738661302306
1940 0.00328606359536329 4496.76323672824 0.00558764892091853
1950 0.00328477370938668 4494.36638492254 0.00558791070822506
1960 0.00328348715368417 4491.97595421109 0.00558817197691597
1970 0.00328220391060666 4489.59191137249 0.005588432728993
1980 0.00328092396283955 4487.21422376651 0.00558869296642142
1990 0.00327964729325388 4484.84285906626 0.00558895269115639
2000 0.00327837388476633 4482.47778502598 0.00558921190515976
2010 0.00327710372048639 4480.11896972783 0.00558947061038108
2020 0.00327583678374339 4477.76638164286 0.00558972880874734
2030 0.00327457305787671 4475.41998925639 0.00558998650219947
2040 0.00327331252640489 4473.07976137034 0.00559024369266253
2050 0.00327205517304289 4470.74566712633 0.00559050038204579
2060 0.00327080098157551 4468.41767578518 0.00559075657226238
2070 0.00326954993601916 4466.09575701901 0.00559101226519952
2080 0.00326830202043944 4463.77988057954 0.00559126746275276
2090 0.0032670572191693 4461.47001668552 0.00559152216678856
2100 0.00326581551649643 4459.1661354807 0.00559177637919218
2110 0.00326456873369846 4456.86820419304 0.00559202544215746
2120 0.00326333318325629 4454.5761970049 0.005592278677022
2130 0.00326210068540479 4452.29008493292 0.0055925314258052
2140 0.00326087122514525 4450.00983937042 0.0055927836903292
2150 0.00325964478747109 4447.73543170163 0.00559303547242815
2160 0.00325842135753271 4445.46683359522 0.00559328677391945
2170 0.00325720092065203 4443.20401701515 0.00559353759660734
2180 0.00325598346225234 4440.94695410387 0.00559378794229159
2190 0.00325476896792722 4438.69561731022 0.00559403781275317
2200 0.00325355742331195 4436.44997914959 0.00559428720978122
2210 0.00325234881409213 4434.21001224852 0.00559453613515913
2220 0.00325114312619642 4431.97568965259 0.00559478459064549
2230 0.00324994034564326 4429.7469845723 0.00559503257799289
2240 0.00324874045850891 4427.52387032146 0.00559528009895547
2250 0.00324754345098833 4425.30632042511 0.00559552715527824
2260 0.00324634930949967 4423.09430881034 0.00559577374867664
2270 0.00324515802052954 4420.88780950898 0.00559601988087273
2280 0.0032439695706622 4418.68679674635 0.00559626555357451
2290 0.00324278394655231 4416.49124486652 0.00559651076849168
2300 0.00324160113488236 4414.30112828844 0.00559675552732959
2310 0.00324042112254851 4412.11642179823 0.00559699983177261
2320 0.00323924389660786 4409.93710046613 0.00559724368348866
2330 0.00323806944413213 4407.76313939314 0.00559748708415206
2340 0.00323689775234455 4405.5945139493 0.00559773003542141
2350 0.00323572880853599 4403.43119963151 0.0055979725389514
2360 0.00323456260018049 4401.27317226113 0.00559821459637556
2370 0.00323339911481841 4399.12040778123 0.00559845620932467
2380 0.00323223833996889 4396.9728821138 0.00559869737943676
2390 0.00323108026327874 4394.83057141025 0.00559893810833666
2400 0.00322992487254546 4392.69345209359 0.00559917839763135
2410 0.00322877215569765 4390.56150081427 0.00559941824891717
2420 0.00322762210064381 4388.4346941987 0.00559965766379928
2430 0.00322647469543169 4386.31300913453 0.00559989664386241
2440 0.00322532992824735 4384.19642274125 0.0056001351906827
2450 0.00322418778738395 4382.08491234051 0.00560037330582215
2460 0.00322304826106405 4379.97845514251 0.00560061099085924
2470 0.00322191133775857 4377.87702880037 0.00560084824733738
2480 0.00322077700601253 4375.78061109452 0.00560108507679834
2490 0.00321964525439922 4373.68917986699 0.00560132148078364
2500 0.00321851607164754 4371.60271323352 0.00560155746081776
2510 0.00321738944649604 4369.52118934446 0.00560179301842553
2520 0.00321626536781774 4367.44458658779 0.00560202815511767
2530 0.00321514382449906 4365.37288338459 0.00560226287240791
2540 0.00321402480556753 4363.30605841517 0.00560249717179034
2550 0.00321290830012528 4361.24409048957 0.00560273105475608
2560 0.00321179429733923 4359.18695854702 0.00560296452278774
2570 0.0032106827865601 4357.13464184569 0.00560319757734721
2580 0.0032095737570534 4355.08711950741 0.00560343021991421
2590 0.00320846719821547 4353.04437090515 0.00560366245194588
2600 0.00320736309960337 4351.00637568004 0.0056038942748867
2610 0.00320626145067309 4348.97311332054 0.00560412569019662
2620 0.0032051622410967 4346.94456369937 0.00560435669930518
2630 0.00320406546064176 4344.92070685524 0.0056045873036349
2640 0.00320297109906879 4342.90152283171 0.00560481750461065
2650 0.00320187914623518 4340.88699184436 0.00560504730364836
2660 0.00320078959206922 4338.87709424707 0.00560527670215427
2670 0.0031997024266049 4336.87181057867 0.00560550570152507
2680 0.00319861763989124 4334.87112142083 0.0056057343031561
2690 0.00319753522215621 4332.87500766586 0.00560596250842158
2700 0.00319645516355671 4330.88345009942 0.0056061903187084
2710 0.00319537745442438 4328.89642981791 0.00560641773537968
2720 0.00319430208506871 4326.91392789208 0.00560664475980473
2730 0.00319322904590708 4324.93592558597 0.00560687139334052
2740 0.00319215832749064 4322.9624044049 0.00560709763732604
2750 0.00319108992037509 4320.99334586425 0.00560732349310643
2760 0.00319002381516554 4319.02873158624 0.00560754896201741
2770 0.00318896000251571 4317.06854328437 0.0056077740453915
2780 0.00318789847322411 4315.11276292903 0.00560799874454255
2790 0.00318683921808136 4313.16137248949 0.00560822306078796
2800 0.00318578222795602 4311.21435407995 0.00560844699543562
2810 0.00318472749381829 4309.27168999539 0.00560867054978224
2820 0.00318367500670833 4307.33336265923 0.00560889372511735
2830 0.00318262475763338 4305.39935445701 0.00560911652273505
2840 0.00318157673772572 4303.46964799514 0.00560933894391435
2850 0.00318053093818868 4301.54422601581 0.00560956098992436
2860 0.00317948735029526 4299.62307138398 0.00560978266202907
2870 0.00317844596529197 4297.70616693386 0.00561000396149747
2880 0.00317740677454073 4295.79349571279 0.0056102248895809
2890 0.00317636976945545 4293.88504086228 0.00561044544752743
2900 0.0031753349415675 4291.98078573477 0.00561066563656949
2910 0.00317430228243058 4290.08071372462 0.00561088545794136
2920 0.00317327178363801 4288.1848083096 0.0056111049128713
2930 0.00317224343679765 4286.29305300852 0.00561132400258512
2940 0.00317121723365721 4284.40543158572 0.00561154272829086
2950 0.00317019316591924 4282.5219277373 0.00561176109120648
2960 0.00316917122542838 4280.64252541786 0.00561197909252767
2970 0.00316815140404658 4278.76720861975 0.00561219673345053
2980 0.00316713369377274 4276.89596156801 0.00561241401515697
2990 0.00316611808644006 4275.02876823301 0.00561263093884902
3000 0.00316510457413342 4273.16561301958 0.00561284750569392
3010 0.00316409314894061 4271.30648034153 0.00561306371686316
3020 0.00316308380295942 4269.45135464529 0.0056132795735264
3030 0.00316207652835417 4267.60022050335 0.0056134950768438
3040 0.00316107131740139 4265.75306268277 0.00561371022796302
3050 0.00316006816238195 4263.90986596833 0.00561392502803283
3060 0.00315906705560433 4262.07061520905 0.00561413947819646
3070 0.0031580679894635 4260.23529540652 0.00561435357958765
3080 0.00315707095637945 4258.40389161431 0.00561456733333831
3090 0.00315607594881566 4256.57638897278 0.0056147807405742
3100 0.00315508295929866 4254.75277274127 0.00561499380241223
3110 0.00315408409368323 4252.93302554549 0.00561520184093622
3120 0.00315309511899138 4251.11713549767 0.00561541421545613
3130 0.00315210814018893 4249.30508814596 0.00561562624790151
3140 0.00315112315000761 4247.49686913923 0.00561583793936367
3150 0.00315014014124867 4245.69246424567 0.00561604929092849
3160 0.00314915910666039 4243.89185915832 0.0056162603036894
3170 0.00314818003911918 4242.09503980189 0.00561647097871962
3180 0.00314720293148474 4240.30199207851 0.00561668131709819
3190 0.00314622777668634 4238.51270202293 0.00561689131989275
3200 0.00314525456768434 4236.72715573282 0.00561710098816737
3210 0.00314428329752702 4234.94533945966 0.0056173103229761
3220 0.0031433139592053 4233.16723937147 0.00561751932538141
3230 0.00314234654588701 4231.39284194659 0.00561772799641951
3240 0.0031413810507253 4229.62213364154 0.005617936337133
3250 0.0031404174669037 4227.85510097973 0.00561814434855854
3260 0.00313945578765824 4226.09173058226 0.00561835203172627
3270 0.003138496006254 4224.33200912501 0.00561855938766485
3280 0.00313753811600191 4222.5759233753 0.00561876641739514
3290 0.00313658211029742 4220.82346025046 0.00561897312192731
3300 0.00313562798247421 4219.07460657774 0.00561917950227993
3310 0.00313467572600462 4217.32934942377 0.00561938555945343
3320 0.00313372533436534 4215.58767587301 0.00561959129444817
3330 0.00313277680106977 4213.84957308141 0.00561979670825993
3340 0.00313183011963489 4212.11502822414 0.00562000180188325
3350 0.00313088528363202 4210.38402857813 0.00562020657630509
3360 0.00312994228674473 4208.6565616137 0.00562041103249868
3370 0.00312900112262828 4206.93261476412 0.00562061517144182
3380 0.00312806178500909 4205.21217558719 0.00562081899410454
3390 0.00312712426763333 4203.49523168808 0.0056210225014526
3400 0.00312618856425751 4201.78177070262 0.00562122569444928
3410 0.00312525466866674 4200.07178032357 0.00562142857405455
3420 0.00312432257475889 4198.3652484371 0.00562163114121468
3430 0.00312339227643411 4196.66216294188 0.00562183339687654
3440 0.00312246376759976 4194.96251176201 0.00562203534198485
3450 0.00312153704219412 4193.26628288484 0.00562223697747946
3460 0.00312061209423258 4191.57346443474 0.00562243830429009
3470 0.00311968891774755 4189.88404457326 0.00562263932334477
3480 0.00311876750678618 4188.19801149485 0.00562284003557044
3490 0.003117847855454 4186.51535350153 0.00562304044188564
3500 0.00311692995787841 4184.83605894389 0.00562324054320503
3510 0.00311601380819188 4183.16011618801 0.00562344034044398
3520 0.00311509940062547 4181.48751377249 0.0056236398345045
3530 0.00311418672943055 4179.81824027809 0.00562383902628648
3540 0.00311327578888234 4178.15228433473 0.00562403791668667
3550 0.0031123665732678 4176.48963460308 0.00562423650659957
3560 0.00311145907693953 4174.83027986224 0.00562443479691059
3570 0.00311055329426057 4173.17420891235 0.00562463278850642
3580 0.00310964921960493 4171.52141058836 0.00562483048226915
3590 0.00310874684739285 4169.8718738098 0.00562502787907516
3600 0.00310784617207648 4168.22558755973 0.00562522497979586
3610 0.00310694718814933 4166.58254089807 0.00562542178529742
3620 0.00310604989016026 4164.94272298124 0.00562561829644026
3630 0.00310515427263174 4163.30612293468 0.00562581451408714
3640 0.0031042603301839 4161.67273005217 0.00562601043908821
3650 0.00310336805741784 4160.04253360607 0.00562620607229602
3660 0.00310247744894103 4158.41552288887 0.00562640141456212
3670 0.00310158849942429 4156.7916873121 0.00562659646672684
3680 0.00310070120358735 4155.1710163705 0.00562679122962672
3690 0.0030998155561809 4153.55349961744 0.00562698570409468
3700 0.00309893155192838 4151.93912656987 0.00562717989096768
3710 0.00309804918562525 4150.32788688257 0.00562737379106813
3720 0.00309716845208978 4148.71977024655 0.0056275674052199
3730 0.00309628934617137 4147.11476641525 0.00562776073424153
3740 0.00309541186276753 4145.51286522857 0.00562795377894559
3750 0.00309453599676381 4143.91405651797 0.0056281465401452
3760 0.00309366174309298 4142.31833020105 0.00562833901864707
3770 0.00309278909670564 4140.72567623241 0.00562853121525588
3780 0.00309191805259664 4139.13608465061 0.00562872313076903
3790 0.00309104860577271 4137.54954551999 0.00562891476598332
3800 0.00309018075127212 4135.9660489646 0.00562910612169148
3810 0.00308931448416211 4134.38558516628 0.00562929719868143
3820 0.00308844979954037 4132.80814436362 0.00562948799773766
3830 0.00308758669254518 4131.23371687097 0.00562967851963869
3840 0.00308672515831304 4129.66229300665 0.00562986876516392
3850 0.00308586519196883 4128.0938630852 0.00563005873509116
3860 0.00308500678878173 4126.52841765644 0.0056302484301827
3870 0.00308414994394383 4124.96594715569 0.00563043785120974
3880 0.00308329465270038 4123.40644211707 0.00563062699893451
3890 0.00308244091034037 4121.84989315148 0.0056308158741146
3900 0.00308158871212727 4120.29629083856 0.00563100447750991
3910 0.00308073805340616 4118.74562590097 0.0056311928098685
3920 0.00307988892953902 4117.1978890899 0.0056313808719393
3930 0.00307904133586359 4115.6530711319 0.00563156866447128
3940 0.0030781952678146 4114.11116291596 0.00563175618820199
3950 0.00307735072079124 4112.57215528218 0.00563194344387312
3960 0.00307650769022945 4111.03603913877 0.0056321304322212
3970 0.00307566617164141 4109.50280552447 0.00563231715397313
3980 0.00307482616048986 4107.97244540904 0.00563250360986064
3990 0.00307398765229397 4106.44494986178 0.00563268980060781
4000 0.00307315064257353 4104.92030996261 0.0056328757269377
4010 0.00307231512693398 4103.39851693172 0.00563306138956493
4020 0.00307148110093565 4101.87956192582 0.00563324678920893
4030 0.00307064856017876 4100.36343618235 0.00563343192657997
4040 0.0030698175003112 4098.85013101769 0.00563361680238464
4050 0.00306898791699037 4097.33963776879 0.00563380141732921
4060 0.00306815980589061 4095.83194780789 0.00563398577211746
4070 0.00306733316270826 4094.3270525553 0.00563416986744788
4080 0.0030665079832004 4092.82494353381 0.00563435370401237
4090 0.00306568426304978 4091.32561215679 0.00563453728251077
4100 0.00306486199803478 4089.82905000255 0.00563472060362902
4110 0.00306403352258149 4088.33524639046 0.00563489897257125
4120 0.00306321415601016 4086.84419522532 0.00563508178111216
4130 0.00306239623199866 4085.355888198 0.00563526433432449
4140 0.0030615797464036 4083.87031704545 0.00563544663288192
4150 0.00306076469510693 4082.387473541 0.00563562867746004
4160 0.00305995107398362 4080.9073494642 0.00563581046873043
4170 0.00305913887895624 4079.42993667402 0.00563599200736041
4180 0.00305832810594234 4077.95522703167 0.00563617329401625
4190 0.00305751875089533 4076.48321246154 0.00563635432936022
4200 0.00305671080978731 4075.01388492653 0.00563653511405136
4210 0.00305590427863015 4073.54723645921 0.00563671564874402
4220 0.00305509915344076 4072.08325910454 0.00563689593409296
4230 0.00305429543025157 4070.62194494613 0.00563707597074765
4240 0.0030534931050696 4069.16328603181 0.00563725575936138
4250 0.00305269217399324 4067.70727456769 0.00563743530057355
4260 0.00305189263311878 4066.25390275795 0.00563761459502609
4270 0.00305109447856468 4064.80316284812 0.00563779364335838
4280 0.0030502977064578 4063.3550471072 0.00563797244620703
4290 0.0030495023129382 4061.90954783044 0.00563815100420752
4300 0.00304870829420216 4060.46665741291 0.00563832931798667
4310 0.00304791564642383 4059.02636821748 0.0056385073881754
4320 0.00304712436578175 4057.58867262844 0.00563868521540026
4330 0.00304633444853291 4056.1535631568 0.00563886280028032
4340 0.00304554589091574 4054.72103229365 0.00563904014343523
4350 0.00304475868917011 4053.291072537 0.00563921724548509
4360 0.00304397283958835 4051.86367647819 0.0056393941070419
4370 0.00304318833848167 4050.438836742 0.00563957072871654
4380 0.00304240518215937 4049.01654595975 0.00563974711111845
4390 0.00304162336692709 4047.59679676371 0.00563992325485705
4400 0.00304084288913962 4046.17958187477 0.00564009916053373
4410 0.00304006374517662 4044.76489405318 0.00564027482874964
4420 0.00303928593144753 4043.35272611453 0.00564045026010131
4430 0.00303850944432712 4041.94307082681 0.00564062545518861
4440 0.00303773428023242 4040.53592103468 0.00564080041460459
4450 0.0030369604356152 4039.13126964422 0.00564097513893779
4460 0.00303618790692427 4037.72910955986 0.00564114962877837
4470 0.00303541669063792 4036.32943374414 0.00564132388471025
4480 0.00303464678324124 4034.93223517309 0.0056414979073179
4490 0.00303387818123549 4033.53750685682 0.00564167169718248
4500 0.00303311088113287 4032.14524183152 0.00564184525488237
4510 0.0030323448795034 4030.75543322555 0.00564201858099133
4520 0.00303158017289566 4029.36807414425 0.0056421916760831
4530 0.0030308167578777 4027.98315772899 0.00564236454072923
4540 0.00303005463103429 4026.60067715327 0.00564253717549911
4550 0.00302929378897162 4025.22062563407 0.00564270958095767
4560 0.00302853422829564 4023.84299639185 0.00564288175767048
4570 0.00302777594563507 4022.46778269233 0.00564305370619864
4580 0.00302701893764006 4021.09497784137 0.00564322542710018
4590 0.00302626320095633 4019.72457514379 0.00564339692093334
4600 0.00302550873229409 4018.35656801052 0.00564356818824924
4610 0.0030247555283385 4016.99094981787 0.00564373922960199
4620 0.00302400358579971 4015.62771398802 0.00564391004554222
4630 0.00302325290143169 4014.26685402136 0.00564408063661353
4640 0.00302250347195597 4012.90836337019 0.00564425100336426
4650 0.00302175529412725 4011.5522355475 0.00564442114633732
4660 0.00302100836473301 4010.19846412533 0.00564459106607067
4670 0.00302026268055593 4008.84704267096 0.00564476076310385
4680 0.00301951823841149 4007.49796480958 0.00564493023797198
4690 0.00301877503508881 4006.15122413454 0.00564509949121104
4700 0.00301803306742555 4004.80681431928 0.00564526852335194
4710 0.00301729233227511 4003.46472906725 0.00564543733492357
4720 0.00301655282652864 4002.12496214727 0.00564560592644994
4730 0.00301581454702212 4000.78750724678 0.00564577429846115
4740 0.0030150774906376 3999.45235813868 0.00564594245147814
4750 0.00301434165431443 3998.11950868279 0.00564611038601892
4760 0.00301360703494542 3996.78895267523 0.00564627810260467
4770 0.00301287362945275 3995.46068396309 0.00564644560175312
4780 0.00301214143480207 3994.13469646819 0.00564661288397619
4790 0.00301141044793535 3992.81098408202 0.00564677994978746
4800 0.00301068066582745 3991.48954075385 0.00564694679969602
4810 0.00300995208545925 3990.17036044725 0.00564711343421016
4820 0.00300922470384221 3988.85343717623 0.00564727985383566
4830 0.0030084985180092 3987.53876499424 0.00564744605907522
4840 0.00300777352495411 3986.22633790339 0.00564761205043352
4850 0.00300704972171603 3984.91614998062 0.00564777782841033
4860 0.00300632710538039 3983.60819538127 0.00564794339349951
4870 0.0030056056730081 3982.30246822391 0.00564810874619903
4880 0.00300488542169134 3980.99896268476 0.00564827388700131
4890 0.00300416634850455 3979.69767291579 0.00564843881640117
4900 0.00300344845054887 3978.39859312096 0.00564860353488769
4910 0.00300273172493832 3977.10171752901 0.00564876804294831
4920 0.00300201616882577 3975.80704043195 0.00564893234106697
4930 0.00300130177932194 3974.5145560624 0.00564909642973131
4940 0.00300058855358606 3973.22425873672 0.00564926030942178
4950 0.00299987648879718 3971.93614280336 0.00564942398061807
4960 0.00299916558214368 3970.65020263383 0.00564958744379682
4970 0.00299845583083055 3969.36643262752 0.00564975069943385
4980 0.00299774723207745 3968.0848272087 0.0056499137480044
4990 0.002997039783082 3966.80538077947 0.00565007658998233
5000 0.00299633348106153 3965.52808777738 0.00565023922583907
5010 0.00299562832328877 3964.25294273234 0.00565040165603893
5020 0.00299492430698446 3962.97994009244 0.00565056388105438
5030 0.00299422142946476 3961.70907446403 0.0056507259013446
5040 0.00299351968798777 3960.44034036534 0.00565088771737609
5050 0.00299281907982616 3959.17373234609 0.00565104932961144
5060 0.00299211960227544 3957.90924499834 0.0056512107385094
5070 0.00299142125267321 3956.64687298073 0.00565137194452543
5080 0.00299072402834413 3955.38661093532 0.00565153294811662
5090 0.00299002792661535 3954.12845351582 0.00565169374973796
5100 0.00298933294482499 3952.87239539949 0.00565185434984201
5110 0.00298863160767114 3951.61842938941 0.00565201003910345
5120 0.00298793885853548 3950.36655215739 0.00565217023763052
5130 0.00298724722144841 3949.11675843577 0.00565233023598808
5140 0.00298655669382759 3947.86904304565 0.00565249003461762
5150 0.00298586727306272 3946.62340076533 0.00565264963396525
5160 0.00298517895656512 3945.37982641463 0.00565280903447273
5170 0.00298449174178471 3944.13831487769 0.00565296823657726
5180 0.00298380562615022 3942.89886100716 0.00565312724071951
5190 0.00298312060711824 3941.66145970594 0.00565328604733551
5200 0.00298243668215732 3940.42610589841 0.00565344465686036
5210 0.00298175384872318 3939.19279449495 0.00565360306972955
5220 0.00298107210430113 3937.96152046053 0.00565376128637286
5230 0.00298039144639078 3936.73227878149 0.00565391930722069
5240 0.00297971187247348 3935.50506442545 0.00565407713270258
5250 0.00297903338007397 3934.27987243042 0.00565423476324356
5260 0.00297835596672643 3933.05669784934 0.00565439219926917
5270 0.00297767962995616 3931.83553572895 0.00565454944120408
5280 0.00297700436731327 3930.61638116156 0.00565470648946847
5290 0.0029763301763375 3929.39922922433 0.00565486334448497
5300 0.0029756570546013 3928.18407505284 0.00565502000667059
5310 0.0029749849996885 3926.97091380081 0.00565517647644251
5320 0.00297431400917029 3925.75974061028 0.00565533275421721
5330 0.00297364408064715 3924.55055067257 0.00565548884040772
5340 0.00297297521173584 3923.34333920653 0.00565564473542586
5350 0.00297230740003884 3922.13810141422 0.00565580043968408
5360 0.00297164064318364 3920.93483254133 0.0056559559535914
5370 0.00297097493882046 3919.73352787117 0.0056561112775548
5380 0.00297031028459184 3918.53418267998 0.00565626641198142
5390 0.00296964667814814 3917.33679226213 0.00565642135727626
5400 0.00296898411714293 3916.14135192317 0.00565657611384259
5410 0.0029683225992618 3914.9478570206 0.00565673068208062
5420 0.00296766212219539 3913.75630292023 0.00565688506239137
5430 0.00296700268364255 3912.56668500708 0.00565703925517338
5440 0.00296634428129804 3911.37899866437 0.0056571932608251
5450 0.00296568691288388 3910.19323932299 0.00565734707974085
5460 0.00296503057612205 3909.00940241765 0.00565750071231468
5470 0.00296437526872137 3907.82748336661 0.00565765415894176
5480 0.00296372098843133 3906.64747765667 0.00565780742001163
5490 0.00296306773300315 3905.46938077964 0.00565796049591404
5500 0.00296241550020721 3904.29318826064 0.00565811338703639
5510 0.00296176428781139 3903.11889562205 0.00565826609376738
5520 0.00296111409357838 3901.94649838561 0.00565841861649417
5530 0.00296046491531222 3900.77599214178 0.00565857095559863
5540 0.00295981675079444 3899.60737244904 0.00565872311146522
5550 0.00295916959784292 3898.44063492636 0.00565887508447385
5560 0.00295852345425527 3897.27577516601 0.00565902687500589
5570 0.00295787831785173 3896.11278880041 0.0056591784834392
5580 0.00295723418647315 3894.95167149436 0.00565932991015062
5590 0.00295659105797025 3893.79241892962 0.00565948115551651
5600 0.00295594893019414 3892.63502679562 0.00565963221991126
5610 0.00295530780099321 3891.47949078234 0.00565978310370871
5620 0.0029546676682309 3890.32580660638 0.00565993380728085
5630 0.00295402852978033 3889.17397000273 0.00566008433099841
5640 0.00295339038354246 3888.02397675322 0.00566023467522859
5650 0.00295275322740953 3886.87582262741 0.00566038484034041
5660 0.00295211705926048 3885.72950338176 0.00566053482670221
5670 0.0029514818770071 3884.58501482843 0.00566068463467767
5680 0.00295084767857673 3883.44235280453 0.00566083426462974
5690 0.00295021446189674 3882.3015131506 0.0056609837169211
5700 0.00294958222489539 3881.16249171216 0.00566113299191401
5710 0.00294895096551728 3880.02528436321 0.0056612820899687
5720 0.00294832068170009 3878.88988697359 0.00566143101144443
5730 0.00294769137140717 3877.75629545552 0.0056615797566976
5740 0.00294706303260873 3876.6245057339 0.00566172832608429
5750 0.00294643566328486 3875.49451375257 0.00566187671995896
5760 0.00294580926142339 3874.36631546954 0.00566202493867558
5770 0.00294518382500683 3873.2399068413 0.00566217298258674
5780 0.00294455935202003 3872.11528383088 0.00566232085204475
5790 0.00294393584049317 3870.99244247372 0.005662468547397
5800 0.00294331328843942 3869.87137877897 0.00566261606899412
5810 0.00294269169387979 3868.75208877604 0.00566276341718326
5820 0.00294207105484069 3867.63456850352 0.00566291059231185
5830 0.00294145136936094 3866.51881402588 0.00566305759472399
5840 0.00294083263548612 3865.40482141978 0.00566320442476348
5850 0.00294021485126684 3864.29258677215 0.00566335108277363
5860 0.00293959801476483 3863.18210619282 0.00566349756909505
5870 0.00293898212405284 3862.07337580899 0.00566364388406818
5880 0.00293836717722211 3860.96639177863 0.00566379002803162
5890 0.00293775317234668 3859.86115023868 0.0056639360013245
5900 0.00293714010750531 3858.75764733753 0.00566408180428463
5910 0.00293652798080972 3857.65587927852 0.00566422743724543
5920 0.00293591679036148 3856.55584224932 0.00566437290054271
5930 0.00293530653427466 3855.4575324635 0.00566451819450893
5940 0.002934697210682 3854.36094616204 0.00566466331947637
5950 0.00293408881770181 3853.26607957001 0.00566480827577706
5960 0.00293348135346619 3852.17292893824 0.00566495306374059
5970 0.00293287481611221 3851.0814905278 0.00566509768369589
5980 0.0029322692038058 3849.99176064561 0.00566524213596929
5990 0.00293166451469853 3848.90373557918 0.00566538642088861
6000 0.00293106074695771 3847.81741164602 0.00566553053877828
6010 0.00293045789875779 3846.7327851748 0.00566567448996311
6020 0.0029298559682673 3845.64985249012 0.0056658182747673
6030 0.00292925495367527 3844.56860995249 0.00566596189351184
6040 0.00292865485318501 3843.48905394255 0.00566610534651823
6050 0.00292805566500984 3842.41118086073 0.0056662486341059
6060 0.00292745738734706 3841.33498708674 0.00566639175659535
6070 0.00292686001840822 3840.2604690272 0.00566653471430419
6080 0.00292626355641047 3839.18762310098 0.00566667750754883
6090 0.00292566799958042 3838.11644574242 0.00566682013664536
6100 0.00292507334616505 3837.04693342005 0.00566696260190734
6110 0.00292447228229804 3835.97908096827 0.00566710018127229
6120 0.00292387943099146 3834.91288645015 0.00566724231990704
6130 0.00292328747783237 3833.84834638422 0.00566738429564637
6140 0.00292269642108268 3832.78545727525 0.00566752610880031
6150 0.00292210625902366 3831.72421565798 0.00566766775967775
6160 0.00292151698991991 3830.66461804497 0.00566780924858887
6170 0.00292092861206206 3829.60666099296 0.00566795057584006
6180 0.00292034112373679 3828.55034105446 0.00566809174173836
6190 0.0029197545232389 3827.49565479849 0.00566823274658905
6200 0.00291916880886685 3826.44259880229 0.00566837359069682
6210 0.00291858397892317 3825.39116965217 0.00566851427436568
6220 0.0029180000317325 3824.34136397038 0.00566865479789726
6230 0.00291741696561725 3823.29317837819 0.0056687951615934
6240 0.00291683477890054 3822.24660950171 0.00566893536575505
6250 0.0029162534699126 3821.20165398095 0.00566907541068204
6260 0.00291567303699081 3820.15830846905 0.00566921529667342
6270 0.00291509347850077 3819.11656966425 0.00566935502402529
6280 0.00291451479278248 3818.07643422933 0.00566949459303582
6290 0.00291393697820141 3817.03789886839 0.00566963400400031
6300 0.0029133600331282 3816.00096029623 0.00566977325721317
6310 0.00291278395591932 3814.96561520896 0.00566991235296997
6320 0.00291220874494921 3813.93186033424 0.00567005129156338
6330 0.0029116343986179 3812.89969243982 0.00567019007328386
6340 0.00291106091532319 3811.86910829055 0.00567032869842293
6350 0.0029104882934502 3810.840104636 0.00567046716727249
6360 0.00290991653139252 3809.81267824372 0.00567060548012208
6370 0.00290934562757101 3808.78682592438 0.00567074363725861
6380 0.00290877558039661 3807.76254447309 0.00567088163897131
6390 0.00290820638830059 3806.73983072241 0.00567101948554506
6400 0.00290763804971745 3805.71868150792 0.00567115717726636
6410 0.00290707056306574 3804.69909364621 0.00567129471442181
6420 0.00290650392679463 3803.68106400737 0.00567143209729236
6430 0.0029059381393319 3802.66458942556 0.00567156932616395
6440 0.00290537319911754 3801.64966676012 0.00567170640131892
6450 0.00290480910463314 3800.63629293518 0.0056718433230355
6460 0.00290424585434346 3799.62446484776 0.00567198009159542
6470 0.00290368344669752 3798.61417937698 0.00567211670728012
6480 0.00290312188018068 3797.60543346078 0.00567225317036639
6490 0.00290256115327601 3796.59822403273 0.0056723894811327
6500 0.00290200126445612 3795.59254801469 0.00567252563985756
6510 0.0029014422122268 3794.58840238134 0.00567266164681572
6520 0.00290088399508125 3793.5857840904 0.00567279750228319
6530 0.00290032661152365 3792.58469011859 0.00567293320653465
6540 0.00289977006006452 3791.58511745492 0.00567306875984373
6550 0.00289921433921677 3790.58706309304 0.0056732041624843
6560 0.00289865944750363 3789.59052404679 0.00567333941472784
6570 0.0028981053834472 3788.59549732945 0.00567347451684634
6580 0.00289755214558233 3787.60197997643 0.00567360946911001
6590 0.00289699973244637 3786.60996902928 0.00567374427178859
6600 0.00289644814258026 3785.61946153663 0.00567387892515158
6610 0.00289589737453486 3784.63045456454 0.0056740134294672
6620 0.00289534742685647 3783.64294517533 0.00567414778500346
6630 0.00289479829811462 3782.65693046929 0.00567428199202556
6640 0.00289424998685998 3781.67240751945 0.00567441605080091
6650 0.00289370249166672 3780.6893734378 0.00567454996159373
6660 0.00289315581109782 3779.70782532137 0.00567468372466934
6670 0.00289260994375178 3778.72776032181 0.00567481734028985
6680 0.002892064888223 3777.74917558661 0.00567495080871774
6690 0.00289152064309159 3776.77206824371 0.00567508413021678
6700 0.00289097720694841 3775.7964354415 0.00567521730504849
6710 0.00289043457840677 3774.82227436323 0.00567535033347251
6720 0.00288989275608039 3773.84958219466 0.0056754832157484
6730 0.00288935173858857 3772.87835613032 0.00567561595213585
6740 0.00288881152453369 3771.90859334453 0.00567574854289455
6750 0.00288827211253859 3770.94029104475 0.0056758809882818
6760 0.00288773350123836 3769.9734464581 0.00567601328855403
6770 0.00288719568927068 3769.0080568172 0.0056761454439674
6780 0.00288665867526337 3768.04411934192 0.00567627745477898
6790 0.00288612245787583 3767.08163130385 0.00567640932124138
6800 0.00288558703574532 3766.12058993966 0.00567654104361115
6810 0.00288505240753857 3765.16099253528 0.00567667262214027
6820 0.00288451857190684 3764.20283635444 0.00567680405708262
6830 0.00288398552751709 3763.24611868843 0.00567693534868936
6840 0.00288345327304009 3762.29083683373 0.00567706649721242
6850 0.00288292180715545 3761.33698810295 0.00567719750290229
6860 0.00288239112853601 3760.38456980016 0.00567732836601013
6870 0.00288186123587501 3759.43357926321 0.00567745908678439
6880 0.00288133212785753 3758.48401381872 0.00567758966547463
6890 0.00288080380318175 3757.53587081533 0.00567772010232878
6900 0.00288027626055269 3756.58914761342 0.00567785039759422
6910 0.00287974949867647 3755.64384157657 0.00567798055151823
6920 0.00287922351625703 3754.69995006807 0.00567811056434767
6930 0.00287869831200499 3753.7574704638 0.00567824043632827
6940 0.00287817388464227 3752.81640015947 0.00567837016770404
6950 0.00287765023290457 3751.87673657133 0.00567849975871849
6960 0.0028771273555165 3750.93847709874 0.00567862920961717
6970 0.00287660525121439 3750.00161916404 0.0056787585206426
6980 0.00287608391874746 3749.06616020883 0.00567888769203686
6990 0.00287556335685706 3748.13209766437 0.00567901672404287
7000 0.00287504356429593 3747.19942898227 0.0056791456169016
7010 0.00287452453981512 3746.26815161377 0.00567927437085388
7020 0.00287400628218177 3745.33826303523 0.00567940298613927
7030 0.00287348879016645 3744.40976072862 0.00567953146299754
7040 0.00287297206253025 3743.48264216466 0.00567965980166868
7050 0.00287245609804786 3742.55690483604 0.00567978800239137
7060 0.00287194089550241 3741.63254625175 0.00567991606540236
7070 0.00287142645367456 3740.70956391599 0.00568004399094002
7080 0.00287091277136044 3739.78795535867 0.00568017177924065
7090 0.00287039984735009 3738.86771810359 0.00568029943054044
7100 0.00286988768045053 3737.94884970003 0.00568042694507463
7110 0.00286936909524893 3737.03134630524 0.00568054958947121
7120 0.00286885843946946 3736.11520683286 0.0056806768312692
7130 0.00286834853721354 3735.2004288619 0.00568080393700702
7140 0.00286783938731382 3734.28700998823 0.00568093090691632
7150 0.00286733098857916 3733.3749477718 0.00568105774123201
7160 0.00286682333984913 3732.46423982243 0.00568118444018474
7170 0.00286631643996088 3731.55488374498 0.00568131100400687
7180 0.00286581028774301 3730.64687713421 0.00568143743293096
7190 0.00286530488203089 3729.74021759638 0.00568156372718896
7200 0.00286480022167727 3728.83490276683 0.00568168988701032
7210 0.00286429630553675 3727.9309302842 0.00568181591262475
7220 0.00286379313246283 3727.02829778583 0.00568194180426265
7230 0.00286329070131334 3726.12700291845 0.00568206756215328
7240 0.00286278901095408 3725.22704334231 0.005682193186525
7250 0.0028622880602636 3724.32841673771 0.00568231867760516
7260 0.00286178784811386 3723.43112077562 0.00568244403562223
7270 0.00286128837337445 3722.53515312534 0.00568256926080471
7280 0.00286078963494129 3721.64051149832 0.00568269435337778
7290 0.00286029163169437 3720.74719358103 0.00568281931356954
7300 0.00285979436253359 3719.85519709373 0.00568294414160477
7310 0.0028592978263565 3718.96451975289 0.00568306883770935
7320 0.00285880202205819 3718.07515927309 0.00568319340210922
7330 0.00285830694855051 3717.18711339575 0.00568331783502847
7340 0.00285781260474224 3716.30037985743 0.00568344213669234
7350 0.00285731898955667 3715.41495641831 0.00568356630732433
7360 0.00285682610190987 3714.5308408301 0.00568369034714823
7370 0.00285633394074126 3713.64803088007 0.00568381425638583
7380 0.00285584250496311 3712.76652431381 0.00568393803526293
7390 0.00285535179351534 3711.88631892366 0.00568406168400047
7400 0.00285486180533967 3711.00741250292 0.00568418520282081
7410 0.00285437253938375 3710.12980285587 0.00568430859194534
7420 0.00285388399460212 3709.25348779779 0.00568443185159509
7430 0.00285339616994147 3708.37846513321 0.00568455498199206
7440 0.00285290906436082 3707.50473268668 0.0056846779833569
7450 0.002852422676822 3706.63228828862 0.00568480085590979
7460 0.00285193700629103 3705.76112977553 0.00568492359987131
7470 0.00285145205173807 3704.89125499166 0.00568504621546145
7480 0.00285096781215039 3704.02266180766 0.0056851687028988
7490 0.00285048428649372 3703.15534806157 0.00568529106240496
7500 0.00285000147376598 3702.28931164367 0.00568541329419689
7510 0.0028495193729641 3701.42455044178 0.00568553539849277
7520 0.00284903798308077 3700.56106233842 0.00568565737551142
7530 0.002848557303114 3699.69884522445 0.00568577922547152
7540 0.00284807733206568 3698.83789699821 0.00568590094859121
7550 0.002847598068948 3697.97821557415 0.00568602254508786
7560 0.00284711951277291 3697.11979886677 0.00568614401517934
7570 0.00284664166256591 3696.26264481304 0.00568626535908166
7580 0.00284616451734841 3695.40675134189 0.00568638657701288
7590 0.00284568807613787 3694.55211637884 0.00568650766919083
7600 0.00284521233796858 3693.69873787622 0.00568662863583147
7610 0.0028447373018811 3692.84661379528 0.00568674947715098
7620 0.0028442629669273 3691.99574211529 0.00568687019336448
7630 0.00284378933215605 3691.14612081068 0.00568699078468822
7640 0.00284258468999914 3689.36323695665 0.00568710346159299
7650 0.00284211359162928 3688.51294670581 0.00568722621844657
7660 0.00284164320338564 3687.66395516578 0.00568734883271169
7670 0.00284117352709677 3686.81626540909 0.00568747130382243
7680 0.00284070456217736 3685.96987611839 0.00568759363185926
7690 0.00284023630773025 3685.12478541239 0.00568771581698509
7700 0.0028397687627951 3684.28099129182 0.00568783785938199
7710 0.00283930192639974 3683.43849173524 0.0056879597592362
7720 0.00283883579756886 3682.59728471327 0.0056880815167366
7730 0.00283837037533073 3681.75736820233 0.00568820313207213
7740 0.00283790565869932 3680.91874015725 0.00568832460543399
7750 0.00283744164670573 3680.08139856115 0.00568844593701087
7760 0.00283697833837866 3679.24534139303 0.00568856712699266
7770 0.00283651573275877 3678.41056665206 0.00568868817556749
7780 0.00283605382888277 3677.57707233008 0.0056888090829253
7790 0.00283559262580159 3676.74485644196 0.00568892984925429
7800 0.00283513212257085 3675.91391700972 0.00568905047474277
7810 0.00283280908894729 3672.68635045609 0.00568916180457111
7820 0.00283235761867112 3671.86408464064 0.00568928417440595
7830 0.0028319067024868 3671.04293390782 0.0056894063888015
7840 0.00283145641508687 3670.22303384122 0.00568952842753463
7850 0.00283100676059781 3669.40439149063 0.00568965028950954
7860 0.002830557738754 3668.58700590801 0.0056897719748208
7870 0.00283010934850997 3667.77087472708 0.00568989348377428
7880 0.00282966158863616 3666.95599524828 0.00569001481672564
7890 0.00282921445784058 3666.14236466042 0.00569013597404737
7900 0.00282876795482571 3665.32998014426 0.00569025695611335
7910 0.00282832207825519 3664.51883881183 0.0056903777633079
7920 0.00282787682681549 3663.70893781881 0.00569049839600905
7930 0.00282743219920198 3662.900274339 0.00569061885459234
7940 0.00282698819410001 3662.09284552995 0.00569073913943589
7950 0.00282654481018972 3661.28664854177 0.0056908592509192
7960 0.00282610204619027 3660.48168059743 0.00569097918941105
7970 0.00282565990082539 3659.67793893021 0.00569109895527892
7980 0.00282521837279367 3658.87542072964 0.00569121854889698
7990 0.00282477746081337 3658.07412322289 0.005691337970634
8000 0.00282433716361112 3657.27404365431 0.00569145722085639
8010 0.00282389747990009 3656.47517924572 0.0056915762999341
8020 0.00282345840841737 3655.67752726426 0.00569169520823054
8030 0.00282301994791267 3654.88108500196 0.00569181394610558
8040 0.00282258209712273 3654.08584972913 0.00569193251392252
8050 0.00282214485478965 3653.29181872771 0.00569205091204313
8060 0.00282170821965767 3652.49898928541 0.0056921691408285
8070 0.00282127219047733 3651.70735870326 0.00569228720063792
8080 0.00282083676600889 3650.91692430175 0.00569240509182798
8090 0.00282040194500804 3650.12768339495 0.0056925228147564
8100 0.00281996772624219 3649.33963332005 0.00569264036977766
8110 0.00281952705900242 3648.55277025281 0.00569275301345091
8120 0.00281909404145405 3647.76709270445 0.00569287023379569
8130 0.00281866162247487 3646.98259807143 0.00569298728728724
8140 0.00281822980085651 3646.19928374213 0.00569310417427313
8150 0.00281779857537549 3645.41714707933 0.00569322089510491
8160 0.00281736794481769 3644.63618546454 0.00569333745013155
8170 0.00281693790799277 3643.85639632414 0.00569345383969546
8180 0.00281650846369649 3643.07777706118 0.00569357006414275
8190 0.00281607961074888 3642.30032512434 0.00569368612381287
8200 0.00281565134794251 3641.52403791436 0.00569380201905263
8210 0.00281522367409349 3640.74891287635 0.00569391775020237
8220 0.00281479658802488 3639.97494746976 0.00569403331760047
8230 0.00281437008858155 3639.2021391953 0.00569414872157933
8240 0.00281394417457541 3638.43048549563 0.00569426396248018
8250 0.00281351884483655 3637.6599838481 0.00569437904063926
8260 0.00281309409819094 3636.89063172427 0.00569449395639383
8270 0.00281266993349698 3636.12242665614 0.00569460871007231
8280 0.00281224634959525 3635.35536614514 0.00569472330200785
8290 0.00281182334533124 3634.58944770319 0.0056948377325322
8300 0.00281140091954541 3633.82466883487 0.00569495200197838
8310 0.00281097907110515 3633.06102709514 0.00569506611067205
8320 0.00281055779886728 3632.29852002143 0.00569518005894165
8330 0.00281013710171618 3631.53714520278 0.00569529384710809
8340 0.00280971697851158 3630.77690018513 0.00569540747549887
8350 0.00280929742811307 3630.01778251592 0.00569552094444144
8360 0.0028088784494045 3629.25978978806 0.00569563425425662
8370 0.00280846004126426 3628.50291958616 0.00569574740526662
8380 0.00280804220257852 3627.74716951056 0.00569586039779149
8390 0.00280762493223946 3626.99253717404 0.00569597323214955
8400 0.00280720822912634 3626.23902016759 0.00569608590866256
8410 0.00280679209214566 3625.48661613307 0.00569619842764484
8420 0.0028063765201944 3624.7353226967 0.00569631078941318
8430 0.00280596151217241 3623.98513749143 0.00569642299428354
8440 0.0028055470669927 3623.23605817559 0.00569653504256826
8450 0.00280513318357438 3622.48808242003 0.00569664693457793
8460 0.00280471986081807 3621.74120786382 0.00569675867062807
8470 0.00280430709764799 3620.99543219013 0.00569687025102778
8480 0.00280389489299417 3620.25075309417 0.00569698167608446
8490 0.00280348324577026 3619.50716824316 0.0056970929461099
8500 0.00280307215491829 3618.76467535698 0.00569720406140816
8510 0.00280266161936764 3618.02327213429 0.00569731502228658
8520 0.00280225163805808 3617.28295629389 0.00569742582904972
8530 0.00280184220991799 3616.54372553563 0.00569753648200505
8540 0.00280143333389446 3615.80557759458 0.00569764698145497
8550 0.00280102500892539 3615.06851019071 0.00569775732770427
8560 0.00280061723397333 3614.33252108993 0.00569786752105102
8570 0.00280021000800554 3613.59760806817 0.00569797756179193
8580 0.0027998033299705 3612.86376886886 0.00569808745022875
8590 0.00279939719882748 3612.13100125643 0.00569819718666019
8600 0.00279899161354902 3611.39930302064 0.00569830677138136
8610 0.00279858657310379 3610.66867194573 0.00569841620468831
8620 0.00279818207645497 3609.93910580751 0.00569852548687852
8630 0.00279777812258336 3609.21060241493 0.00569863461824462
8640 0.00279737471046816 3608.48315957554 0.00569874359907964
8650 0.00279697183909411 3607.75677510823 0.00569885242967502
8660 0.002796569507449 3607.03144683888 0.00569896111032131
8670 0.00279616771452276 3606.30717259856 0.00569906964130843
8680 0.00279576645930456 3605.58395021835 0.00569917802292642
8690 0.00279536574079971 3604.86177755989 0.0056992862554609
8700 0.00279496555799782 3604.14065245788 0.00569939433920167
8710 0.0027945659099125 3603.42057279157 0.00569950227443198
8720 0.00279416679555147 3602.70153643109 0.00569961006143658
8730 0.00279376821390919 3601.98354122396 0.00569971770050378
8740 0.00279337016400694 3601.26658506739 0.00569982519191455
8750 0.00279297264486983 3600.55066586686 0.00569993253594877
8760 0.00279257565550908 3599.83578150414 0.00570003973289001
8770 0.00279217919494665 3599.12192988173 0.00570014678301888
8780 0.00279178326220452 3598.40910890346 0.00570025368661589
8790 0.00279138785631923 3597.69731650076 0.00570036044395759
8800 0.00279099297633211 3596.9865506149 0.00570046705531915
8810 0.00279059862127736 3596.27680917573 0.00570057352097763
8820 0.00279020479018721 3595.56809011084 0.00570067984121051
8830 0.0027898114821084 3594.86039137517 0.00570078601629136
8840 0.00278941869608649 3594.15371092294 0.00570089204649393
8850 0.0027890264311642 3593.44804670448 0.00570099793209272
8860 0.00278863468639347 3592.74339668798 0.00570110367335969
8870 0.00278824346083919 3592.03975886628 0.00570120927056321
8880 0.00278785275355557 3591.33713121425 0.00570131472397447
8890 0.00278746256360259 3590.63551171837 0.00570142003386308
8900 0.00278707289004849 3589.93489838129 0.00570152520049632
8910 0.00278668373195565 3589.23528919632 0.00570163022414301
8920 0.00278629508839077 3588.53668216587 0.00570173510507075
8930 0.00278590695843143 3587.8390753131 0.00570183984354412
8940 0.00278551934115472 3587.14246666153 0.0057019444398278
8950 0.0027851322356323 3586.44685422621 0.00570204889418785
8960 0.00278474564094655 3585.7522360426 0.00570215320688739
8970 0.00278435955618473 3585.05861015626 0.00570225737818818
8980 0.00278397398044515 3584.36597463372 0.00570236140834892
8990 0.0027835889128071 3583.67432750861 0.00570246529763337
9000 0.00278320435237328 3582.98366685784 0.00570256904629894
9010 0.00278282029824302 3582.2939907534 0.0057026726546039
9020 0.00278243674950492 3581.60529724926 0.00570277612280933
9030 0.0027820537052732 3580.91758444658 0.00570287945116935
9040 0.00278167116464108 3580.23085041001 0.0057029826399437
9050 0.00278128912672558 3579.54509324809 0.00570308568938562
9060 0.002780907590636 3578.8603110567 0.00570318859975039
9070 0.00278052655548305 3578.1765019354 0.00570329137129287
9080 0.00278014602038965 3577.49366400687 0.00570339400426453
9090 0.0027797659844729 3576.81179538447 0.00570349649891839
9100 0.00277938644686293 3576.1308942061 0.00570359885550388
9110 0.00277900045858636 3575.45095756152 0.00570369632133994
9120 0.0027786219153214 3574.77198460404 0.00570379840261493
9130 0.00277824386774743 3574.09397350259 0.00570390034657096
9140 0.00277786631498922 3573.41692239003 0.00570400215345868
9150 0.00277748925617941 3572.74082941448 0.0057041038235266
9160 0.00277711269045655 3572.06569273578 0.00570420535702154
9170 0.00277673661696534 3571.39151052594 0.00570430675418862
9180 0.00277636103486107 3570.71828097705 0.00570440801527006
9190 0.00277598594328844 3570.04600226334 0.00570450914051089
9200 0.00277561134138814 3569.37467255298 0.00570461013015712
9210 0.00277523722831803 3568.70429004595 0.00570471098445014
9220 0.00277486360323027 3568.03485293318 0.00570481170363279
9230 0.00277449046528609 3567.36635942294 0.00570491228794541
9240 0.00277411781364349 3566.69880771879 0.00570501273762916
9250 0.00277374564746524 3566.03219603394 0.00570511305292386
9260 0.00277337396591995 3565.36652259308 0.00570521323406773
9270 0.00277300276817226 3564.70178561492 0.00570531328129998
9280 0.00277263205340702 3564.03798335543 0.00570541319485433
9290 0.00277226182079281 3563.37511404249 0.00570551297496884
9300 0.00277189206950093 3562.71317590994 0.00570561262188076
9310 0.00277152279870706 3562.05216720048 0.00570571213582615
9320 0.00277115400759555 3561.39208617343 0.00570581151703864
9330 0.00277078569534767 3560.73293108367 0.00570591076575265
9340 0.00277041786115235 3560.07470020072 0.00570600988220053
9350 0.00277005050419445 3559.41739178795 0.00570610886661561
9360 0.00276968362366514 3558.76100412105 0.00570620771922952
9370 0.00276931721875982 3558.10553548429 0.00570630644027266
9380 0.00276895128867389 3557.45098416297 0.00570640502997542
9390 0.00276858583261413 3556.79734846375 0.00570650348856505
9400 0.00276822084977012 3556.1446266636 0.00570660181627339
9410 0.00276785633935527 3555.49281708308 0.00570670001332581
9420 0.00276749230057239 3554.84191802477 0.00570679807995049
9430 0.00276712873263401 3554.19192780976 0.00570689601637294
9440 0.0027667656347486 3553.54284475271 0.00570699382281971
9450 0.0027664030061384 3552.89466719402 0.00570709149951362
9460 0.0027660408460035 3552.24739343546 0.00570718904668336
9470 0.00276567915356932 3551.60102182508 0.00570728646455079
9480 0.0027653179280597 3550.95555070901 0.00570738375333813
9490 0.00276495716868962 3550.31097841863 0.00570748091326995
9500 0.0027645968746834 3549.66730330291 0.00570757794456825
9510 0.00276423704526761 3549.02452371587 0.00570767484745438
9520 0.00276387767968456 3548.3826380406 0.00570777162214538
9530 0.00276351877715675 3547.74164462575 0.00570786826886363
9540 0.00276316033692446 3547.1015418527 0.00570796478782662
9550 0.00276280235822098 3546.46232809131 0.00570806117925371
9560 0.00276244484028498 3545.82400172201 0.00570815744336275
9570 0.00276208778235766 3545.18656113063 0.00570825358037089
9580 0.00276173118368549 3544.55000471343 0.00570834959049378
9590 0.00276137504351209 3543.91433086249 0.00570844547394781
9600 0.00276101936108645 3543.27953798047 0.00570854123094786
9610 0.00276066413566375 3542.64562448191 0.00570863686170713
9620 0.00276030936649283 3542.01258877101 0.00570873236644047
9630 0.00275995505283307 3541.38042927173 0.00570882774535983
9640 0.00275960119394387 3540.74914440894 0.00570892299867714
9650 0.0027592477890778 3540.11873259632 0.00570901812660607
9660 0.00275889483749495 3539.4891922618 0.0057091131293583
9670 0.00275854233846765 3538.86052185609 0.0057092080071421
9680 0.00275819029125945 3538.23271981512 0.00570930276016812
9690 0.0027578386951341 3537.60578457615 0.00570939738864685
9700 0.00275748754935998 3536.97971458551 0.00570949189278754
9710 0.00275713685321452 3536.35450830661 0.00570958627279693
9720 0.00275678660597291 3535.73016419979 0.00570968052888233
9730 0.00275643680690502 3535.10668071671 0.00570977466125246
9740 0.0027560874552943 3534.48405633419 0.0057098686701123
9750 0.00275573855042017 3533.86228952273 0.00570996255566792
9760 0.00275539009156002 3533.2413787501 0.00571005631812584
9770 0.00275504207800706 3532.62132251311 0.00571014995768833
9780 0.00275469450905106 3532.00211930336 0.00571024347455851
9790 0.00275434738398581 3531.3837676204 0.0057103368689384
9800 0.00275400070209754 3530.76626595124 0.00571043014103199
9810 0.00275365446268561 3530.14961280714 0.00571052329103972
9820 0.00275330866504028 3529.53380668397 0.0057106163191644
9830 0.00275296330846056 3528.91884609406 0.00571070922560649
9840 0.00275261839224462 3528.30472954911 0.00571080201056661
9850 0.00275227391569595 3527.6914555711 0.0057108946742439
9860 0.00275192987812236 3527.07902269057 0.00571098721683632
9870 0.00275158627882716 3526.46742943093 0.00571107963854296
9880 0.00275124311711692 3525.85667432214 0.00571117193956205
9890 0.00275090039230296 3525.24675590348 0.00571126412009047
9900 0.0027505581036973 3524.63767271637 0.00571135618032485
9910 0.00275021625061302 3524.0294233049 0.00571144812046153
9920 0.00274987483237031 3523.42200622661 0.00571153994069489
9930 0.00274953384828195 3522.81542002668 0.00571163164122124
9940 0.00274919329767161 3522.20966327052 0.00571172322223397
9950 0.00274885317985679 3521.60473451336 0.00571181468392803
9960 0.00274851349416406 3521.00063232739 0.00571190602649593
9970 0.00274817423991821 3520.39735528241 0.00571199725013061
9980 0.00274783541644767 3519.79490195548 0.00571208835502401
9990 0.00274749702308194 3519.19327092643 0.00571217934136771
10000 0.00274715905915533 3518.59246078442 0.00571227020935197
10010 0.0027468215240007 3517.99247011678 0.00571236095916741
10020 0.00274648441695317 3517.39329751571 0.005712451591004
10030 0.00274614773734765 3516.7949415738 0.00571254210505172
10040 0.00274581148452333 3516.19740089201 0.00571263250149938
10050 0.00274547565781904 3515.6006740715 0.00571272278053583
10060 0.00274514025658326 3515.00475973129 0.0057128129423473
10070 0.00274480528015484 3514.40965647414 0.00571290298712255
10080 0.00274447072788381 3513.81536292336 0.00571299291504733
10090 0.00274413659911985 3513.2218777025 0.00571308272630743
10100 0.00274380289321274 3512.629199436 0.00571317242108856
10110 0.00274346275034312 3512.03732586983 0.00571325723865386
10120 0.00274312988853738 3511.44625651167 0.00571334670109227
10130 0.00274279744765312 3510.85599001499 0.00571343604760436
10140 0.00274246542704967 3510.26652502425 0.00571352527837315
10150 0.00274213382608224 3509.67786017732 0.00571361439358271
10160 0.00274180264411325 3509.08999412565 0.00571370339341516
10170 0.00274147188050856 3508.50292552752 0.00571379227805165
10180 0.0027411415346375 3507.91665304813 0.00571388104767234
10190 0.00274081160586042 3507.33117533747 0.0057139697024598
10200 0.00274048209355099 3506.74649106991 0.00571405824259297
10210 0.00274015299708 3506.16259891546 0.00571414666825152
10220 0.00273982431581542 3505.57949753984 0.00571423497961585
10230 0.0027394960491307 3504.99718561924 0.00571432317686485
10240 0.00273916819640119 3504.41566183393 0.00571441126017687
10250 0.00273884075700416 3503.83492486833 0.00571449922972971
10260 0.00273851373031947 3503.25497341216 0.00571458708570042
10270 0.00273818711573094 3502.67580616292 0.00571467482826498
10280 0.00273786091262179 3502.09742181767 0.00571476245759947
10290 0.00273753512037484 3501.51981907355 0.00571484997388007
10300 0.00273720973837356 3500.94299662956 0.00571493737728272
10310 0.00273688476601002 3500.36695320065 0.00571502466798103
10320 0.00273656020267035 3499.79168749194 0.00571511184615017
10330 0.00273623604774669 3499.21719821987 0.00571519891196368
10340 0.002735912300631 3498.64348410135 0.00571528586559507
10350 0.00273558896071794 3498.07054385866 0.00571537270721714
10360 0.00273526602740475 3497.49837621943 0.00571545943700193
10370 0.00273494350008637 3496.92697990789 0.00571554605512209
10380 0.00273462137816601 3496.35635366358 0.00571563256174798
10390 0.00273429966104729 3495.7864962275 0.00571571895704984
10400 0.00273397834812884 3495.21740633245 0.00571580524119923
10410 0.00273365743881613 3494.64908272404 0.00571589141436581
10420 0.00273333693251666 3494.08152415219 0.00571597747671868
10430 0.00273301682863417 3493.51472936079 0.00571606342842791
10440 0.00273269712658002 3492.94869710794 0.00571614926966149
10450 0.0027323778257647 3492.38342615081 0.00571623500058762
10460 0.00273205892559773 3491.81891524562 0.00571632062137471
10470 0.00273174042550097 3491.25516317101 0.00571640613218785
10480 0.00273142232488813 3490.69216869188 0.00571649153319426
10490 0.00273110462318355 3490.12993059262 0.00571657682455829
10500 0.00273078731980005 3489.56844763789 0.00571666200644735
10510 0.00273047041415745 3489.00771860539 0.00571674707902694
10520 0.00273015390567538 3488.44774227313 0.00571683204246256
10530 0.00272983779378157 3487.88851743412 0.00571691689691753
10540 0.00272952207789848 3487.33004287269 0.00571700164255653
10550 0.00272920675745173 3486.77231737942 0.00571708627954337
10560 0.00272889183187448 3486.21533975884 0.00571717080803982
10570 0.00272857730059696 3485.65910881094 0.00571725522820838
10580 0.00272826316304786 3485.10362333369 0.00571733954021194
10590 0.00272794941865905 3484.54888213121 0.00571742374421252
10600 0.00272763606686476 3483.99488401256 0.00571750784037145
10610 0.00272732310709955 3483.44162778791 0.00571759182884997
10620 0.00272701053880763 3482.88911228516 0.00571767570980668
10630 0.00272669836142278 3482.33733631443 0.00571775948340294
10640 0.00272638657439092 3481.78629870784 0.00571784314979685
10650 0.00272607517715221 3481.23599828805 0.005717926709148
10660 0.00272576416915092 3480.68643388555 0.00571801016161485
10670 0.00272545354983576 3480.13760433931 0.00571809350735465
10680 0.00272514331864847 3479.58950847659 0.00571817674652649
10690 0.00272483347503869 3479.04214513921 0.00571825987928731
10700 0.00272452401845404 3478.49551316608 0.00571834290579453
10710 0.00272421494834835 3477.94961140767 0.00571842582620393
10720 0.0027239062641716 3477.40443870822 0.00571850864067225
10730 0.00272359796538023 3476.85999392402 0.00571859134935448
10740 0.002723290051429 3476.31627590901 0.00571867395240604
10750 0.0027229825217737 3475.7732835195 0.00571875644998204
10760 0.00272267537587104 3475.2310156141 0.0057188388422373
10770 0.00272236861318537 3474.68947106543 0.00571892112932457
10780 0.00272206223317725 3474.14864874003 0.0057190033113976
10790 0.00272175623530764 3473.60854750576 0.00571908538861
10800 0.00272145061904135 3473.06916623789 0.00571916736111429
10810 0.00272114538384481 3472.53050381506 0.00571924922906257
10820 0.0027208405291842 3471.99255911613 0.00571933099260695
10830 0.00272053605452835 3471.45533102519 0.00571941265189879
10840 0.00272023195934951 3470.91881843292 0.00571949420708855
10850 0.00271992824311789 3470.38302022704 0.00571957565832716
10860 0.00271962490530404 3469.84793529637 0.00571965700576547
10870 0.00271932194538275 3469.31356253784 0.00571973824955314
10880 0.00271901936282814 3468.77990084778 0.00571981938983998
10890 0.00271871715711647 3468.24694912683 0.00571990042677522
10900 0.00271841532772745 3467.71470628231 0.0057199813605071
10910 0.00271811387414216 3467.1831712245 0.00572006219118352
10920 0.00271781279584015 3466.65234286155 0.00572014291895271
10930 0.00271751209230587 3466.12222011088 0.00572022354396157
10940 0.00271721176302103 3465.59280188551 0.00572030406635774
10950 0.00271691180747227 3465.0640871078 0.00572038448628748
10960 0.00271661222514126 3464.53607469189 0.00572046480389836
10970 0.00271631301551707 3464.00876356553 0.00572054501933595
10980 0.00271601417808504 3463.48215265043 0.00572062513274676
10990 0.00271571571233964 3462.95624088496 0.00572070514427487
11000 0.00271541761777245 3462.43102720291 0.00572078505406508
11010 0.00271511989387285 3461.90651053479 0.00572086486226277
11020 0.00271482254014249 3461.38268983321 0.00572094456901
11030 0.00271452555607386 3460.85956403525 0.00572102417445123
11040 0.00271422894116388 3460.33713208633 0.00572110367872973
11050 0.00271393269490635 3459.81539292684 0.00572118308198961
11060 0.00271363681680788 3459.29434552036 0.00572126238437147
11070 0.00271334130636519 3458.77398881353 0.00572134158601855
11080 0.00271304616308033 3458.25432176293 0.00572142068707265
11090 0.00271275138645495 3457.73534332497 0.00572149968767564
11100 0.00271245697599647 3457.21705246676 0.0057215785879678
