/*--------------------------------*- C++ -*----------------------------------*\
| =========                 |                                                 |
| \\      /  F ield         | OpenFOAM: The Open Source CFD Toolbox           |
|  \\    /   O peration     | Version:  4.x                                   |
|   \\  /    A nd           | Web:      www.OpenFOAM.org                      |
|    \\/     M anipulation  |                                                 |
\*---------------------------------------------------------------------------*/
FoamFile
{
    version     2.0;
    format      ascii;
    class       volScalarField;
    location    "11000";
    object      X_N2;
}
// * * * * * * * * * * * * * * * * * * * * * * * * * * * * * * * * * * * * * //

dimensions      [0 0 0 0 0 0 0];

internalField   nonuniform List<scalar> 
1174
(
0.6000676084
0.6000676083
0.6000676083
0.6000676082
0.6000676081
0.600067608
0.6000676078
0.6000676076
0.6000676074
0.6000676072
0.6000676069
0.6000676066
0.6000676063
0.6000676061
0.6000676083
0.6000676083
0.6000676082
0.6000676081
0.600067608
0.6000676078
0.6000676076
0.6000676074
0.6000676072
0.6000676069
0.6000676066
0.6000676063
0.600067606
0.6000676058
0.6000676083
0.6000676082
0.6000676081
0.600067608
0.6000676078
0.6000676076
0.6000676074
0.6000676071
0.6000676069
0.6000676066
0.6000676063
0.600067606
0.6000676056
0.6000676054
0.6000676082
0.6000676081
0.600067608
0.6000676079
0.6000676077
0.6000676074
0.6000676072
0.6000676069
0.6000676066
0.6000676063
0.600067606
0.6000676056
0.6000676053
0.6000676051
0.6000676082
0.6000676081
0.600067608
0.6000676078
0.6000676076
0.6000676074
0.6000676071
0.6000676068
0.6000676065
0.6000676062
0.6000676059
0.6000676055
0.6000676052
0.600067605
0.6000676082
0.6000676081
0.600067608
0.6000676079
0.6000676077
0.6000676075
0.6000676072
0.6000676069
0.6000676067
0.6000676064
0.600067606
0.6000676057
0.6000676054
0.6000676052
0.6000676083
0.6000676082
0.6000676081
0.600067608
0.6000676078
0.6000676077
0.6000676074
0.6000676072
0.600067607
0.6000676067
0.6000676064
0.6000676061
0.6000676058
0.6000676056
0.6000676083
0.6000676083
0.6000676082
0.6000676081
0.600067608
0.6000676079
0.6000676077
0.6000676075
0.6000676073
0.600067607
0.6000676068
0.6000676065
0.6000676062
0.600067606
0.6000676084
0.6000676083
0.6000676083
0.6000676082
0.6000676081
0.600067608
0.6000676078
0.6000676077
0.6000676075
0.6000676073
0.600067607
0.6000676068
0.6000676065
0.6000676063
0.6000676084
0.6000676083
0.6000676083
0.6000676082
0.6000676081
0.600067608
0.6000676078
0.6000676076
0.6000676074
0.6000676072
0.6000676069
0.6000676066
0.6000676063
0.6000676061
0.6000676058
0.6000676083
0.6000676082
0.6000676081
0.600067608
0.6000676078
0.6000676076
0.6000676074
0.6000676072
0.6000676069
0.6000676066
0.6000676063
0.600067606
0.6000676057
0.6000676055
0.6000676082
0.6000676081
0.600067608
0.6000676078
0.6000676076
0.6000676073
0.6000676071
0.6000676068
0.6000676065
0.6000676062
0.6000676058
0.6000676055
0.6000676052
0.600067605
0.6000676081
0.600067608
0.6000676079
0.6000676077
0.6000676074
0.6000676071
0.6000676068
0.6000676065
0.6000676061
0.6000676058
0.6000676055
0.6000676051
0.6000676048
0.6000676046
0.6000676082
0.6000676081
0.6000676079
0.6000676077
0.6000676074
0.6000676071
0.6000676067
0.6000676064
0.600067606
0.6000676057
0.6000676054
0.600067605
0.6000676047
0.6000676045
0.6000676081
0.6000676081
0.6000676079
0.6000676077
0.6000676075
0.6000676072
0.6000676069
0.6000676066
0.6000676062
0.6000676059
0.6000676056
0.6000676053
0.600067605
0.6000676047
0.6000676082
0.6000676081
0.600067608
0.6000676078
0.6000676077
0.6000676074
0.6000676072
0.6000676069
0.6000676066
0.6000676063
0.600067606
0.6000676057
0.6000676054
0.6000676052
0.6000676083
0.6000676082
0.6000676081
0.600067608
0.6000676079
0.6000676077
0.6000676075
0.6000676073
0.600067607
0.6000676068
0.6000676065
0.6000676062
0.6000676059
0.6000676057
0.6000676083
0.6000676083
0.6000676082
0.6000676081
0.600067608
0.6000676079
0.6000676077
0.6000676075
0.6000676073
0.6000676071
0.6000676068
0.6000676066
0.6000676063
0.6000676061
0.6000676083
0.6000676083
0.6000676082
0.6000676081
0.600067608
0.6000676078
0.6000676076
0.6000676074
0.6000676072
0.6000676069
0.6000676066
0.6000676063
0.600067606
0.6000676057
0.6000676054
0.6000676083
0.6000676082
0.6000676081
0.600067608
0.6000676078
0.6000676076
0.6000676074
0.6000676071
0.6000676068
0.6000676065
0.6000676062
0.6000676059
0.6000676055
0.6000676052
0.600067605
0.600067608
0.6000676079
0.6000676078
0.6000676076
0.6000676073
0.600067607
0.6000676066
0.6000676063
0.600067606
0.6000676056
0.6000676053
0.600067605
0.6000676047
0.6000676044
0.6000676081
0.6000676081
0.6000676079
0.6000676075
0.6000676072
0.6000676067
0.6000676063
0.6000676059
0.6000676055
0.6000676052
0.6000676048
0.6000676045
0.6000676042
0.600067604
0.600067609
0.6000676088
0.6000676084
0.6000676079
0.6000676073
0.6000676068
0.6000676063
0.6000676059
0.6000676055
0.6000676051
0.6000676047
0.6000676044
0.6000676041
0.6000676039
0.6000676082
0.6000676082
0.600067608
0.6000676077
0.6000676073
0.6000676069
0.6000676065
0.6000676061
0.6000676057
0.6000676054
0.600067605
0.6000676047
0.6000676044
0.6000676042
0.6000676081
0.600067608
0.6000676079
0.6000676077
0.6000676075
0.6000676072
0.6000676069
0.6000676066
0.6000676062
0.6000676059
0.6000676056
0.6000676053
0.600067605
0.6000676048
0.6000676082
0.6000676081
0.600067608
0.6000676079
0.6000676077
0.6000676075
0.6000676073
0.600067607
0.6000676067
0.6000676065
0.6000676062
0.6000676059
0.6000676056
0.6000676054
0.6000676083
0.6000676082
0.6000676081
0.600067608
0.6000676079
0.6000676077
0.6000676075
0.6000676073
0.6000676071
0.6000676068
0.6000676066
0.6000676063
0.600067606
0.6000676058
0.6000676083
0.6000676083
0.6000676082
0.6000676081
0.6000676079
0.6000676077
0.6000676075
0.6000676072
0.6000676069
0.6000676066
0.6000676063
0.600067606
0.6000676057
0.6000676054
0.6000676051
0.6000676082
0.6000676082
0.6000676081
0.6000676079
0.6000676077
0.6000676075
0.6000676072
0.6000676068
0.6000676065
0.6000676062
0.6000676058
0.6000676055
0.6000676052
0.6000676049
0.6000676046
0.6000676081
0.6000676083
0.6000676082
0.600067608
0.6000676076
0.6000676072
0.6000676068
0.6000676064
0.600067606
0.6000676056
0.6000676052
0.6000676049
0.6000676045
0.6000676042
0.600067604
0.6000676093
0.6000676094
0.6000676089
0.6000676082
0.6000676075
0.6000676068
0.6000676062
0.6000676056
0.6000676052
0.6000676047
0.6000676044
0.600067604
0.6000676037
0.6000676035
0.6000676151
0.6000676133
0.6000676113
0.6000676097
0.6000676083
0.6000676073
0.6000676064
0.6000676058
0.6000676052
0.6000676047
0.6000676043
0.6000676039
0.6000676036
0.6000676034
0.6000676097
0.6000676097
0.6000676093
0.6000676086
0.6000676079
0.6000676072
0.6000676066
0.600067606
0.6000676055
0.6000676051
0.6000676047
0.6000676043
0.600067604
0.6000676038
0.6000676082
0.6000676083
0.6000676081
0.6000676079
0.6000676075
0.6000676072
0.6000676068
0.6000676064
0.600067606
0.6000676056
0.6000676053
0.6000676049
0.6000676046
0.6000676044
0.6000676081
0.6000676081
0.600067608
0.6000676078
0.6000676076
0.6000676074
0.6000676071
0.6000676069
0.6000676066
0.6000676062
0.6000676059
0.6000676056
0.6000676053
0.6000676051
0.6000676082
0.6000676082
0.6000676081
0.6000676079
0.6000676078
0.6000676076
0.6000676074
0.6000676072
0.6000676069
0.6000676067
0.6000676064
0.6000676061
0.6000676058
0.6000676056
0.6000676083
0.6000676083
0.6000676082
0.6000676081
0.6000676079
0.6000676077
0.6000676074
0.6000676072
0.6000676069
0.6000676066
0.6000676063
0.6000676059
0.6000676056
0.6000676053
0.600067605
0.6000676083
0.6000676083
0.6000676082
0.600067608
0.6000676078
0.6000676075
0.6000676072
0.6000676068
0.6000676065
0.6000676061
0.6000676058
0.6000676054
0.6000676051
0.6000676048
0.6000676046
0.6000676089
0.6000676092
0.600067609
0.6000676086
0.600067608
0.6000676075
0.6000676069
0.6000676064
0.600067606
0.6000676056
0.6000676052
0.6000676048
0.6000676044
0.6000676041
0.6000676039
0.6000676153
0.6000676158
0.6000676137
0.6000676116
0.6000676099
0.6000676085
0.6000676074
0.6000676065
0.6000676058
0.6000676053
0.6000676048
0.6000676043
0.600067604
0.6000676037
0.6000676034
0.6000676421
0.6000676269
0.6000676184
0.6000676135
0.6000676105
0.6000676085
0.6000676071
0.6000676061
0.6000676054
0.6000676048
0.6000676043
0.6000676039
0.6000676036
0.6000676034
0.600067615
0.6000676138
0.6000676121
0.6000676105
0.6000676091
0.600067608
0.600067607
0.6000676063
0.6000676057
0.6000676052
0.6000676047
0.6000676043
0.600067604
0.6000676038
0.6000676089
0.600067609
0.6000676088
0.6000676084
0.600067608
0.6000676075
0.600067607
0.6000676065
0.6000676061
0.6000676057
0.6000676053
0.600067605
0.6000676046
0.6000676044
0.6000676082
0.6000676082
0.6000676081
0.6000676079
0.6000676077
0.6000676075
0.6000676072
0.6000676069
0.6000676066
0.6000676063
0.6000676059
0.6000676056
0.6000676053
0.6000676051
0.6000676082
0.6000676081
0.6000676081
0.600067608
0.6000676078
0.6000676076
0.6000676074
0.6000676072
0.6000676069
0.6000676067
0.6000676064
0.6000676061
0.6000676058
0.6000676056
0.6000676083
0.6000676083
0.6000676082
0.6000676081
0.6000676079
0.6000676078
0.6000676075
0.6000676073
0.600067607
0.6000676067
0.6000676064
0.6000676061
0.6000676058
0.6000676055
0.6000676053
0.6000676083
0.6000676082
0.6000676082
0.600067608
0.6000676078
0.6000676076
0.6000676073
0.600067607
0.6000676067
0.6000676063
0.600067606
0.6000676057
0.6000676054
0.600067605
0.6000676048
0.6000676083
0.6000676085
0.6000676084
0.6000676082
0.6000676079
0.6000676075
0.6000676071
0.6000676067
0.6000676063
0.6000676059
0.6000676055
0.6000676051
0.6000676048
0.6000676045
0.6000676043
0.6000676096
0.6000676104
0.6000676102
0.6000676096
0.6000676089
0.6000676081
0.6000676074
0.6000676067
0.6000676061
0.6000676056
0.6000676052
0.6000676047
0.6000676044
0.6000676041
0.6000676038
0.6000676155
0.6000676159
0.6000676144
0.6000676124
0.6000676107
0.6000676093
0.6000676081
0.6000676072
0.6000676064
0.6000676058
0.6000676052
0.6000676048
0.6000676044
0.600067604
0.6000676038
0.6000676095
0.6000676103
0.6000676104
0.60006761
0.6000676093
0.6000676086
0.6000676078
0.6000676072
0.6000676066
0.600067606
0.6000676055
0.6000676051
0.6000676047
0.6000676044
0.6000676041
0.6000676081
0.6000676084
0.6000676084
0.6000676082
0.6000676079
0.6000676075
0.6000676072
0.6000676068
0.6000676064
0.600067606
0.6000676056
0.6000676053
0.6000676049
0.6000676047
0.6000676081
0.6000676081
0.600067608
0.6000676079
0.6000676078
0.6000676076
0.6000676073
0.6000676071
0.6000676068
0.6000676065
0.6000676062
0.6000676058
0.6000676056
0.6000676053
0.6000676082
0.6000676082
0.6000676081
0.600067608
0.6000676079
0.6000676077
0.6000676075
0.6000676073
0.6000676071
0.6000676068
0.6000676066
0.6000676063
0.600067606
0.6000676058
0.6000676084
0.6000676083
0.6000676082
0.6000676082
0.600067608
0.6000676079
0.6000676077
0.6000676075
0.6000676073
0.600067607
0.6000676068
0.6000676065
0.6000676062
0.6000676059
0.6000676057
0.6000676083
0.6000676083
0.6000676082
0.6000676081
0.6000676079
0.6000676077
0.6000676075
0.6000676073
0.600067607
0.6000676067
0.6000676064
0.6000676061
0.6000676058
0.6000676055
0.6000676053
0.6000676082
0.6000676082
0.6000676082
0.600067608
0.6000676079
0.6000676076
0.6000676073
0.600067607
0.6000676067
0.6000676064
0.600067606
0.6000676057
0.6000676054
0.6000676051
0.6000676048
0.6000676083
0.6000676085
0.6000676085
0.6000676084
0.6000676081
0.6000676078
0.6000676074
0.6000676069
0.6000676065
0.6000676061
0.6000676058
0.6000676054
0.600067605
0.6000676047
0.6000676045
0.6000676089
0.6000676094
0.6000676094
0.6000676092
0.6000676087
0.6000676082
0.6000676077
0.6000676072
0.6000676067
0.6000676062
0.6000676058
0.6000676054
0.600067605
0.6000676047
0.6000676045
0.6000676083
0.6000676086
0.6000676087
0.6000676086
0.6000676084
0.600067608
0.6000676076
0.6000676072
0.6000676068
0.6000676064
0.600067606
0.6000676057
0.6000676053
0.600067605
0.6000676048
0.6000676081
0.6000676082
0.6000676082
0.6000676081
0.600067608
0.6000676079
0.6000676076
0.6000676073
0.600067607
0.6000676067
0.6000676064
0.6000676061
0.6000676058
0.6000676055
0.6000676052
0.6000676082
0.6000676081
0.6000676081
0.600067608
0.6000676079
0.6000676077
0.6000676075
0.6000676073
0.6000676071
0.6000676068
0.6000676065
0.6000676062
0.600067606
0.6000676058
0.6000676083
0.6000676082
0.6000676082
0.6000676081
0.600067608
0.6000676078
0.6000676077
0.6000676075
0.6000676073
0.6000676071
0.6000676068
0.6000676066
0.6000676063
0.6000676061
0.6000676084
0.6000676084
0.6000676083
0.6000676082
0.6000676082
0.600067608
0.6000676079
0.6000676077
0.6000676076
0.6000676073
0.6000676071
0.6000676068
0.6000676066
0.6000676063
0.6000676061
0.6000676084
0.6000676083
0.6000676083
0.6000676082
0.6000676081
0.6000676079
0.6000676078
0.6000676076
0.6000676074
0.6000676071
0.6000676069
0.6000676066
0.6000676063
0.600067606
0.6000676058
0.6000676083
0.6000676083
0.6000676082
0.6000676081
0.600067608
0.6000676078
0.6000676076
0.6000676074
0.6000676071
0.6000676068
0.6000676066
0.6000676063
0.600067606
0.6000676057
0.6000676055
0.6000676083
0.6000676083
0.6000676082
0.6000676081
0.600067608
0.6000676078
0.6000676075
0.6000676073
0.600067607
0.6000676067
0.6000676064
0.600067606
0.6000676057
0.6000676054
0.6000676052
0.6000676083
0.6000676084
0.6000676084
0.6000676083
0.6000676081
0.6000676079
0.6000676076
0.6000676073
0.600067607
0.6000676067
0.6000676064
0.600067606
0.6000676057
0.6000676054
0.6000676052
0.6000676083
0.6000676083
0.6000676083
0.6000676082
0.6000676081
0.6000676079
0.6000676077
0.6000676074
0.6000676071
0.6000676069
0.6000676065
0.6000676062
0.6000676059
0.6000676056
0.6000676054
0.6000676083
0.6000676083
0.6000676082
0.6000676082
0.6000676081
0.6000676079
0.6000676078
0.6000676076
0.6000676073
0.6000676071
0.6000676068
0.6000676065
0.6000676063
0.600067606
0.6000676058
0.6000676083
0.6000676083
0.6000676082
0.6000676082
0.6000676081
0.600067608
0.6000676079
0.6000676077
0.6000676076
0.6000676073
0.6000676071
0.6000676069
0.6000676066
0.6000676064
0.6000676062
0.6000676083
0.6000676083
0.6000676082
0.6000676082
0.6000676081
0.600067608
0.6000676079
0.6000676077
0.6000676075
0.6000676073
0.6000676071
0.6000676069
0.6000676067
0.6000676065
0.6000676084
0.6000676084
0.6000676083
0.6000676083
0.6000676082
0.6000676081
0.600067608
0.6000676079
0.6000676077
0.6000676075
0.6000676073
0.6000676071
0.6000676068
0.6000676066
0.6000676064
0.6000676084
0.6000676084
0.6000676083
0.6000676082
0.6000676082
0.6000676081
0.6000676079
0.6000676078
0.6000676076
0.6000676074
0.6000676072
0.6000676069
0.6000676066
0.6000676064
0.6000676062
0.6000676084
0.6000676083
0.6000676083
0.6000676082
0.6000676081
0.600067608
0.6000676078
0.6000676076
0.6000676074
0.6000676072
0.6000676069
0.6000676067
0.6000676064
0.6000676061
0.6000676059
0.6000676083
0.6000676083
0.6000676082
0.6000676082
0.600067608
0.6000676079
0.6000676077
0.6000676075
0.6000676073
0.600067607
0.6000676068
0.6000676065
0.6000676062
0.6000676059
0.6000676057
0.6000676083
0.6000676083
0.6000676082
0.6000676082
0.6000676081
0.6000676079
0.6000676078
0.6000676075
0.6000676073
0.600067607
0.6000676068
0.6000676065
0.6000676062
0.6000676059
0.6000676057
0.6000676083
0.6000676083
0.6000676082
0.6000676082
0.6000676081
0.600067608
0.6000676078
0.6000676076
0.6000676074
0.6000676072
0.6000676069
0.6000676066
0.6000676063
0.6000676061
0.6000676059
0.6000676084
0.6000676083
0.6000676083
0.6000676082
0.6000676081
0.600067608
0.6000676079
0.6000676077
0.6000676076
0.6000676074
0.6000676071
0.6000676069
0.6000676066
0.6000676064
0.6000676062
0.6000676084
0.6000676084
0.6000676083
0.6000676083
0.6000676082
0.6000676081
0.600067608
0.6000676079
0.6000676077
0.6000676076
0.6000676074
0.6000676071
0.6000676069
0.6000676067
0.6000676065
0.6000676084
0.6000676084
0.6000676083
0.6000676083
0.6000676082
0.6000676082
0.6000676081
0.600067608
0.6000676079
0.6000676077
0.6000676075
0.6000676073
0.6000676071
0.6000676069
0.6000676068
)
;

boundaryField
{
    top
    {
        type            calculated;
        value           nonuniform List<scalar> 
127
(
0.6000676084
0.6000676084
0.6000676083
0.6000676083
0.6000676082
0.6000676082
0.6000676082
0.6000676083
0.6000676083
0.6000676084
0.6000676083
0.6000676083
0.6000676082
0.6000676082
0.6000676081
0.6000676082
0.6000676082
0.6000676083
0.6000676083
0.6000676083
0.6000676082
0.6000676081
0.6000676081
0.6000676081
0.6000676081
0.6000676082
0.6000676082
0.6000676083
0.6000676082
0.6000676081
0.600067608
0.6000676079
0.600067608
0.600067608
0.6000676081
0.6000676082
0.6000676082
0.6000676081
0.600067608
0.6000676079
0.6000676078
0.6000676078
0.6000676079
0.600067608
0.6000676081
0.6000676082
0.600067608
0.6000676079
0.6000676077
0.6000676076
0.6000676076
0.6000676077
0.6000676078
0.600067608
0.6000676081
0.6000676078
0.6000676077
0.6000676075
0.6000676074
0.6000676074
0.6000676075
0.6000676077
0.6000676079
0.600067608
0.6000676077
0.6000676075
0.6000676073
0.6000676072
0.6000676072
0.6000676073
0.6000676075
0.6000676077
0.6000676079
0.6000676075
0.6000676073
0.6000676071
0.6000676069
0.6000676069
0.6000676071
0.6000676073
0.6000676075
0.6000676077
0.6000676073
0.6000676071
0.6000676068
0.6000676067
0.6000676067
0.6000676068
0.6000676071
0.6000676073
0.6000676075
0.600067607
0.6000676068
0.6000676066
0.6000676064
0.6000676064
0.6000676066
0.6000676068
0.6000676071
0.6000676073
0.6000676068
0.6000676066
0.6000676063
0.6000676061
0.6000676061
0.6000676063
0.6000676066
0.6000676069
0.6000676071
0.6000676065
0.6000676063
0.600067606
0.6000676058
0.6000676058
0.600067606
0.6000676063
0.6000676067
0.6000676069
0.6000676063
0.6000676061
0.6000676058
0.6000676056
0.6000676056
0.6000676058
0.6000676061
0.6000676065
0.6000676068
)
;
    }
    bottom
    {
        type            calculated;
        value           nonuniform List<scalar> 
134
(
0.6000676084
0.6000676083
0.6000676083
0.6000676083
0.6000676083
0.6000676084
0.6000676084
0.6000676084
0.6000676084
0.6000676083
0.6000676083
0.6000676083
0.6000676083
0.6000676083
0.6000676083
0.6000676084
0.6000676084
0.6000676083
0.6000676083
0.6000676082
0.6000676082
0.6000676082
0.6000676082
0.6000676082
0.6000676083
0.6000676083
0.6000676083
0.6000676082
0.6000676081
0.6000676081
0.6000676081
0.6000676081
0.6000676082
0.6000676082
0.6000676083
0.6000676082
0.6000676081
0.600067608
0.6000676079
0.6000676079
0.6000676079
0.600067608
0.6000676082
0.6000676082
0.6000676081
0.600067608
0.6000676078
0.6000676077
0.6000676077
0.6000676078
0.6000676079
0.600067608
0.6000676081
0.600067608
0.6000676078
0.6000676076
0.6000676075
0.6000676074
0.6000676075
0.6000676077
0.6000676079
0.600067608
0.6000676078
0.6000676076
0.6000676074
0.6000676072
0.6000676072
0.6000676073
0.6000676075
0.6000676077
0.6000676079
0.6000676076
0.6000676074
0.6000676072
0.6000676069
0.6000676069
0.600067607
0.6000676073
0.6000676076
0.6000676077
0.6000676074
0.6000676072
0.6000676069
0.6000676066
0.6000676066
0.6000676067
0.600067607
0.6000676073
0.6000676075
0.6000676072
0.6000676069
0.6000676066
0.6000676063
0.6000676063
0.6000676064
0.6000676068
0.6000676071
0.6000676073
0.6000676069
0.6000676066
0.6000676063
0.600067606
0.6000676059
0.6000676061
0.6000676065
0.6000676068
0.6000676071
0.6000676066
0.6000676063
0.600067606
0.6000676057
0.6000676056
0.6000676058
0.6000676062
0.6000676066
0.6000676068
0.6000676063
0.6000676061
0.6000676057
0.6000676054
0.6000676053
0.6000676055
0.6000676059
0.6000676063
0.6000676066
0.6000676061
0.6000676058
0.6000676054
0.6000676051
0.600067605
0.6000676053
0.6000676057
0.6000676061
0.6000676064
)
;
    }
    side-walls
    {
        type            calculated;
        value           nonuniform List<scalar> 
261
(
0.6000676084
0.6000676083
0.6000676083
0.6000676082
0.6000676082
0.6000676082
0.6000676083
0.6000676083
0.6000676084
0.6000676083
0.6000676083
0.6000676082
0.6000676081
0.6000676081
0.6000676081
0.6000676082
0.6000676083
0.6000676083
0.6000676083
0.6000676082
0.6000676081
0.600067608
0.600067608
0.600067608
0.6000676081
0.6000676082
0.6000676083
0.6000676082
0.6000676081
0.600067608
0.6000676079
0.6000676078
0.6000676079
0.600067608
0.6000676081
0.6000676082
0.6000676081
0.600067608
0.6000676078
0.6000676077
0.6000676076
0.6000676077
0.6000676078
0.600067608
0.6000676081
0.600067608
0.6000676078
0.6000676076
0.6000676074
0.6000676074
0.6000676075
0.6000676077
0.6000676079
0.600067608
0.6000676078
0.6000676076
0.6000676074
0.6000676072
0.6000676071
0.6000676072
0.6000676074
0.6000676077
0.6000676078
0.6000676076
0.6000676074
0.6000676071
0.6000676069
0.6000676068
0.6000676069
0.6000676072
0.6000676075
0.6000676077
0.6000676074
0.6000676072
0.6000676069
0.6000676066
0.6000676065
0.6000676067
0.600067607
0.6000676073
0.6000676075
0.6000676072
0.6000676069
0.6000676066
0.6000676063
0.6000676062
0.6000676064
0.6000676067
0.600067607
0.6000676073
0.6000676069
0.6000676066
0.6000676063
0.600067606
0.6000676059
0.600067606
0.6000676064
0.6000676068
0.600067607
0.6000676066
0.6000676063
0.600067606
0.6000676056
0.6000676055
0.6000676057
0.6000676061
0.6000676065
0.6000676068
0.6000676063
0.600067606
0.6000676056
0.6000676053
0.6000676052
0.6000676054
0.6000676058
0.6000676062
0.6000676065
0.6000676061
0.6000676058
0.6000676054
0.6000676051
0.600067605
0.6000676052
0.6000676056
0.600067606
0.6000676063
0.6000676084
0.6000676084
0.6000676084
0.6000676083
0.6000676083
0.6000676083
0.6000676084
0.6000676084
0.6000676084
0.6000676084
0.6000676084
0.6000676083
0.6000676083
0.6000676083
0.6000676083
0.6000676083
0.6000676084
0.6000676084
0.6000676083
0.6000676083
0.6000676083
0.6000676082
0.6000676082
0.6000676082
0.6000676083
0.6000676083
0.6000676083
0.6000676083
0.6000676082
0.6000676082
0.6000676082
0.6000676082
0.6000676082
0.6000676082
0.6000676083
0.6000676083
0.6000676082
0.6000676082
0.6000676081
0.600067608
0.6000676081
0.6000676081
0.6000676081
0.6000676082
0.6000676082
0.6000676081
0.6000676081
0.600067608
0.6000676079
0.6000676079
0.600067608
0.600067608
0.6000676081
0.6000676082
0.600067608
0.6000676079
0.6000676078
0.6000676077
0.6000676078
0.6000676078
0.6000676079
0.600067608
0.6000676081
0.6000676079
0.6000676078
0.6000676076
0.6000676075
0.6000676075
0.6000676076
0.6000676077
0.6000676079
0.600067608
0.6000676077
0.6000676076
0.6000676074
0.6000676073
0.6000676073
0.6000676074
0.6000676076
0.6000676077
0.6000676079
0.6000676075
0.6000676074
0.6000676072
0.600067607
0.600067607
0.6000676072
0.6000676074
0.6000676076
0.6000676077
0.6000676073
0.6000676072
0.6000676069
0.6000676068
0.6000676068
0.6000676069
0.6000676071
0.6000676074
0.6000676075
0.6000676071
0.6000676069
0.6000676067
0.6000676065
0.6000676065
0.6000676066
0.6000676069
0.6000676071
0.6000676073
0.6000676068
0.6000676066
0.6000676064
0.6000676062
0.6000676062
0.6000676063
0.6000676066
0.6000676069
0.6000676071
0.6000676066
0.6000676064
0.6000676061
0.6000676059
0.6000676059
0.6000676061
0.6000676064
0.6000676067
0.6000676069
0.6000676064
0.6000676062
0.6000676059
0.6000676057
0.6000676057
0.6000676059
0.6000676062
0.6000676065
0.6000676068
)
;
    }
    inlet
    {
        type            calculated;
        value           nonuniform 0();
    }
    outlet
    {
        type            calculated;
        value           nonuniform List<scalar> 
81
(
0.6000676061
0.6000676058
0.6000676054
0.6000676051
0.600067605
0.6000676052
0.6000676056
0.600067606
0.6000676063
0.6000676058
0.6000676055
0.600067605
0.6000676046
0.6000676045
0.6000676047
0.6000676052
0.6000676057
0.6000676061
0.6000676054
0.600067605
0.6000676044
0.600067604
0.6000676039
0.6000676042
0.6000676048
0.6000676054
0.6000676058
0.6000676051
0.6000676046
0.600067604
0.6000676035
0.6000676034
0.6000676038
0.6000676044
0.6000676051
0.6000676056
0.600067605
0.6000676046
0.6000676039
0.6000676034
0.6000676034
0.6000676038
0.6000676044
0.6000676051
0.6000676056
0.6000676053
0.6000676048
0.6000676043
0.6000676038
0.6000676038
0.6000676041
0.6000676047
0.6000676053
0.6000676058
0.6000676057
0.6000676053
0.6000676048
0.6000676045
0.6000676045
0.6000676048
0.6000676052
0.6000676058
0.6000676061
0.6000676061
0.6000676058
0.6000676055
0.6000676052
0.6000676052
0.6000676054
0.6000676058
0.6000676062
0.6000676065
0.6000676064
0.6000676062
0.6000676059
0.6000676057
0.6000676057
0.6000676059
0.6000676062
0.6000676065
0.6000676068
)
;
    }
    procBoundary1to0
    {
        type            processor;
        value           nonuniform List<scalar> 
97
(
0.6000676084
0.6000676084
0.6000676084
0.6000676084
0.6000676083
0.6000676084
0.6000676084
0.6000676084
0.6000676084
0.6000676084
0.6000676084
0.6000676083
0.6000676083
0.6000676083
0.6000676083
0.6000676083
0.6000676085
0.6000676084
0.6000676083
0.6000676084
0.6000676084
0.6000676084
0.6000676084
0.6000676081
0.6000676081
0.6000676081
0.6000676085
0.6000676098
0.6000676087
0.6000676084
0.6000676083
0.6000676084
0.6000676084
0.6000676084
0.6000676084
0.6000676097
0.6000676097
0.6000676097
0.6000676218
0.6000676111
0.6000676087
0.6000676084
0.6000676084
0.6000676084
0.6000676083
0.6000676085
0.6000676103
0.6000677236
0.6000677236
0.6000677236
0.6000676215
0.6000676215
0.6000676098
0.6000676084
0.6000676083
0.6000676084
0.6000676083
0.6000676083
0.6000676086
0.60006761
0.6000676088
0.6000676082
0.6000676082
0.6000676082
0.6000676083
0.6000676083
0.6000676084
0.6000676084
0.6000676083
0.6000676083
0.6000676084
0.6000676083
0.6000676083
0.6000676083
0.6000676083
0.6000676083
0.6000676084
0.6000676084
0.6000676084
0.6000676084
0.6000676083
0.6000676083
0.6000676083
0.6000676084
0.6000676084
0.6000676084
0.6000676084
0.6000676084
0.6000676084
0.6000676084
0.6000676084
0.6000676084
0.6000676084
0.6000676084
0.6000676084
0.6000676084
0.6000676084
)
;
    }
}


// ************************************************************************* //
