/*--------------------------------*- C++ -*----------------------------------*\
| =========                 |                                                 |
| \\      /  F ield         | OpenFOAM: The Open Source CFD Toolbox           |
|  \\    /   O peration     | Version:  4.x                                   |
|   \\  /    A nd           | Web:      www.OpenFOAM.org                      |
|    \\/     M anipulation  |                                                 |
\*---------------------------------------------------------------------------*/
FoamFile
{
    version     2.0;
    format      ascii;
    class       volScalarField;
    location    "3000";
    object      X_CO;
}
// * * * * * * * * * * * * * * * * * * * * * * * * * * * * * * * * * * * * * //

dimensions      [0 0 0 0 0 0 0];

internalField   nonuniform List<scalar> 
1175
(
0.3000579289
0.3000579289
0.3000579289
0.3000579289
0.3000579288
0.3000579287
0.3000579283
0.3000579271
0.3000579234
0.3000579122
0.3000578811
0.3000577997
0.3000576043
0.3000571788
0.3000563529
0.3000579289
0.3000579289
0.3000579289
0.3000579289
0.3000579288
0.3000579287
0.3000579282
0.3000579265
0.3000579211
0.3000579045
0.3000578563
0.3000577254
0.3000574001
0.3000566769
0.3000552731
0.3000579289
0.3000579289
0.3000579289
0.3000579289
0.3000579288
0.3000579286
0.3000579279
0.3000579254
0.300057917
0.30005789
0.3000578076
0.3000575736
0.3000569673
0.3000555806
0.3000528831
0.3000579289
0.3000579289
0.3000579289
0.3000579289
0.3000579288
0.3000579285
0.3000579276
0.3000579242
0.3000579124
0.300057873
0.3000577479
0.3000573763
0.3000563723
0.3000539973
0.3000493458
0.3000579289
0.3000579289
0.3000579289
0.3000579288
0.3000579288
0.3000579285
0.3000579274
0.3000579236
0.3000579101
0.3000578643
0.3000577149
0.3000572589
0.300055987
0.3000528853
0.300046736
0.3000579289
0.3000579289
0.3000579289
0.3000579289
0.3000579288
0.3000579285
0.3000579276
0.3000579242
0.3000579124
0.300057873
0.3000577479
0.3000573763
0.3000563723
0.3000539973
0.3000493459
0.3000579289
0.3000579289
0.3000579289
0.3000579289
0.3000579288
0.3000579286
0.3000579279
0.3000579254
0.300057917
0.30005789
0.3000578076
0.3000575736
0.3000569674
0.3000555806
0.3000528832
0.3000579289
0.3000579289
0.3000579289
0.3000579289
0.3000579288
0.3000579287
0.3000579282
0.3000579265
0.3000579211
0.3000579045
0.3000578563
0.3000577254
0.3000574001
0.3000566769
0.3000552733
0.3000579289
0.3000579289
0.3000579289
0.3000579289
0.3000579288
0.3000579287
0.3000579283
0.3000579271
0.3000579234
0.3000579122
0.3000578811
0.3000577997
0.3000576043
0.3000571789
0.3000563531
0.3000579289
0.3000579289
0.3000579289
0.3000579289
0.3000579288
0.3000579287
0.3000579282
0.3000579265
0.3000579211
0.3000579045
0.3000578563
0.3000577254
0.3000574001
0.3000566768
0.3000579289
0.3000579289
0.3000579289
0.3000579289
0.3000579288
0.3000579286
0.3000579279
0.3000579255
0.3000579173
0.3000578908
0.3000578095
0.3000575761
0.3000569667
0.3000555641
0.3000528336
0.3000579289
0.3000579289
0.3000579289
0.3000579289
0.3000579288
0.3000579285
0.3000579274
0.3000579236
0.30005791
0.3000578632
0.30005771
0.3000572415
0.3000559406
0.3000528007
0.3000466269
0.3000579289
0.3000579289
0.3000579289
0.3000579288
0.3000579287
0.3000579284
0.3000579269
0.3000579215
0.3000579013
0.300057828
0.300057574
0.3000567454
0.3000542838
0.3000479674
0.3000352456
0.3000579289
0.3000579289
0.3000579289
0.3000579288
0.3000579287
0.3000579283
0.3000579267
0.3000579205
0.3000578966
0.3000578078
0.3000574879
0.3000563932
0.3000529433
0.3000434879
0.3000235749
0.3000579289
0.3000579289
0.3000579289
0.3000579288
0.3000579287
0.3000579284
0.3000579269
0.3000579215
0.3000579013
0.300057828
0.300057574
0.3000567454
0.3000542838
0.3000479676
0.300035246
0.3000579289
0.3000579289
0.3000579289
0.3000579288
0.3000579288
0.3000579285
0.3000579274
0.3000579236
0.30005791
0.3000578632
0.30005771
0.3000572415
0.3000559407
0.3000528009
0.3000466274
0.3000579289
0.3000579289
0.3000579289
0.3000579289
0.3000579288
0.3000579286
0.3000579279
0.3000579255
0.3000579173
0.3000578908
0.3000578095
0.3000575761
0.3000569667
0.3000555642
0.300052834
0.3000579289
0.3000579289
0.3000579289
0.3000579289
0.3000579288
0.3000579287
0.3000579282
0.3000579265
0.3000579211
0.3000579045
0.3000578563
0.3000577254
0.3000574001
0.3000566769
0.3000552733
0.3000579289
0.3000579289
0.3000579289
0.3000579289
0.3000579288
0.3000579286
0.3000579279
0.3000579254
0.300057917
0.30005789
0.3000578076
0.3000575736
0.3000569673
0.3000555804
0.3000579289
0.3000579289
0.3000579289
0.3000579288
0.3000579288
0.3000579285
0.3000579274
0.3000579236
0.30005791
0.3000578632
0.30005771
0.3000572414
0.3000559406
0.3000528004
0.3000579289
0.3000579289
0.3000579289
0.3000579288
0.3000579287
0.3000579283
0.3000579267
0.3000579202
0.3000578957
0.3000578052
0.3000574844
0.3000564161
0.3000531828
0.3000447696
0.3000277528
0.3000579289
0.3000579289
0.3000579289
0.3000579288
0.3000579287
0.3000579281
0.3000579258
0.3000579161
0.3000578774
0.3000577242
0.300057137
0.3000549981
0.3000478408
0.3000272036
0.299982686
0.3000579289
0.3000579289
0.3000579289
0.3000579288
0.3000579287
0.300057928
0.3000579253
0.300057914
0.3000578667
0.3000576716
0.3000568797
0.3000537669
0.300042255
0.3000046073
0.2999125045
0.3000579289
0.3000579289
0.3000579289
0.3000579288
0.3000579287
0.3000579281
0.3000579258
0.3000579161
0.3000578774
0.3000577242
0.300057137
0.3000549982
0.300047841
0.3000272045
0.2999826883
0.3000579289
0.3000579289
0.3000579289
0.3000579288
0.3000579287
0.3000579283
0.3000579267
0.3000579202
0.3000578957
0.3000578052
0.3000574844
0.3000564161
0.3000531831
0.3000447704
0.3000277551
0.3000579289
0.3000579289
0.3000579289
0.3000579289
0.3000579288
0.3000579285
0.3000579274
0.3000579236
0.30005791
0.3000578632
0.30005771
0.3000572415
0.3000559407
0.3000528009
0.3000466274
0.3000579289
0.3000579289
0.3000579289
0.3000579289
0.3000579288
0.3000579286
0.3000579279
0.3000579254
0.300057917
0.30005789
0.3000578076
0.3000575736
0.3000569674
0.3000555806
0.3000528832
0.3000579289
0.3000579289
0.3000579289
0.3000579289
0.3000579288
0.3000579285
0.3000579276
0.3000579242
0.3000579124
0.300057873
0.3000577479
0.3000573763
0.3000563722
0.300053997
0.3000579289
0.3000579289
0.3000579289
0.3000579288
0.3000579287
0.3000579284
0.3000579269
0.3000579215
0.3000579013
0.300057828
0.3000575739
0.3000567453
0.3000542835
0.3000479666
0.3000579289
0.3000579289
0.3000579289
0.3000579288
0.3000579287
0.3000579281
0.3000579258
0.3000579161
0.3000578774
0.3000577242
0.300057137
0.300054998
0.3000478404
0.3000272017
0.3000579289
0.3000579289
0.3000579289
0.3000579288
0.3000579286
0.3000579278
0.3000579243
0.3000579093
0.3000578443
0.3000575643
0.3000563757
0.3000514801
0.3000325189
0.2999678817
0.2998054109
0.3000579289
0.3000579289
0.3000579289
0.3000579288
0.3000579286
0.3000579277
0.3000579236
0.3000579054
0.300057823
0.3000574459
0.3000557039
0.300047636
0.3000108575
0.2998535599
0.299316491
0.3000579289
0.3000579289
0.3000579289
0.3000579288
0.3000579286
0.3000579278
0.3000579243
0.3000579093
0.3000578443
0.3000575643
0.3000563758
0.3000514802
0.3000325197
0.2999678856
0.2998054261
0.3000579289
0.3000579289
0.3000579289
0.3000579288
0.3000579287
0.3000579281
0.3000579258
0.3000579161
0.3000578774
0.3000577242
0.300057137
0.3000549981
0.300047841
0.3000272043
0.2999826882
0.3000579289
0.3000579289
0.3000579289
0.3000579288
0.3000579287
0.3000579284
0.3000579269
0.3000579215
0.3000579013
0.300057828
0.300057574
0.3000567454
0.3000542838
0.3000479675
0.300035246
0.3000579289
0.3000579289
0.3000579289
0.3000579289
0.3000579288
0.3000579285
0.3000579276
0.3000579242
0.3000579124
0.300057873
0.3000577479
0.3000573763
0.3000563723
0.3000539973
0.3000493459
0.3000579289
0.3000579289
0.3000579289
0.3000579288
0.3000579288
0.3000579285
0.3000579274
0.3000579236
0.3000579101
0.3000578642
0.3000577149
0.3000572588
0.3000559868
0.3000528848
0.3000579289
0.3000579289
0.3000579289
0.3000579288
0.3000579287
0.3000579283
0.3000579267
0.3000579205
0.3000578966
0.3000578078
0.3000574879
0.3000563931
0.3000529429
0.3000434866
0.3000579289
0.3000579289
0.3000579289
0.3000579288
0.3000579287
0.300057928
0.3000579253
0.300057914
0.3000578667
0.3000576716
0.3000568796
0.3000537666
0.3000422539
0.3000046025
0.3000579289
0.3000579289
0.3000579289
0.3000579288
0.3000579286
0.3000579277
0.3000579236
0.3000579054
0.300057823
0.3000574459
0.3000557038
0.3000476356
0.300010855
0.2998535435
0.3000579289
0.3000579289
0.3000579289
0.3000579288
0.3000579286
0.3000579275
0.3000579227
0.3000579002
0.3000577926
0.3000572582
0.3000544759
0.3000391198
0.2999483307
0.2993690009
0.295339736
0.3000579289
0.3000579289
0.3000579289
0.3000579288
0.3000579286
0.3000579277
0.3000579236
0.3000579054
0.300057823
0.3000574459
0.3000557039
0.3000476358
0.300010857
0.2998535577
0.2993164883
0.3000579289
0.3000579289
0.3000579289
0.3000579288
0.3000579287
0.300057928
0.3000579253
0.300057914
0.3000578667
0.3000576716
0.3000568796
0.3000537668
0.3000422547
0.3000046067
0.299912504
0.3000579289
0.3000579289
0.3000579289
0.3000579288
0.3000579287
0.3000579283
0.3000579267
0.3000579205
0.3000578966
0.3000578078
0.3000574879
0.3000563932
0.3000529432
0.3000434878
0.3000235748
0.3000579289
0.3000579289
0.3000579289
0.3000579288
0.3000579288
0.3000579285
0.3000579274
0.3000579236
0.3000579101
0.3000578643
0.3000577149
0.3000572589
0.3000559869
0.3000528853
0.300046736
0.3000579289
0.3000579289
0.3000579289
0.3000579289
0.3000579288
0.3000579285
0.3000579276
0.3000579242
0.3000579124
0.300057873
0.3000577479
0.3000573763
0.3000563722
0.300053997
0.3000579289
0.3000579289
0.3000579289
0.3000579288
0.3000579287
0.3000579284
0.3000579269
0.3000579215
0.3000579013
0.300057828
0.3000575739
0.3000567453
0.3000542835
0.3000479666
0.3000579289
0.3000579289
0.3000579289
0.3000579288
0.3000579287
0.3000579281
0.3000579258
0.3000579161
0.3000578774
0.3000577242
0.300057137
0.300054998
0.3000478402
0.3000272016
0.3000579289
0.3000579289
0.3000579289
0.3000579288
0.3000579286
0.3000579278
0.3000579243
0.3000579093
0.3000578443
0.3000575643
0.3000563757
0.3000514798
0.3000325179
0.2999678775
0.3000579289
0.3000579289
0.3000579289
0.3000579288
0.3000579286
0.3000579277
0.3000579236
0.3000579054
0.300057823
0.3000574459
0.3000557038
0.3000476355
0.3000108547
0.2998535425
0.3000579289
0.3000579289
0.3000579289
0.3000579288
0.3000579286
0.3000579278
0.3000579243
0.3000579093
0.3000578443
0.3000575643
0.3000563757
0.3000514799
0.3000325182
0.2999678786
0.3000579289
0.3000579289
0.3000579289
0.3000579288
0.3000579287
0.3000579281
0.3000579258
0.3000579161
0.3000578774
0.3000577242
0.300057137
0.300054998
0.3000478405
0.3000272027
0.2999826834
0.3000579289
0.3000579289
0.3000579289
0.3000579288
0.3000579287
0.3000579284
0.3000579269
0.3000579215
0.3000579013
0.300057828
0.3000575739
0.3000567453
0.3000542837
0.3000479671
0.3000352452
0.3000579289
0.3000579289
0.3000579289
0.3000579289
0.3000579288
0.3000579285
0.3000579276
0.3000579242
0.3000579124
0.300057873
0.3000577479
0.3000573763
0.3000563723
0.3000539972
0.3000493457
0.3000579289
0.3000579289
0.3000579289
0.3000579289
0.3000579288
0.3000579286
0.3000579279
0.3000579254
0.300057917
0.30005789
0.3000578076
0.3000575735
0.3000569673
0.3000555804
0.3000579289
0.3000579289
0.3000579289
0.3000579289
0.3000579288
0.3000579285
0.3000579274
0.3000579236
0.30005791
0.3000578632
0.30005771
0.3000572414
0.3000559405
0.3000528004
0.3000579289
0.3000579289
0.3000579289
0.3000579288
0.3000579287
0.3000579283
0.3000579267
0.3000579202
0.3000578957
0.3000578052
0.3000574844
0.300056416
0.3000531826
0.3000447691
0.3000579289
0.3000579289
0.3000579289
0.3000579288
0.3000579287
0.3000579281
0.3000579258
0.3000579161
0.3000578774
0.3000577242
0.3000571369
0.3000549979
0.3000478401
0.3000272015
0.3000579289
0.3000579289
0.3000579289
0.3000579288
0.3000579287
0.300057928
0.3000579253
0.300057914
0.3000578667
0.3000576716
0.3000568796
0.3000537666
0.3000422537
0.3000046024
0.3000579289
0.3000579289
0.3000579289
0.3000579288
0.3000579287
0.3000579281
0.3000579258
0.3000579161
0.3000578774
0.3000577242
0.300057137
0.300054998
0.3000478403
0.3000272018
0.3000579289
0.3000579289
0.3000579289
0.3000579288
0.3000579287
0.3000579283
0.3000579267
0.3000579202
0.3000578957
0.3000578052
0.3000574844
0.300056416
0.3000531827
0.3000447691
0.3000579289
0.3000579289
0.3000579289
0.3000579288
0.3000579288
0.3000579285
0.3000579274
0.3000579236
0.30005791
0.3000578632
0.30005771
0.3000572414
0.3000559406
0.3000528005
0.3000466265
0.3000579289
0.3000579289
0.3000579289
0.3000579289
0.3000579288
0.3000579286
0.3000579279
0.3000579254
0.300057917
0.30005789
0.3000578076
0.3000575736
0.3000569673
0.3000555805
0.300052883
0.3000579289
0.3000579289
0.3000579289
0.3000579289
0.3000579288
0.3000579287
0.3000579282
0.3000579265
0.3000579211
0.3000579045
0.3000578563
0.3000577254
0.3000574001
0.3000566768
0.3000579289
0.3000579289
0.3000579289
0.3000579289
0.3000579288
0.3000579286
0.3000579279
0.3000579255
0.3000579173
0.3000578908
0.3000578094
0.3000575761
0.3000569666
0.300055564
0.3000579289
0.3000579289
0.3000579289
0.3000579289
0.3000579288
0.3000579285
0.3000579274
0.3000579236
0.30005791
0.3000578632
0.30005771
0.3000572414
0.3000559405
0.3000528004
0.3000579289
0.3000579289
0.3000579289
0.3000579288
0.3000579287
0.3000579284
0.3000579269
0.3000579215
0.3000579013
0.300057828
0.3000575739
0.3000567453
0.3000542835
0.3000479666
0.3000579289
0.3000579289
0.3000579289
0.3000579288
0.3000579287
0.3000579283
0.3000579267
0.3000579205
0.3000578966
0.3000578078
0.3000574879
0.3000563931
0.3000529429
0.3000434866
0.3000579289
0.3000579289
0.3000579289
0.3000579288
0.3000579287
0.3000579284
0.3000579269
0.3000579215
0.3000579013
0.300057828
0.3000575739
0.3000567453
0.3000542835
0.3000479667
0.3000579289
0.3000579289
0.3000579289
0.3000579289
0.3000579288
0.3000579285
0.3000579274
0.3000579236
0.30005791
0.3000578632
0.30005771
0.3000572414
0.3000559405
0.3000528004
0.3000579289
0.3000579289
0.3000579289
0.3000579289
0.3000579288
0.3000579286
0.3000579279
0.3000579255
0.3000579173
0.3000578908
0.3000578094
0.3000575761
0.3000569666
0.300055564
0.3000579289
0.3000579289
0.3000579289
0.3000579289
0.3000579288
0.3000579287
0.3000579282
0.3000579265
0.3000579211
0.3000579045
0.3000578563
0.3000577254
0.3000574001
0.3000566768
0.300055273
0.3000579289
0.3000579289
0.3000579289
0.3000579289
0.3000579288
0.3000579287
0.3000579283
0.3000579271
0.3000579234
0.3000579122
0.3000578811
0.3000577997
0.3000576043
0.3000571788
0.3000579289
0.3000579289
0.3000579289
0.3000579289
0.3000579288
0.3000579287
0.3000579282
0.3000579265
0.3000579211
0.3000579045
0.3000578563
0.3000577254
0.3000574001
0.3000566768
0.3000579289
0.3000579289
0.3000579289
0.3000579289
0.3000579288
0.3000579286
0.3000579279
0.3000579254
0.300057917
0.30005789
0.3000578076
0.3000575735
0.3000569673
0.3000555804
0.3000579289
0.3000579289
0.3000579289
0.3000579289
0.3000579288
0.3000579285
0.3000579276
0.3000579242
0.3000579124
0.300057873
0.3000577479
0.3000573763
0.3000563722
0.300053997
0.3000579289
0.3000579289
0.3000579289
0.3000579288
0.3000579288
0.3000579285
0.3000579274
0.3000579236
0.3000579101
0.3000578642
0.3000577149
0.3000572588
0.3000559868
0.3000528849
0.3000579289
0.3000579289
0.3000579289
0.3000579289
0.3000579288
0.3000579285
0.3000579276
0.3000579242
0.3000579124
0.300057873
0.3000577479
0.3000573763
0.3000563722
0.300053997
0.3000579289
0.3000579289
0.3000579289
0.3000579289
0.3000579288
0.3000579286
0.3000579279
0.3000579254
0.300057917
0.30005789
0.3000578076
0.3000575735
0.3000569673
0.3000555804
0.3000579289
0.3000579289
0.3000579289
0.3000579289
0.3000579288
0.3000579287
0.3000579282
0.3000579265
0.3000579211
0.3000579045
0.3000578563
0.3000577254
0.3000574001
0.3000566768
0.3000579289
0.3000579289
0.3000579289
0.3000579289
0.3000579288
0.3000579287
0.3000579283
0.3000579271
0.3000579234
0.3000579122
0.3000578811
0.3000577997
0.3000576043
0.3000571788
)
;

boundaryField
{
    top
    {
        type            calculated;
        value           nonuniform List<scalar> 
134
(
0.3000579289
0.3000579289
0.3000579289
0.3000579289
0.3000579289
0.3000579289
0.3000579289
0.3000579289
0.3000579289
0.3000579289
0.3000579289
0.3000579289
0.3000579289
0.3000579289
0.3000579289
0.3000579289
0.3000579289
0.3000579289
0.3000579289
0.3000579289
0.3000579289
0.3000579289
0.3000579289
0.3000579289
0.3000579289
0.3000579289
0.3000579289
0.3000579289
0.3000579289
0.3000579289
0.3000579289
0.3000579288
0.3000579289
0.3000579289
0.3000579289
0.3000579289
0.3000579288
0.3000579288
0.3000579288
0.3000579288
0.3000579288
0.3000579288
0.3000579288
0.3000579288
0.3000579288
0.3000579287
0.3000579287
0.3000579286
0.3000579285
0.3000579285
0.3000579285
0.3000579286
0.3000579287
0.3000579287
0.3000579283
0.3000579282
0.3000579279
0.3000579276
0.3000579274
0.3000579276
0.3000579279
0.3000579282
0.3000579283
0.3000579271
0.3000579265
0.3000579254
0.3000579242
0.3000579236
0.3000579242
0.3000579254
0.3000579265
0.3000579271
0.3000579234
0.3000579211
0.300057917
0.3000579124
0.3000579101
0.3000579124
0.300057917
0.3000579211
0.3000579234
0.3000579122
0.3000579045
0.30005789
0.300057873
0.3000578643
0.300057873
0.30005789
0.3000579045
0.3000579122
0.3000578811
0.3000578563
0.3000578076
0.3000577479
0.3000577149
0.3000577479
0.3000578076
0.3000578563
0.3000578811
0.3000577997
0.3000577254
0.3000575736
0.3000573763
0.3000572589
0.3000573763
0.3000575736
0.3000577254
0.3000577997
0.3000576043
0.3000574001
0.3000569674
0.3000563723
0.3000559869
0.3000563723
0.3000569673
0.3000574001
0.3000576043
0.3000571789
0.3000566769
0.3000555806
0.3000539973
0.3000528853
0.3000539972
0.3000555805
0.3000566768
0.3000571788
0.3000563531
0.3000552733
0.3000528832
0.3000493459
0.300046736
0.3000493457
0.300052883
0.300055273
)
;
    }
    bottom
    {
        type            calculated;
        value           nonuniform List<scalar> 
127
(
0.3000579289
0.3000579289
0.3000579289
0.3000579289
0.3000579289
0.3000579289
0.3000579289
0.3000579289
0.3000579289
0.3000579289
0.3000579289
0.3000579289
0.3000579289
0.3000579289
0.3000579289
0.3000579289
0.3000579289
0.3000579289
0.3000579289
0.3000579289
0.3000579289
0.3000579289
0.3000579289
0.3000579289
0.3000579289
0.3000579289
0.3000579289
0.3000579289
0.3000579289
0.3000579289
0.3000579289
0.3000579288
0.3000579289
0.3000579289
0.3000579289
0.3000579289
0.3000579288
0.3000579288
0.3000579288
0.3000579288
0.3000579288
0.3000579288
0.3000579288
0.3000579288
0.3000579288
0.3000579287
0.3000579287
0.3000579286
0.3000579285
0.3000579285
0.3000579285
0.3000579286
0.3000579287
0.3000579287
0.3000579283
0.3000579282
0.3000579279
0.3000579276
0.3000579274
0.3000579276
0.3000579279
0.3000579282
0.3000579283
0.3000579271
0.3000579265
0.3000579254
0.3000579242
0.3000579236
0.3000579242
0.3000579254
0.3000579265
0.3000579271
0.3000579234
0.3000579211
0.300057917
0.3000579124
0.3000579101
0.3000579124
0.300057917
0.3000579211
0.3000579234
0.3000579122
0.3000579045
0.30005789
0.300057873
0.3000578642
0.300057873
0.30005789
0.3000579045
0.3000579122
0.3000578811
0.3000578563
0.3000578076
0.3000577479
0.3000577149
0.3000577479
0.3000578076
0.3000578563
0.3000578811
0.3000577997
0.3000577254
0.3000575736
0.3000573763
0.3000572588
0.3000573763
0.3000575735
0.3000577254
0.3000577997
0.3000576043
0.3000574001
0.3000569673
0.3000563722
0.3000559868
0.3000563722
0.3000569673
0.3000574001
0.3000576043
0.3000571788
0.3000566768
0.3000555804
0.300053997
0.3000528848
0.300053997
0.3000555804
0.3000566768
0.3000571788
0.3000563529
)
;
    }
    side-walls
    {
        type            calculated;
        value           nonuniform List<scalar> 
261
(
0.3000579289
0.3000579289
0.3000579289
0.3000579289
0.3000579289
0.3000579289
0.3000579289
0.3000579289
0.3000579289
0.3000579289
0.3000579289
0.3000579289
0.3000579289
0.3000579289
0.3000579289
0.3000579289
0.3000579289
0.3000579289
0.3000579289
0.3000579289
0.3000579289
0.3000579289
0.3000579289
0.3000579289
0.3000579289
0.3000579289
0.3000579289
0.3000579289
0.3000579289
0.3000579289
0.3000579289
0.3000579288
0.3000579289
0.3000579289
0.3000579289
0.3000579289
0.3000579288
0.3000579288
0.3000579288
0.3000579288
0.3000579288
0.3000579288
0.3000579288
0.3000579288
0.3000579288
0.3000579287
0.3000579287
0.3000579286
0.3000579285
0.3000579285
0.3000579285
0.3000579286
0.3000579287
0.3000579287
0.3000579283
0.3000579282
0.3000579279
0.3000579276
0.3000579274
0.3000579276
0.3000579279
0.3000579282
0.3000579283
0.3000579271
0.3000579265
0.3000579254
0.3000579242
0.3000579236
0.3000579242
0.3000579254
0.3000579265
0.3000579271
0.3000579234
0.3000579211
0.300057917
0.3000579124
0.3000579101
0.3000579124
0.300057917
0.3000579211
0.3000579234
0.3000579122
0.3000579045
0.30005789
0.300057873
0.3000578643
0.300057873
0.30005789
0.3000579045
0.3000579122
0.3000578811
0.3000578563
0.3000578076
0.3000577479
0.3000577149
0.3000577479
0.3000578076
0.3000578563
0.3000578811
0.3000577997
0.3000577254
0.3000575736
0.3000573763
0.3000572589
0.3000573763
0.3000575736
0.3000577254
0.3000577997
0.3000576043
0.3000574001
0.3000569673
0.3000563723
0.300055987
0.3000563723
0.3000569674
0.3000574001
0.3000576043
0.3000571788
0.3000566769
0.3000555806
0.3000539973
0.3000528853
0.3000539973
0.3000555806
0.3000566769
0.3000571789
0.3000563529
0.3000552731
0.3000528831
0.3000493458
0.300046736
0.3000493459
0.3000528832
0.3000552733
0.3000563531
0.3000579289
0.3000579289
0.3000579289
0.3000579289
0.3000579289
0.3000579289
0.3000579289
0.3000579289
0.3000579289
0.3000579289
0.3000579289
0.3000579289
0.3000579289
0.3000579289
0.3000579289
0.3000579289
0.3000579289
0.3000579289
0.3000579289
0.3000579289
0.3000579289
0.3000579289
0.3000579289
0.3000579289
0.3000579289
0.3000579289
0.3000579289
0.3000579289
0.3000579289
0.3000579289
0.3000579289
0.3000579288
0.3000579289
0.3000579289
0.3000579289
0.3000579289
0.3000579288
0.3000579288
0.3000579288
0.3000579288
0.3000579288
0.3000579288
0.3000579288
0.3000579288
0.3000579288
0.3000579287
0.3000579287
0.3000579286
0.3000579285
0.3000579285
0.3000579285
0.3000579286
0.3000579287
0.3000579287
0.3000579283
0.3000579282
0.3000579279
0.3000579276
0.3000579274
0.3000579276
0.3000579279
0.3000579282
0.3000579283
0.3000579271
0.3000579265
0.3000579254
0.3000579242
0.3000579236
0.3000579242
0.3000579254
0.3000579265
0.3000579271
0.3000579234
0.3000579211
0.300057917
0.3000579124
0.3000579101
0.3000579124
0.300057917
0.3000579211
0.3000579234
0.3000579122
0.3000579045
0.30005789
0.300057873
0.3000578642
0.300057873
0.30005789
0.3000579045
0.3000579122
0.3000578811
0.3000578563
0.3000578076
0.3000577479
0.3000577149
0.3000577479
0.3000578076
0.3000578563
0.3000578811
0.3000577997
0.3000577254
0.3000575735
0.3000573763
0.3000572588
0.3000573763
0.3000575735
0.3000577254
0.3000577997
0.3000576043
0.3000574001
0.3000569673
0.3000563722
0.3000559868
0.3000563722
0.3000569673
0.3000574001
0.3000576043
0.3000571788
0.3000566768
0.3000555804
0.300053997
0.3000528849
0.300053997
0.3000555804
0.3000566768
0.3000571788
)
;
    }
    inlet
    {
        type            calculated;
        value           nonuniform List<scalar> 
81
(
0.3000579289
0.3000579289
0.3000579289
0.3000579289
0.3000579289
0.3000579289
0.3000579289
0.3000579289
0.3000579289
0.3000579289
0.3000579289
0.3000579289
0.3000579289
0.3000579289
0.3000579289
0.3000579289
0.3000579289
0.3000579289
0.3000579289
0.3000579289
0.3000579289
0.3000579289
0.3000579289
0.3000579289
0.3000579289
0.3000579289
0.3000579289
0.3000579289
0.3000579289
0.3000579289
0.3000579289
0.3000579289
0.3000579289
0.3000579289
0.3000579289
0.3000579289
0.3000579289
0.3000579289
0.3000579289
0.3000579289
0.3000579289
0.3000579289
0.3000579289
0.3000579289
0.3000579289
0.3000579289
0.3000579289
0.3000579289
0.3000579289
0.3000579289
0.3000579289
0.3000579289
0.3000579289
0.3000579289
0.3000579289
0.3000579289
0.3000579289
0.3000579289
0.3000579289
0.3000579289
0.3000579289
0.3000579289
0.3000579289
0.3000579289
0.3000579289
0.3000579289
0.3000579289
0.3000579289
0.3000579289
0.3000579289
0.3000579289
0.3000579289
0.3000579289
0.3000579289
0.3000579289
0.3000579289
0.3000579289
0.3000579289
0.3000579289
0.3000579289
0.3000579289
)
;
    }
    outlet
    {
        type            calculated;
        value           nonuniform 0();
    }
    procBoundary0to1
    {
        type            processor;
        value           nonuniform List<scalar> 
97
(
0.300054933
0.300055273
0.3000529278
0.3000485481
0.3000422226
0.3000377794
0.3000422227
0.3000485483
0.300052928
0.3000549332
0.300055273
0.300055273
0.3000484823
0.3000466264
0.3000374415
0.3000181284
0.3000002251
0.3000181289
0.3000374421
0.3000484827
0.300052928
0.3000528829
0.3000466264
0.3000466264
0.3000053505
0.2999826823
0.2999351392
0.2998447737
0.2999351414
0.3000053524
0.3000374421
0.3000485483
0.3000493455
0.3000352447
0.2999826823
0.2999826823
0.2996978866
0.2993164555
0.2992399873
0.2996978947
0.2999351413
0.300018129
0.3000422228
0.3000467356
0.3000235736
0.2999124984
0.2993164555
0.2993164555
0.2972857927
0.2993164578
0.2992399875
0.2998054148
0.2998447737
0.3000002253
0.3000377795
0.3000493456
0.3000352452
0.2999826853
0.2998054163
0.2993164578
0.2998054148
0.2998054148
0.2999351392
0.300027753
0.3000181282
0.3000422226
0.3000528831
0.300046627
0.300027754
0.2999826853
0.2999124988
0.2999826856
0.300027753
0.300027753
0.3000374416
0.3000528337
0.3000485481
0.3000552732
0.3000528339
0.3000466269
0.3000352452
0.3000235738
0.3000352453
0.3000466269
0.3000528337
0.3000528337
0.3000529278
0.3000563529
0.300056353
0.3000552732
0.300052883
0.3000493456
0.3000467357
0.3000493457
0.3000528831
0.3000552731
0.3000563529
)
;
    }
}


// ************************************************************************* //
