/*--------------------------------*- C++ -*----------------------------------*\
| =========                 |                                                 |
| \\      /  F ield         | OpenFOAM: The Open Source CFD Toolbox           |
|  \\    /   O peration     | Version:  4.x                                   |
|   \\  /    A nd           | Web:      www.OpenFOAM.org                      |
|    \\/     M anipulation  |                                                 |
\*---------------------------------------------------------------------------*/
FoamFile
{
    version     2.0;
    format      ascii;
    class       surfaceScalarField;
    location    "5000";
    object      phi;
}
// * * * * * * * * * * * * * * * * * * * * * * * * * * * * * * * * * * * * * //

dimensions      [1 0 -1 0 0 0 0];

internalField   nonuniform List<scalar> 
3172
(
9.165746866e-06
-3.20110494e-11
-3.158747252e-11
9.165801878e-06
-2.870084716e-11
-2.802998613e-11
9.165840128e-06
-1.897610143e-11
-1.967803568e-11
9.165863173e-06
-1.245435166e-11
-1.206424081e-11
9.165875411e-06
-5.917936319e-12
-7.315738741e-12
9.165878747e-06
-3.379687287e-12
-2.397218201e-12
9.165877526e-06
1.612692698e-12
1.815369745e-12
9.165869127e-06
3.727716366e-12
6.06666368e-12
9.165857718e-06
6.341958971e-12
7.056318123e-12
9.165843398e-06
6.995684443e-12
7.276090871e-12
9.16582772e-06
7.93092168e-12
8.42933371e-12
9.165816408e-06
6.783402274e-12
7.497890042e-12
9.16579835e-06
8.025307014e-12
8.726975861e-12
7.416252864e-12
8.553621668e-12
9.165760486e-06
-5.721676657e-11
-3.93756858e-11
9.16581741e-06
-4.863275865e-11
-3.486195394e-11
9.165849308e-06
-3.239756937e-11
-2.365729617e-11
9.16586635e-06
-1.804481006e-11
-1.156848694e-11
9.16586834e-06
-8.25673309e-12
-5.207729428e-12
9.165867114e-06
4.370629336e-13
3.304572192e-12
9.165857679e-06
3.493444606e-12
6.833551731e-12
9.165847759e-06
7.251493086e-12
8.9730856e-12
9.165831984e-06
8.372258397e-12
9.728684334e-12
9.165815901e-06
8.245456055e-12
8.645571546e-12
9.165800792e-06
1.108902532e-11
1.039422214e-11
9.165789264e-06
1.325585978e-11
9.177895288e-12
9.165774564e-06
1.237621106e-11
1.047372595e-11
1.125526268e-11
8.934666688e-12
9.165801837e-06
-5.270617741e-11
-6.872124565e-11
9.165852326e-06
-4.091084257e-11
-5.467158364e-11
9.165868908e-06
-2.375049466e-11
-2.7813006e-11
9.165870359e-06
-9.292442704e-12
-7.644419985e-12
9.165858199e-06
-1.719616436e-12
3.152529685e-12
9.165842778e-06
6.131933004e-12
1.046176216e-11
9.165825089e-06
9.61414288e-12
1.347726343e-11
9.16580884e-06
1.07091959e-11
1.543071283e-11
9.16579217e-06
1.064127849e-11
1.549847799e-11
9.165780014e-06
1.132109465e-11
1.591402556e-11
9.165766097e-06
1.161836495e-11
1.372597502e-11
9.165751324e-06
9.341195255e-12
9.917650705e-12
9.165741586e-06
1.228710665e-11
1.265956276e-11
1.118456256e-11
1.09252881e-11
9.165823327e-06
-3.184391136e-11
-5.709845034e-11
9.165861029e-06
-1.931929613e-11
-5.936883483e-11
9.165866671e-06
-9.01175255e-12
-2.142546129e-11
9.165853292e-06
-2.387599188e-12
3.298929484e-12
9.165833255e-06
1.315490316e-12
1.483856344e-11
9.165811634e-06
2.764641433e-12
2.119552101e-11
9.165790646e-06
5.226281056e-12
2.266564633e-11
9.165772587e-06
5.182217327e-12
2.206749005e-11
9.165756249e-06
5.918640719e-12
2.148555079e-11
9.165745093e-06
5.965557053e-12
1.989472031e-11
9.165732247e-06
5.476213891e-12
1.638091385e-11
9.165727397e-06
5.249607517e-12
1.544602519e-11
9.165717528e-06
4.701512143e-12
1.392966011e-11
4.527831916e-12
1.155858215e-11
9.165897038e-06
3.260937971e-11
-8.642051354e-11
9.16590407e-06
1.885350135e-11
-4.638273092e-11
9.165889321e-06
7.157477482e-12
7.444586658e-13
9.165861737e-06
-7.97685849e-13
2.591038895e-11
9.165834203e-06
-3.826402129e-12
3.115302062e-11
9.165807878e-06
-5.395622488e-12
3.260352615e-11
9.165784709e-06
-5.633093688e-12
3.025580558e-11
9.165768793e-06
-4.058818356e-12
2.704656558e-11
9.165751805e-06
-5.476119365e-12
2.391840793e-11
9.165740137e-06
-4.561179155e-12
1.998645103e-11
9.165730358e-06
-3.713648994e-12
1.663169458e-11
9.165725355e-06
-3.587244044e-12
1.553642942e-11
9.165719212e-06
-3.749410876e-12
1.570518859e-11
-3.886430769e-12
1.256149929e-11
9.165811143e-06
5.017080057e-11
-6.006841122e-11
9.165846929e-06
3.943692293e-11
-5.833149873e-11
9.165854049e-06
2.231461356e-11
-2.109988635e-11
9.165843725e-06
1.032477127e-11
5.216832002e-12
9.165823113e-06
1.131257019e-12
1.763739056e-11
9.165801061e-06
-5.011293574e-12
2.377575873e-11
9.165779772e-06
-7.251145221e-12
2.502726329e-11
9.165760118e-06
-9.966867019e-12
2.437859539e-11
9.165745163e-06
-1.031758379e-11
2.168516525e-11
9.165733446e-06
-1.004548041e-11
1.960844426e-11
9.165721701e-06
-1.120661715e-11
1.680201989e-11
9.165713345e-06
-9.006335881e-12
1.611289463e-11
9.165704229e-06
-1.139077615e-11
1.632367844e-11
-9.773070953e-12
1.253366199e-11
9.165824881e-06
5.532680322e-11
-6.745329276e-11
9.165875509e-06
4.759012325e-11
-5.233323748e-11
9.165896281e-06
3.105451813e-11
-2.484167574e-11
9.165895084e-06
1.717177196e-11
-8.45140276e-12
9.165886437e-06
7.067799516e-12
4.781154168e-12
9.165873217e-06
4.855536254e-13
1.169674801e-11
9.165854419e-06
-4.511498166e-12
1.466243479e-11
9.165839451e-06
-8.28962427e-12
1.70607915e-11
9.165822294e-06
-9.792062295e-12
1.56992898e-11
9.165806578e-06
-1.0471153e-11
1.464056175e-11
9.165794941e-06
-1.260579472e-11
1.521588604e-11
9.165781883e-06
-1.322918671e-11
1.236084028e-11
9.165773595e-06
-1.308451687e-11
1.363896746e-11
-1.117291608e-11
1.022979081e-11
9.165769089e-06
3.135320605e-11
-3.729530524e-11
9.165822086e-06
2.717575177e-11
-3.454082971e-11
9.165856825e-06
2.006277259e-11
-2.216248561e-11
9.165872609e-06
1.260350359e-11
-1.251510293e-11
9.165879686e-06
7.620018542e-12
-3.46993101e-12
9.165874998e-06
2.557565534e-12
2.305485449e-12
9.165863952e-06
-2.613772633e-12
5.9579337e-12
9.16585302e-06
-3.55029168e-12
9.801524162e-12
9.165838575e-06
-4.955022292e-12
1.040410965e-11
9.16582256e-06
-6.622210097e-12
9.846367888e-12
9.165808657e-06
-6.524514167e-12
1.155439488e-11
9.165793822e-06
-9.671946722e-12
9.592803409e-12
9.165780478e-06
-8.537536207e-12
1.007624239e-11
-7.217899884e-12
8.686570566e-12
9.165742943e-06
-2.986554284e-11
9.165798789e-06
-2.638984606e-11
9.165836206e-06
-1.996644534e-11
9.165859774e-06
-1.294034955e-11
9.165873053e-06
-9.29176004e-12
9.165874601e-06
-2.922942135e-12
9.16587304e-06
-1.203201243e-13
9.165864459e-06
3.166055546e-12
9.16585371e-06
6.787384294e-12
9.165840721e-06
6.914328347e-12
9.165824713e-06
7.240803039e-12
9.165813171e-06
8.646018235e-12
9.165796658e-06
8.729312823e-12
7.794213551e-12
9.165695642e-06
-9.732522543e-11
9.165756908e-06
-3.836604044e-11
-5.372969086e-11
9.165810792e-06
-3.415935769e-11
-4.564147498e-11
9.165845604e-06
-2.249347511e-11
-2.940914551e-11
9.165860316e-06
-1.138205811e-11
-1.735412166e-11
9.165864721e-06
-3.698650032e-12
-7.325693288e-12
9.16586079e-06
2.330590161e-12
6.742879279e-13
9.165856187e-06
6.660580761e-12
5.638083189e-12
9.165841934e-06
7.2866754e-12
8.813675724e-12
9.165827069e-06
9.806371112e-12
1.106757135e-11
9.165813619e-06
1.02334358e-11
1.197122864e-11
9.165797494e-06
1.142291711e-11
1.483703821e-11
9.165786242e-06
9.354501712e-12
1.550160789e-11
9.165769012e-06
1.013327751e-11
1.360687942e-11
8.634374321e-12
1.224131163e-11
9.165769785e-06
-6.740121699e-11
-6.544791022e-11
9.165816231e-06
-6.085684779e-11
-5.851367325e-11
9.165840874e-06
-3.411995971e-11
-3.32388292e-11
9.165845436e-06
-1.415299986e-11
-1.433659893e-11
9.165839371e-06
-2.073534491e-13
-6.59355803e-13
9.165827941e-06
8.901678259e-12
9.083831279e-12
9.165813188e-06
1.151460979e-11
1.223962856e-11
9.165800036e-06
1.576285483e-11
1.561794075e-11
9.165782885e-06
1.59906479e-11
1.539495077e-11
9.165769159e-06
1.612825179e-11
1.624624761e-11
9.165752083e-06
1.617368772e-11
1.673185263e-11
9.165747516e-06
1.56908058e-11
1.654042542e-11
9.165733066e-06
1.64814247e-11
1.494250293e-11
1.463929823e-11
1.390595947e-11
9.165834741e-06
-5.766806503e-11
-1.153832032e-10
9.165860221e-06
-4.835018976e-11
-8.711417098e-11
9.165852701e-06
-2.006477486e-11
-3.207875892e-11
9.165830298e-06
-6.124815427e-13
-2.909929935e-13
9.165807165e-06
9.580126896e-12
1.854972726e-11
9.165785893e-06
1.576133644e-11
2.750550535e-11
9.165769496e-06
1.788968411e-11
3.213115421e-11
9.165753032e-06
1.688994818e-11
2.98860288e-11
9.165739954e-06
1.67600339e-11
2.816257797e-11
9.165732321e-06
1.591084304e-11
2.403112494e-11
9.165723479e-06
1.360051431e-11
2.267214248e-11
9.165720853e-06
1.5000722e-11
1.99992829e-11
9.165713549e-06
1.374113521e-11
1.884940647e-11
1.191546151e-11
1.58836752e-11
9.16585e-06
-2.146906723e-11
-5.44249193e-11
9.165844905e-06
-1.482488954e-11
-8.338627159e-11
9.165817376e-06
-3.048257249e-12
-8.935393646e-12
9.165781657e-06
6.063659346e-12
3.12317027e-11
9.165752206e-06
9.170387213e-12
4.597675664e-11
9.165728651e-06
9.939369776e-12
4.968493381e-11
9.165714756e-06
1.016478356e-11
4.951109613e-11
9.165704899e-06
1.010541537e-11
4.294774573e-11
9.165700767e-06
8.654906027e-12
3.848431795e-11
9.165695907e-06
6.528523718e-12
3.182968648e-11
9.165694857e-06
7.314533531e-12
2.841550179e-11
9.165695167e-06
6.246400478e-12
2.27271926e-11
9.165697029e-06
7.263918887e-12
2.276087107e-11
6.380104087e-12
1.755735171e-11
9.165884293e-06
2.080470584e-11
2.02123588e-11
9.165797065e-06
1.571201973e-11
5.781155197e-12
9.165737646e-06
2.007552535e-12
6.316497159e-11
9.165686962e-06
-7.490752196e-12
8.572737253e-11
9.165655526e-06
-9.217697016e-12
8.05035233e-11
9.165635628e-06
-1.040522452e-11
6.955926896e-11
9.165625882e-06
-8.485848428e-12
5.965924942e-11
9.165622356e-06
-7.537414037e-12
4.972025419e-11
9.165619235e-06
-8.198174872e-12
4.15725768e-11
9.165620313e-06
-5.67827305e-12
3.47005624e-11
9.165620929e-06
-5.349192516e-12
2.932258409e-11
9.16562404e-06
-4.541069528e-12
2.399570665e-11
9.165627346e-06
-4.699010203e-12
2.315540262e-11
-4.859730674e-12
1.737995453e-11
9.165807133e-06
5.783166314e-11
-5.28645461e-11
9.165798549e-06
4.877970856e-11
-8.420249587e-11
9.165772898e-06
2.070427126e-11
-9.704069897e-12
9.165737153e-06
-1.644988004e-14
3.278813559e-11
9.165708409e-06
-1.057829845e-11
4.588171377e-11
9.165687235e-06
-1.642965011e-11
5.006543246e-11
9.165670873e-06
-1.767055187e-11
4.706765476e-11
9.165659902e-06
-1.776129041e-11
4.289988875e-11
9.165654727e-06
-1.719716078e-11
3.894519685e-11
9.165652365e-06
-1.553753405e-11
3.210096939e-11
9.165651023e-06
-1.428526347e-11
2.830427655e-11
9.165650858e-06
-1.341747967e-11
2.127609097e-11
9.165647717e-06
-1.477176498e-11
2.133457981e-11
-1.127484201e-11
1.843526638e-11
9.165829195e-06
6.661901576e-11
-1.152511563e-10
9.165851639e-06
5.69719859e-11
-8.943210195e-11
9.165844141e-06
3.228681732e-11
-3.517679052e-11
9.165826711e-06
1.259527499e-11
8.103580466e-13
9.165802985e-06
9.047210538e-13
1.590709901e-11
9.165779826e-06
-7.088290454e-12
2.678002205e-11
9.16576229e-06
-1.256171037e-11
3.022311018e-11
9.165744954e-06
-1.574375426e-11
2.978393412e-11
9.165732272e-06
-1.560895465e-11
2.768679706e-11
9.165723713e-06
-1.637030847e-11
2.45468438e-11
9.165716326e-06
-1.635331082e-11
2.309827673e-11
9.165711833e-06
-1.551355747e-11
1.908212922e-11
9.165706345e-06
-1.690439892e-11
2.050491319e-11
-1.367114166e-11
1.580775524e-11
9.165774523e-06
3.860859918e-11
-6.754005141e-11
9.165821568e-06
3.554179572e-11
-5.87737108e-11
9.165843697e-06
2.25796332e-11
-3.513212913e-11
9.165851444e-06
1.213366013e-11
-1.311171003e-11
9.165844617e-06
2.895417414e-12
-1.435349222e-12
9.165831077e-06
-3.003996237e-12
7.997758352e-12
9.16581806e-06
-7.88973826e-12
1.395643489e-11
9.165802767e-06
-8.764395417e-12
1.604994253e-11
9.165787169e-06
-9.123513226e-12
1.687730723e-11
9.165775608e-06
-9.469643951e-12
1.64986217e-11
9.165762164e-06
-1.039246594e-11
1.553767779e-11
9.165753115e-06
-1.085122459e-11
1.66348695e-11
9.165743576e-06
-1.061387023e-11
1.673986992e-11
-8.623550287e-12
1.281608512e-11
9.165748191e-06
-5.553866431e-11
9.165801474e-06
-4.830702518e-11
9.165835174e-06
-3.200983864e-11
9.165852127e-06
-1.693395158e-11
9.165859568e-06
-6.776710387e-12
9.165853827e-06
9.987596245e-13
9.165847293e-06
7.157003679e-12
9.165835328e-06
8.886403653e-12
9.165817742e-06
9.393271676e-12
9.165803934e-06
1.115627646e-11
9.165789724e-06
1.197271408e-11
9.165777616e-06
1.306567109e-11
9.165764504e-06
1.2517077e-11
9.236749103e-12
9.165720056e-06
-1.629214113e-10
-1.187675217e-10
9.165782921e-06
-6.768054655e-11
-5.090864653e-11
9.165833081e-06
-5.478898667e-11
-3.994470726e-11
9.165854098e-06
-2.617661776e-11
-2.163443771e-11
9.165853977e-06
-6.208564002e-12
-9.501771465e-12
9.165846596e-06
4.651280193e-12
4.025505519e-13
9.165832023e-06
1.235461335e-11
5.026695344e-12
9.165815541e-06
1.485618175e-11
6.540051627e-12
9.165796807e-06
1.408456145e-11
7.193207181e-12
9.165779136e-06
1.518641617e-11
8.712336691e-12
9.165766587e-06
1.54886134e-11
1.080920748e-11
9.165752177e-06
1.49954159e-11
1.079079191e-11
9.165740589e-06
1.199959164e-11
9.906614477e-12
9.165728693e-06
1.224128709e-11
1.132737566e-11
1.105014885e-11
1.028870399e-11
9.165809988e-06
-2.208681258e-10
9.165846518e-06
-1.169621091e-10
-5.792293825e-11
9.165871399e-06
-8.839148539e-11
-4.754496145e-11
9.165863921e-06
-3.314605716e-11
-1.900636017e-11
9.165843066e-06
2.21183079e-13
-9.591336654e-13
9.16582135e-06
1.78801919e-11
7.791563844e-12
9.165797941e-06
2.721937369e-11
1.372030131e-11
9.165783292e-06
3.143312698e-11
1.674118436e-11
9.16576863e-06
3.067623772e-11
1.709129755e-11
9.165754926e-06
2.811835855e-11
1.64595515e-11
9.165746147e-06
2.41447921e-11
1.625359102e-11
9.165737785e-06
2.284487608e-11
1.413630236e-11
9.165733789e-06
2.030223146e-11
1.523197442e-11
9.165727615e-06
2.049707955e-11
1.518793313e-11
1.632962821e-11
1.223645765e-11
9.165886729e-06
-9.675548535e-11
-9.685228313e-11
9.165834609e-06
-6.303960874e-11
-6.338927678e-11
9.165764864e-06
1.154937588e-13
6.212436873e-13
9.165709078e-06
2.985896804e-11
3.00619935e-11
9.1656716e-06
3.72349899e-11
3.699844244e-11
9.165647926e-06
3.84591654e-11
3.777701525e-11
9.165635729e-06
3.575875934e-11
3.511419205e-11
9.165631242e-06
3.089812175e-11
3.038815867e-11
9.165630881e-06
2.78718772e-11
2.61231582e-11
9.165635885e-06
2.430736715e-11
2.399932032e-11
9.165635389e-06
2.102888262e-11
2.108805822e-11
9.165642906e-06
1.814480989e-11
1.908913772e-11
9.165649856e-06
1.804652262e-11
1.868800723e-11
1.504783618e-11
1.496096038e-11
9.165829366e-06
6.962634267e-12
1.127348125e-10
9.165704738e-06
-1.473504745e-12
-1.685199183e-11
9.165613459e-06
2.198652325e-11
6.021027176e-11
9.165561877e-06
2.989549245e-11
8.400004637e-11
9.165542938e-06
2.7381662e-11
7.588211031e-11
9.165545146e-06
2.212146448e-11
6.563283524e-11
9.165554859e-06
1.79861964e-11
5.37798312e-11
9.165572486e-06
1.619680334e-11
4.522012794e-11
9.165589039e-06
1.21756429e-11
3.54213445e-11
9.16560792e-06
1.052462329e-11
3.104265483e-11
9.165621099e-06
8.128258957e-12
2.382778319e-11
9.165638167e-06
7.856702995e-12
2.099034598e-11
9.16565253e-06
8.151881165e-12
2.205698646e-11
6.02633072e-12
1.72912419e-11
9.165892652e-06
-7.135200474e-12
6.978943171e-10
9.16557082e-06
1.365315718e-12
3.27388966e-10
9.165445394e-06
-2.357172438e-11
2.339271175e-10
9.165406333e-06
-3.083461772e-11
1.828231851e-10
9.165411548e-06
-2.71352864e-11
1.251948357e-10
9.16543643e-06
-2.17943533e-11
9.040478731e-11
9.165464669e-06
-1.763511281e-11
6.700580352e-11
9.165493352e-06
-1.440937149e-11
5.12026236e-11
9.1655188e-06
-1.1327614e-11
3.763916155e-11
9.165542887e-06
-8.633835043e-12
3.068427637e-11
9.165561808e-06
-7.761959309e-12
2.575156467e-11
9.165581712e-06
-6.472108002e-12
2.158836882e-11
9.16559885e-06
-6.623858282e-12
2.138967908e-11
-5.734087745e-12
1.652983709e-11
9.165818567e-06
9.609696485e-11
1.112491765e-10
9.165694834e-06
6.250164649e-11
-1.83672533e-11
9.165604169e-06
-1.856338013e-12
6.006045655e-11
9.16555121e-06
-3.134609467e-11
8.306136172e-11
9.165532084e-06
-3.962762247e-11
7.747955416e-11
9.165533445e-06
-3.973915901e-11
6.679808773e-11
9.16554442e-06
-3.566626851e-11
5.509353255e-11
9.165561407e-06
-3.105094745e-11
4.487648081e-11
9.165576388e-06
-2.817356764e-11
3.626154186e-11
9.165594019e-06
-2.371547081e-11
2.897089561e-11
9.16560918e-06
-2.024809139e-11
2.403731735e-11
9.165625866e-06
-1.691516446e-11
2.058804579e-11
9.165639627e-06
-1.678105356e-11
2.004947609e-11
-1.434546304e-11
1.655110301e-11
9.165944581e-06
1.148683424e-10
-9.772628098e-11
9.165893452e-06
8.763355562e-11
-6.337659077e-11
9.165825305e-06
3.191537857e-11
2.304788565e-12
9.165768165e-06
-1.241724661e-12
2.959635461e-11
9.165731585e-06
-1.816321642e-11
3.786507219e-11
9.165708277e-06
-2.599543626e-11
3.986274023e-11
9.16569661e-06
-2.887692441e-11
3.573800636e-11
9.165692286e-06
-2.936900375e-11
3.259830988e-11
9.165694963e-06
-2.644338461e-11
2.841949646e-11
9.165698697e-06
-2.465974365e-11
2.438178575e-11
9.165700141e-06
-2.259545657e-11
2.107420897e-11
9.165706222e-06
-1.87426593e-11
1.629646647e-11
9.165709193e-06
-2.180812829e-11
1.500160825e-11
-1.651790284e-11
1.38282733e-11
9.165832057e-06
6.909809848e-11
-5.782674828e-11
9.165852974e-06
5.330288646e-11
-4.888211263e-11
9.165848815e-06
2.744657853e-11
-1.833435662e-11
9.165827724e-06
8.733324889e-12
-8.368335775e-13
9.165805685e-06
-2.385078548e-12
1.053134413e-11
9.165783039e-06
-1.071093414e-11
1.503384902e-11
9.165762206e-06
-1.44524339e-11
1.640777612e-11
9.165747348e-06
-1.544172471e-11
1.804701031e-11
9.165735192e-06
-1.52584166e-11
1.777943627e-11
9.165727313e-06
-1.419840549e-11
1.632252342e-11
9.165719514e-06
-1.353401194e-11
1.56311851e-11
9.165712497e-06
-1.302276364e-11
1.357023487e-11
9.165708742e-06
-1.322726551e-11
1.448428668e-11
-1.131988999e-11
1.148505528e-11
9.165808236e-06
-5.242794888e-11
9.165858222e-06
-3.989377202e-11
9.165877962e-06
-2.205372882e-11
9.165878121e-06
-8.623666841e-12
9.165870029e-06
-1.879279366e-13
9.1658528e-06
4.019645044e-12
9.165835569e-06
7.602459164e-12
9.165818226e-06
9.562574606e-12
9.165802814e-06
1.037492033e-11
9.165788686e-06
1.011438974e-11
9.165777165e-06
1.217695548e-11
9.165763969e-06
1.038915539e-11
9.165753652e-06
1.140222932e-11
1.020810409e-11
9.165802731e-06
-2.45767211e-10
-1.052517469e-10
9.165840852e-06
-5.870306081e-11
-3.437436913e-11
9.165877756e-06
-5.847508781e-11
-2.181577884e-11
9.165883388e-06
-2.137522383e-11
-9.182086705e-12
9.165872093e-06
3.863117993e-12
-9.826395767e-13
9.165851046e-06
1.543159109e-11
2.154769994e-12
9.165828177e-06
2.221335202e-11
1.827799713e-12
9.16581002e-06
2.501418926e-11
4.376270854e-12
9.165791122e-06
2.306011153e-11
4.610742447e-12
9.165773524e-06
2.21144083e-11
6.379422287e-12
9.165762589e-06
2.084093004e-11
5.52717336e-12
9.165750562e-06
1.725231692e-11
3.907329243e-12
9.165739846e-06
1.566636562e-11
4.937865706e-12
9.165733192e-06
1.533371844e-11
5.498707683e-12
1.230963955e-11
4.192125732e-12
9.165847672e-06
-5.781178699e-10
-2.105962024e-10
9.165803675e-06
-5.470215279e-11
-2.32059665e-11
9.165795814e-06
-8.487645497e-11
-1.869552093e-11
9.165769312e-06
-1.0145911e-11
-4.656182678e-12
9.165734836e-06
3.180378855e-11
6.37312791e-12
9.165708355e-06
4.694504003e-11
8.599270147e-12
9.165685729e-06
5.123082282e-11
8.048265441e-12
9.165670417e-06
4.87896426e-11
7.202953398e-12
9.165660124e-06
4.349703706e-11
7.536169828e-12
9.165655357e-06
3.805766126e-11
7.122043234e-12
9.16564989e-06
3.195675505e-11
5.162900066e-12
9.165649156e-06
2.882991433e-11
6.087278669e-12
9.165648294e-06
2.37726928e-11
5.018773701e-12
9.165649286e-06
2.373214498e-11
5.367036397e-12
1.90646615e-11
4.016398107e-12
9.166074433e-06
-6.093421346e-10
9.165805337e-06
1.112650794e-10
6.105064124e-12
9.165680519e-06
-1.77506737e-11
-2.764845918e-12
9.165590997e-06
6.149391411e-11
2.271189854e-11
9.165540476e-06
8.341971076e-11
2.822899367e-11
9.165521864e-06
7.655077871e-11
2.535209142e-11
9.165523498e-06
6.647575908e-11
1.939993664e-11
9.165535e-06
5.575579036e-11
1.676041444e-11
9.165550557e-06
4.546547851e-11
1.445532904e-11
9.165568366e-06
3.740986053e-11
1.214948713e-11
9.165583113e-06
3.07786942e-11
9.409124569e-12
9.165598658e-06
2.270175267e-11
6.611527296e-12
9.165614761e-06
1.949319978e-11
6.318725585e-12
9.165630755e-06
2.208790649e-11
7.194326483e-12
1.69930302e-11
5.465659483e-12
9.165115309e-06
4.520113304e-10
4.524936945e-10
9.165056864e-06
1.141181452e-11
1.354370632e-11
9.165069746e-06
5.468603917e-11
5.61640792e-11
9.165117393e-06
6.292091934e-11
6.245223666e-11
9.165182424e-06
4.708499208e-11
4.612592595e-11
9.165249788e-06
3.51948478e-11
3.368713914e-11
9.16530949e-06
2.669811603e-11
2.447709458e-11
9.16535985e-06
2.152313783e-11
1.918815693e-11
9.16540412e-06
1.454859855e-11
1.491995111e-11
9.16543984e-06
1.11320766e-11
1.103931466e-11
9.165473217e-06
1.122015228e-11
1.08665212e-11
9.165499492e-06
9.294980588e-12
9.247791793e-12
9.165524888e-06
7.616562584e-12
7.99062119e-12
6.234896979e-12
5.828337928e-12
9.164648395e-06
-4.543233003e-10
3.266931978e-09
9.164653483e-06
-1.399558304e-11
3.532821116e-10
9.16483713e-06
-5.729522858e-11
1.640470844e-10
9.165016903e-06
-6.383604803e-11
1.300780967e-10
9.165164509e-06
-4.612521645e-11
7.371893752e-11
9.165279526e-06
-3.462373618e-11
4.469590637e-11
9.165367994e-06
-2.660055886e-11
2.812228416e-11
9.165434426e-06
-2.046615752e-11
1.872541824e-11
9.165490744e-06
-1.444852747e-11
1.527810931e-11
9.165536343e-06
-1.151114931e-11
1.338225052e-11
9.165573044e-06
-9.204490513e-12
9.855387246e-12
9.165602154e-06
-8.795732938e-12
7.33654573e-12
9.165633567e-06
-7.900643069e-12
9.077119019e-12
-6.528016243e-12
5.351472091e-12
9.165241957e-06
-1.135042085e-10
4.525520149e-10
9.165182999e-06
1.756142411e-11
1.248292133e-11
9.165195839e-06
-6.022014112e-11
5.548230207e-11
9.165242813e-06
-8.503354577e-11
6.20146762e-11
9.165307431e-06
-7.875053558e-11
4.496667357e-11
9.165373692e-06
-6.638035338e-11
3.371041782e-11
9.165435167e-06
-5.456087884e-11
2.631267249e-11
9.165485265e-06
-4.336411565e-11
1.891120035e-11
9.165529629e-06
-3.6333465e-11
1.456875706e-11
9.165565804e-06
-2.830464469e-11
1.099084814e-11
9.165595794e-06
-2.397229863e-11
8.880393325e-12
9.165623393e-06
-2.10729095e-11
9.144355978e-12
9.165649719e-06
-2.197882572e-11
9.921610766e-12
-1.697842804e-11
6.918879209e-12
9.165780873e-06
5.372130863e-11
6.846175455e-12
9.16565564e-06
8.31063877e-11
-2.10800393e-12
9.165562589e-06
8.478393685e-12
2.197947982e-11
9.165514534e-06
-3.212767665e-11
3.020041038e-11
9.165497566e-06
-4.583573855e-11
2.691766902e-11
9.165497583e-06
-5.062732772e-11
2.015005447e-11
9.165509679e-06
-4.86095515e-11
1.835230835e-11
9.165522383e-06
-4.329928782e-11
1.386237865e-11
9.165541227e-06
-3.675038921e-11
1.162132516e-11
9.165556191e-06
-3.241884557e-11
9.020202045e-12
9.16557084e-06
-2.83554039e-11
7.156527918e-12
9.165586191e-06
-2.192492805e-11
7.169241189e-12
9.165601363e-06
-2.174808332e-11
7.293553399e-12
-1.81746024e-11
6.504458791e-12
9.165856872e-06
5.794141615e-11
-2.210914641e-11
9.165847504e-06
5.741527677e-11
-1.738626503e-11
9.165819952e-06
2.068718097e-11
-1.871608818e-12
9.165786987e-06
-3.315221211e-12
7.377104483e-12
9.165759255e-06
-1.507374837e-11
9.391593541e-12
9.165737503e-06
-2.22335483e-11
7.819236888e-12
9.165722974e-06
-2.37402566e-11
9.788122228e-12
9.165713647e-06
-2.387789756e-11
8.276456517e-12
9.165706751e-06
-2.205945879e-11
7.074692657e-12
9.165704522e-06
-1.938715426e-11
5.744634303e-12
9.165703288e-06
-1.639837124e-11
5.919881481e-12
9.165702389e-06
-1.539707725e-11
5.343674827e-12
9.165702181e-06
-1.567373115e-11
5.274306761e-12
-1.166524462e-11
5.320195363e-12
9.165806893e-06
-3.375011077e-11
9.165842634e-06
-1.985553561e-11
9.165848763e-06
-7.230941348e-12
9.16583667e-06
8.457178883e-13
9.165818648e-06
3.582352836e-12
9.165796482e-06
3.010345802e-12
9.165774249e-06
4.456475412e-12
9.165754637e-06
4.420248482e-12
9.165738369e-06
3.861644761e-12
9.165724401e-06
3.244734861e-12
9.165712956e-06
3.562467003e-12
9.165705579e-06
4.322630402e-12
9.16569947e-06
5.185678805e-12
4.406924543e-12
9.165863329e-06
-5.832838147e-10
1.05549607e-10
9.165885145e-06
-8.597747872e-11
3.311405228e-11
9.16589335e-06
-4.700504619e-11
2.154536644e-11
9.165874761e-06
2.871822091e-13
8.351662589e-12
9.165847361e-06
2.564853357e-11
1.462482221e-13
9.165817497e-06
3.144372961e-11
-3.622176083e-12
9.165794043e-06
3.371264813e-11
-3.133172656e-12
9.165771449e-06
3.007003516e-11
-4.697748863e-12
9.165754465e-06
2.773063634e-11
-5.205764325e-12
9.165737465e-06
2.414660562e-11
-6.549579469e-12
9.165726154e-06
2.007399228e-11
-5.383563868e-12
9.165718627e-06
1.832337918e-11
-4.74003543e-12
9.165709772e-06
1.63094895e-11
-4.981125598e-12
9.165704597e-06
1.637071826e-11
-5.752235557e-12
1.298859596e-11
-4.483386976e-12
9.166038012e-06
-1.635384232e-09
2.104219518e-10
9.165888532e-06
1.999435459e-11
2.106853732e-11
9.165803488e-06
6.043025983e-12
1.677401679e-11
9.165741803e-06
6.293008666e-11
3.532898012e-12
9.165691371e-06
8.546681018e-11
-6.809166311e-12
9.165659938e-06
8.132827313e-11
-8.757663876e-12
9.165641111e-06
7.062071484e-11
-8.249496841e-12
9.165633015e-06
6.101055082e-11
-7.859236075e-12
9.165626163e-06
5.045751641e-11
-8.505810315e-12
9.165624525e-06
4.190147822e-11
-7.600025018e-12
9.165626434e-06
3.533509102e-11
-6.775976144e-12
9.165628343e-06
2.93994815e-11
-5.515511637e-12
9.165630092e-06
2.369153436e-11
-5.963836636e-12
9.16563331e-06
2.48627437e-11
-5.626891973e-12
2.038418805e-11
-4.179877442e-12
9.166561189e-06
-4.284629331e-09
6.08903373e-10
9.16589672e-06
6.968836553e-10
-4.950756906e-12
9.165575036e-06
3.281700584e-10
2.669713639e-12
9.165446625e-06
2.343407861e-10
-2.257030407e-11
9.165410982e-06
1.840899308e-10
-2.972506896e-11
9.16541622e-06
1.270994613e-10
-2.702621986e-11
9.16544107e-06
9.112283535e-11
-2.163387423e-11
9.165470476e-06
6.801799417e-11
-1.711642842e-11
9.165498742e-06
5.151758626e-11
-1.49151667e-11
9.165525069e-06
4.001391992e-11
-1.281027811e-11
9.165548745e-06
3.160999739e-11
-1.009027214e-11
9.165569678e-06
2.685222751e-11
-7.616829115e-12
9.165587356e-06
2.275223534e-11
-5.157349626e-12
9.165604482e-06
2.177778145e-11
-6.97308268e-12
1.554929337e-11
-5.394857014e-12
9.166300013e-06
1.167565262e-09
9.164640261e-06
3.267189951e-09
-4.521481609e-10
9.164644212e-06
3.523154432e-10
-1.248495433e-11
9.164827272e-06
1.631075601e-10
-5.670419578e-11
9.165008461e-06
1.298160707e-10
-6.355755407e-11
9.165154507e-06
7.37531397e-11
-4.650754409e-11
9.165271668e-06
4.756945838e-11
-3.495262609e-11
9.165359723e-06
2.997999942e-11
-2.647053642e-11
9.165429363e-06
2.04103034e-11
-2.179750109e-11
9.165483373e-06
1.507945759e-11
-1.724993316e-11
9.165527348e-06
1.264251541e-11
-1.341946908e-11
9.165564426e-06
9.829517681e-12
-1.098010807e-11
9.165595243e-06
6.787392377e-12
-1.001818432e-11
9.165626442e-06
7.854795268e-12
-9.748646676e-12
6.405880268e-12
-5.773494271e-12
9.213117179e-06
-3.26731899e-09
-3.267823221e-09
9.214582768e-06
-3.550791609e-10
-3.52845226e-10
9.215287438e-06
-1.656158419e-10
-1.64104362e-10
9.215854203e-06
-1.31392488e-10
-1.306368103e-10
9.216196902e-06
-7.397332333e-11
-7.362460087e-11
9.21642123e-06
-4.562324941e-11
-4.755084918e-11
9.216586014e-06
-2.840851188e-11
-3.008828371e-11
9.216714881e-06
-1.969079917e-11
-2.141607772e-11
9.216819537e-06
-1.537254946e-11
-1.78731824e-11
9.216910527e-06
-1.338052385e-11
-1.403164726e-11
9.216995771e-06
-1.095844559e-11
-1.059540286e-11
9.217071314e-06
-8.366085583e-12
-7.557768633e-12
9.217150277e-06
-6.999661511e-12
-8.877547173e-12
-4.703283685e-12
-5.240464511e-12
9.16466155e-06
-6.998671431e-10
-4.520111196e-10
9.1646662e-06
-3.27534913e-10
-1.184883453e-11
9.16485042e-06
-2.346282231e-10
-5.592603991e-11
9.165029367e-06
-1.831921676e-10
-6.19765884e-11
9.165175223e-06
-1.262900446e-10
-4.397780868e-11
9.16529123e-06
-9.067582682e-11
-3.350277891e-11
9.16537838e-06
-6.563963172e-11
-2.530177479e-11
9.165448785e-06
-5.021262964e-11
-2.027988292e-11
9.165503333e-06
-3.897505684e-11
-1.698061051e-11
9.165547951e-06
-2.972226876e-11
-1.259977997e-11
9.165585932e-06
-2.464664481e-11
-8.825461947e-12
9.165617355e-06
-2.26326185e-11
-8.567250394e-12
9.165647503e-06
-2.38203871e-11
-9.674674749e-12
-1.722946309e-11
-5.830638667e-12
9.165896143e-06
-2.14814626e-11
-7.834141957e-12
9.165573032e-06
-7.053824352e-12
1.889979299e-12
9.165446834e-06
-6.288477841e-11
-2.247714505e-11
9.165409097e-06
-8.659505352e-11
-2.900103295e-11
9.165416602e-06
-8.07016527e-11
-2.546397601e-11
9.165442431e-06
-7.163424969e-11
-2.115482012e-11
9.165469599e-06
-5.9846148e-11
-1.895627161e-11
9.165499025e-06
-4.91295245e-11
-1.406857646e-11
9.165525373e-06
-4.093131764e-11
-1.303326723e-11
9.165546834e-06
-3.500499063e-11
-1.191649027e-11
9.165568686e-06
-2.864730305e-11
-9.956719975e-12
9.16558763e-06
-2.258683853e-11
-7.778910725e-12
9.165607107e-06
-2.23952688e-11
-7.616028237e-12
-1.782027028e-11
-4.950307358e-12
9.165941895e-06
8.502371295e-11
2.181307515e-11
9.165857988e-06
4.751617997e-11
1.753235854e-11
9.165795246e-06
-9.551653963e-13
3.522515612e-12
9.165746923e-06
-2.44162425e-11
-6.464988283e-12
9.165713753e-06
-2.98399923e-11
-9.431145373e-12
9.165697272e-06
-3.247609694e-11
-8.23875499e-12
9.165685299e-06
-3.064945446e-11
-9.268087116e-12
9.165679243e-06
-2.799951221e-11
-8.999942191e-12
9.165678867e-06
-2.477051477e-11
-8.582741664e-12
9.165680101e-06
-2.035285707e-11
-7.188749425e-12
9.165681977e-06
-1.836556175e-11
-6.901759186e-12
9.16568321e-06
-1.532574889e-11
-6.679690709e-12
9.165688147e-06
-1.597125546e-11
-5.737901058e-12
-1.291690463e-11
-5.815064383e-12
9.165867205e-06
3.28308351e-11
9.165874242e-06
2.084260387e-11
9.165855832e-06
9.253839322e-12
9.165827862e-06
7.140954059e-13
9.165798207e-06
-3.704650715e-12
9.16577736e-06
-2.792695516e-12
9.16575318e-06
-4.019450522e-12
9.165735766e-06
-4.864638021e-12
9.165719579e-06
-5.68611206e-12
9.165710157e-06
-5.542646778e-12
9.165702498e-06
-5.319843703e-12
9.165692424e-06
-6.12629965e-12
9.165687607e-06
-4.89372342e-12
-5.33525406e-12
9.165747784e-06
-2.476833921e-10
1.185924592e-10
9.165789225e-06
-5.950348995e-11
5.005645872e-11
9.165825299e-06
-6.075674287e-11
3.842548358e-11
9.165828974e-06
-2.186749679e-11
2.079943118e-11
9.165819191e-06
4.138737049e-12
9.518290087e-12
9.165799607e-06
1.595610357e-11
1.099511734e-12
9.165777298e-06
2.20274691e-11
-4.034826995e-12
9.165758509e-06
2.474605389e-11
-7.446035436e-12
9.165739522e-06
2.32876914e-11
-9.475671349e-12
9.165721362e-06
2.242972626e-11
-1.067046886e-11
9.165709494e-06
1.913195295e-11
-1.070103571e-11
9.165697968e-06
1.762234148e-11
-1.20750996e-11
9.16568862e-06
1.547342614e-11
-1.056559425e-11
9.165681622e-06
1.456386388e-11
-1.173349027e-11
1.24018917e-11
-1.009954061e-11
9.16588828e-06
-5.765969457e-10
2.206256075e-10
9.165846209e-06
-5.163786418e-11
5.757348551e-11
9.165839039e-06
-8.251821464e-11
4.852427353e-11
9.165810313e-06
-8.881649662e-12
1.942669987e-11
9.165776409e-06
3.08208247e-11
4.965350087e-13
9.165747989e-06
4.464989182e-11
-1.079206157e-11
9.165726914e-06
4.931197715e-11
-1.547964161e-11
9.165712284e-06
4.726960917e-11
-1.721512452e-11
9.165703444e-06
4.311196712e-11
-1.825003208e-11
9.165696627e-06
3.753501794e-11
-1.803879121e-11
9.165695509e-06
3.285463927e-11
-1.473279057e-11
9.165694318e-06
2.784856194e-11
-1.585083859e-11
9.16569348e-06
2.501387461e-11
-1.366852808e-11
9.165696627e-06
2.481967979e-11
-1.358714242e-11
1.89137149e-11
-1.196221942e-11
9.166084086e-06
-1.129453321e-09
5.922077594e-10
9.165814546e-06
1.106558355e-10
9.588753412e-11
9.165688043e-06
-1.778927426e-11
6.257558821e-11
9.165597296e-06
5.956620717e-11
-1.161443755e-12
9.165546675e-06
8.414427119e-11
-2.901499485e-11
9.165529311e-06
7.873892346e-11
-3.595685368e-11
9.16553148e-06
6.801541445e-11
-3.629268469e-11
9.165541457e-06
5.554905954e-11
-3.583051851e-11
9.165557e-06
4.485921334e-11
-3.171903778e-11
9.165575633e-06
3.670381222e-11
-2.883123508e-11
9.165592533e-06
2.924725009e-11
-2.557828532e-11
9.165610603e-06
2.346913688e-11
-2.132149667e-11
9.165622803e-06
1.909126156e-11
-1.996429992e-11
9.165638544e-06
1.998729174e-11
-2.025779293e-11
1.524677658e-11
-1.465758191e-11
9.165841557e-06
-1.168614886e-09
1.127591445e-09
9.165163632e-06
4.510658163e-10
-1.130540587e-10
9.16510473e-06
1.18931569e-11
1.63383907e-11
9.165117057e-06
5.59827646e-11
-6.101258528e-11
9.165165396e-06
6.280666966e-11
-8.339375796e-11
9.165228681e-06
4.608878649e-11
-7.757914116e-11
9.165295386e-06
3.458746472e-11
-6.701671977e-11
9.165355242e-06
2.629304825e-11
-5.563773955e-11
9.165407865e-06
2.027007016e-11
-4.549385967e-11
9.165449884e-06
1.378796221e-11
-3.660918453e-11
9.165486263e-06
1.15689447e-11
-3.048319821e-11
9.165519528e-06
1.040792819e-11
-2.547725983e-11
9.165544653e-06
9.345953026e-12
-2.055332952e-11
9.165571414e-06
8.241885098e-12
-2.069328239e-11
6.987517861e-12
-1.56499383e-11
9.166289234e-06
1.164929384e-09
4.282301474e-09
9.164626976e-06
-4.536834581e-10
-6.988899606e-10
9.164631057e-06
-1.463643104e-11
-3.283746654e-10
9.164817056e-06
-5.808056642e-11
-2.343180109e-10
9.164997734e-06
-6.308183316e-11
-1.84199186e-10
9.165143079e-06
-4.486560461e-11
-1.271898058e-10
9.165259597e-06
-3.335095344e-11
-9.032853408e-11
9.165348608e-06
-2.437340603e-11
-6.704993131e-11
9.165417091e-06
-1.945655292e-11
-5.131982966e-11
9.165473781e-06
-1.46767471e-11
-3.861770733e-11
9.165518708e-06
-1.140647305e-11
-3.219556535e-11
9.165555637e-06
-9.567792624e-12
-2.616071388e-11
9.165583571e-06
-8.856693846e-12
-2.27568743e-11
9.165618292e-06
-9.065102767e-12
-2.236569992e-11
-5.126802415e-12
-1.666121926e-11
9.165826496e-06
1.127059805e-09
9.165146857e-06
-1.142673216e-10
-1.12180388e-10
9.165089342e-06
1.686830775e-11
1.907652159e-11
9.165102664e-06
-5.994491337e-11
-5.894983338e-11
9.165150003e-06
-8.492281591e-11
-8.403679279e-11
9.165211479e-06
-7.853568083e-11
-7.7693502e-11
9.165277632e-06
-6.733408679e-11
-6.75447808e-11
9.165335074e-06
-5.585248367e-11
-5.535779495e-11
9.165389534e-06
-4.369013453e-11
-4.397384689e-11
9.165432256e-06
-3.518992147e-11
-3.597180585e-11
9.165467129e-06
-2.933788275e-11
-3.063495161e-11
9.165497438e-06
-2.623197866e-11
-2.583104079e-11
9.165524612e-06
-2.275396756e-11
-2.169038203e-11
9.165552903e-06
-2.219798123e-11
-2.111793819e-11
-1.723071785e-11
-1.726665202e-11
9.165796298e-06
5.342173719e-11
9.688563287e-11
9.165668572e-06
8.377872536e-11
6.259551187e-11
9.165577244e-06
9.938462513e-12
-1.134066475e-12
9.165526843e-06
-3.26574014e-11
-2.87485204e-11
9.165508566e-06
-4.650068466e-11
-3.674736054e-11
9.165510084e-06
-5.016391232e-11
-3.786673255e-11
9.165520566e-06
-4.717352947e-11
-3.62022617e-11
9.165535049e-06
-4.329623517e-11
-3.144466272e-11
9.165553423e-06
-3.768678963e-11
-2.719584741e-11
9.165570256e-06
-3.145357781e-11
-2.251602093e-11
9.165588227e-06
-2.790150048e-11
-2.049766013e-11
9.165602121e-06
-2.216723635e-11
-1.709973767e-11
9.165618272e-06
-2.160870853e-11
-1.894805522e-11
-1.932177278e-11
-1.485062152e-11
9.165833148e-06
5.796826463e-11
5.909618033e-11
9.165824748e-06
5.823460542e-11
4.916692853e-11
9.165796716e-06
2.077243947e-11
1.896278331e-11
9.16576402e-06
-2.626380108e-12
1.433512639e-12
9.165737225e-06
-1.494958073e-11
-8.481296517e-12
9.165713985e-06
-2.106496081e-11
-1.410098578e-11
9.16569969e-06
-2.290621246e-11
-1.683362422e-11
9.165688203e-06
-2.368403352e-11
-1.813887642e-11
9.165682583e-06
-2.208351852e-11
-1.808128901e-11
9.165678862e-06
-1.976287497e-11
-1.628158082e-11
9.165679653e-06
-1.695598779e-11
-1.514838448e-11
9.165678617e-06
-1.533486718e-11
-1.448693726e-11
9.165678371e-06
-1.574335776e-11
-1.475372386e-11
-1.27896191e-11
-1.270122949e-11
9.16582002e-06
5.192868277e-11
9.165854824e-06
4.022909743e-11
9.165860859e-06
2.217826232e-11
9.165849364e-06
9.939856558e-12
9.165830211e-06
9.560828941e-13
9.165808085e-06
-4.942019743e-12
9.165784114e-06
-7.765612391e-12
9.165765021e-06
-9.765496478e-12
9.165749651e-06
-1.050965733e-11
9.165736997e-06
-1.083941488e-11
9.165726639e-06
-1.265577471e-11
9.165718663e-06
-1.071154787e-11
9.165709827e-06
-1.16520417e-11
-1.031957791e-11
9.165748007e-06
-1.649832063e-10
9.753881227e-11
9.165813582e-06
-6.947224729e-11
5.342593574e-11
9.165863366e-06
-5.495771583e-11
4.455958199e-11
9.165882565e-06
-2.73452747e-11
2.844664094e-11
9.165882786e-06
-7.469125617e-12
1.513307119e-11
9.165873998e-06
2.475042987e-12
7.579811522e-12
9.165858029e-06
9.43153336e-12
-1.207551674e-12
9.165844365e-06
1.490451209e-11
-3.634668021e-12
9.165827359e-06
1.396700138e-11
-7.052938865e-12
9.165810416e-06
1.540502308e-11
-9.986047477e-12
9.16579604e-06
1.518052712e-11
-1.091411839e-11
9.165783975e-06
1.3711638e-11
-1.159174113e-11
9.165772461e-06
1.238338163e-11
-1.22415179e-11
9.165762243e-06
1.272629936e-11
-1.350053112e-11
9.922790472e-12
-9.735746169e-12
9.165781346e-06
-3.606984401e-10
1.601150968e-10
9.165819264e-06
-1.144496247e-10
6.551796864e-11
9.165840632e-06
-8.758664574e-11
5.675178092e-11
9.165834791e-06
-3.215768708e-11
3.226486318e-11
9.165811919e-06
1.595268171e-12
1.27236248e-11
9.165792539e-06
1.949770624e-11
1.7180207e-12
9.165768711e-06
2.792956488e-11
-8.647607764e-12
9.165750002e-06
2.975038403e-11
-1.270692482e-11
9.165735411e-06
2.947554078e-11
-1.461406545e-11
9.16572269e-06
2.6661358e-11
-1.667892034e-11
9.165711908e-06
2.29498699e-11
-1.86437455e-11
9.165706595e-06
2.221356799e-11
-1.704475162e-11
9.165700077e-06
2.025697998e-11
-1.576225784e-11
9.165693987e-06
1.827444586e-11
-1.774439815e-11
1.695489707e-11
-1.26837182e-11
9.165978269e-06
-5.936201173e-10
3.587572127e-10
9.165938145e-06
-9.889753445e-11
1.139857319e-10
9.165887688e-06
-6.402050631e-11
8.781180406e-11
9.165819981e-06
-1.34318375e-13
3.235313377e-11
9.165761251e-06
2.93835916e-11
-8.094384132e-13
9.165725011e-06
3.772499062e-11
-1.740358884e-11
9.165699988e-06
3.749128498e-11
-2.731403095e-11
9.165690923e-06
3.495368128e-11
-3.060403454e-11
9.165687689e-06
3.151133104e-11
-2.986058595e-11
9.165689838e-06
2.855033041e-11
-2.807457331e-11
9.16569228e-06
2.336916466e-11
-2.551909527e-11
9.165695919e-06
1.99532842e-11
-2.331357268e-11
9.165699222e-06
1.725828854e-11
-2.103005837e-11
9.16570547e-06
1.8584039e-11
-2.073033247e-11
1.486963508e-11
-1.742870735e-11
9.166059478e-06
-6.095676817e-10
5.773974979e-10
9.165790795e-06
6.604315499e-12
5.410522391e-11
9.165663164e-06
-2.533927403e-12
8.317304069e-11
9.165574622e-06
2.297917254e-11
1.049320596e-11
9.165522305e-06
2.766861636e-11
-3.067148763e-11
9.165504289e-06
2.637958422e-11
-4.534443034e-11
9.165506537e-06
2.290873773e-11
-5.009113823e-11
9.165518413e-06
1.865731533e-11
-4.762146532e-11
9.165537184e-06
1.520201991e-11
-4.185404595e-11
9.165550388e-06
1.272725179e-11
-3.78236709e-11
9.165568778e-06
9.936941604e-12
-3.275126162e-11
9.165584993e-06
9.076253196e-12
-2.73087509e-11
9.165598711e-06
7.74419166e-12
-2.464174325e-11
9.165614733e-06
7.253365115e-12
-2.468903462e-11
3.887148539e-12
-2.092283419e-11
9.166532266e-06
6.048364113e-10
1.634790258e-09
9.165866244e-06
-8.107274814e-12
-2.114701679e-11
9.165541995e-06
2.119203275e-12
-7.625664729e-12
9.165416656e-06
-2.314814806e-11
-6.215029392e-11
9.165379181e-06
-2.940308632e-11
-8.493882946e-11
9.165384946e-06
-2.389148646e-11
-7.884439789e-11
9.165409066e-06
-2.096933285e-11
-6.944934142e-11
9.165437169e-06
-1.58557043e-11
-5.811839018e-11
9.165466983e-06
-1.224614262e-11
-4.873429217e-11
9.1654907e-06
-1.245621693e-11
-4.09894702e-11
9.165515645e-06
-1.067371925e-11
-3.524302224e-11
9.165537051e-06
-9.000459422e-12
-3.083707358e-11
9.16555365e-06
-8.580485333e-12
-2.636408182e-11
9.165571051e-06
-7.219840512e-12
-2.554948102e-11
-5.90239172e-12
-1.989486683e-11
9.166093997e-06
5.923075847e-10
5.789365123e-10
9.165823533e-06
9.463678148e-11
5.380758048e-11
9.165695143e-06
5.999574652e-11
8.111342972e-11
9.165607011e-06
-2.916147904e-12
1.007837961e-11
9.165556553e-06
-3.050621988e-11
-3.144575689e-11
9.165535403e-06
-3.805371774e-11
-4.654389082e-11
9.165538652e-06
-3.871076522e-11
-4.834107876e-11
9.16555074e-06
-3.614416335e-11
-4.804057327e-11
9.165565582e-06
-3.086365256e-11
-4.260762246e-11
9.165582746e-06
-2.727374565e-11
-3.657035089e-11
9.165601108e-06
-2.239037337e-11
-3.122542001e-11
9.165617441e-06
-2.129355985e-11
-2.861767044e-11
9.165630931e-06
-1.77076007e-11
-2.34628025e-11
9.165647301e-06
-1.931179117e-11
-2.386037264e-11
-1.51756267e-11
-1.894694906e-11
9.165950995e-06
3.615371674e-10
9.165910508e-06
1.161837499e-10
1.164711844e-10
9.165859482e-06
8.795785703e-11
8.721833461e-11
9.165790336e-06
3.211742806e-11
3.319901455e-11
9.165732554e-06
-1.482056869e-12
7.440103643e-13
9.165691464e-06
-1.944644939e-11
-1.6336594e-11
9.165669666e-06
-2.706097691e-11
-2.538057787e-11
9.165657392e-06
-2.943174025e-11
-2.859508665e-11
9.165650473e-06
-3.045284893e-11
-2.990351288e-11
9.165652195e-06
-2.795202628e-11
-2.751523517e-11
9.165654908e-06
-2.529537662e-11
-2.444898494e-11
9.165661951e-06
-2.24480355e-11
-2.209812142e-11
9.165664238e-06
-2.009241636e-11
-2.098472802e-11
9.165671084e-06
-1.85303506e-11
-1.973811587e-11
-1.732290867e-11
-1.749934575e-11
9.165799755e-06
6.672370624e-11
6.693112309e-11
9.165823441e-06
5.389092612e-11
5.807283388e-11
9.165817686e-06
2.852779378e-11
3.557683621e-11
9.165797692e-06
9.550130923e-12
1.536271904e-11
9.16577445e-06
-3.405157934e-12
1.592971035e-12
9.165753016e-06
-1.146372558e-11
-7.222682489e-12
9.165732062e-06
-1.346830794e-11
-1.224048872e-11
9.165716812e-06
-1.527005631e-11
-1.391932486e-11
9.165705982e-06
-1.437867171e-11
-1.571160567e-11
9.165697708e-06
-1.447544061e-11
-1.782233308e-11
9.165690556e-06
-1.424703438e-11
-1.767803329e-11
9.165684755e-06
-1.300647236e-11
-1.568736583e-11
9.165679205e-06
-1.288421558e-11
-1.617211069e-11
-1.07399976e-11
-1.168796681e-11
9.165797194e-06
5.647049928e-11
9.165845668e-06
4.732851084e-11
9.165864814e-06
3.136775178e-11
9.165863143e-06
1.730408521e-11
9.16585467e-06
6.993655343e-12
9.165839537e-06
9.257992543e-13
9.165819778e-06
-5.707185636e-12
9.165803414e-06
-8.688439391e-12
9.165789562e-06
-1.028025339e-11
9.165773982e-06
-1.158292212e-11
9.165761985e-06
-1.261762516e-11
9.165749944e-06
-1.171183341e-11
9.16573828e-06
-1.232747557e-11
-9.727469857e-12
9.165704233e-06
-7.885337971e-11
4.909735055e-11
9.165766903e-06
-3.835316694e-11
3.108503998e-11
9.165821708e-06
-3.500799366e-11
2.799764997e-11
9.165856339e-06
-2.174585323e-11
2.038307243e-11
9.165874459e-06
-1.18421527e-11
1.185856016e-11
9.165877023e-06
-3.559462202e-12
6.039246074e-12
9.16587494e-06
1.276806357e-12
2.171061143e-12
9.165865381e-06
5.076553743e-12
-1.796563849e-12
9.165850526e-06
6.481824005e-12
-6.481996722e-12
9.165838335e-06
8.399001061e-12
-7.023155084e-12
9.165823771e-06
7.349588508e-12
-7.324130904e-12
9.165810179e-06
8.863238726e-12
-8.596125939e-12
9.165795797e-06
8.285998878e-12
-9.784311664e-12
9.165782821e-06
9.524678382e-12
-7.562830108e-12
7.750400941e-12
-7.942213921e-12
9.165756691e-06
-1.617033017e-10
7.634996762e-11
9.165811696e-06
-6.52200778e-11
3.859078243e-11
9.165860669e-06
-5.600957801e-11
3.595679363e-11
9.165882255e-06
-3.196137043e-11
2.214696064e-11
9.165887983e-06
-1.278526245e-11
1.250015975e-11
9.165882216e-06
-2.847918042e-13
4.990508055e-12
9.16587327e-06
8.267162054e-12
-1.634206288e-12
9.165858124e-06
1.210253561e-11
-6.43873391e-12
9.165842452e-06
1.377839465e-11
-9.867221909e-12
9.165829831e-06
1.49288346e-11
-9.598591863e-12
9.165817362e-06
1.556737636e-11
-9.027957995e-12
9.165802629e-06
1.590474647e-11
-1.094938166e-11
9.165794855e-06
1.519280827e-11
-9.995664515e-12
9.165783779e-06
1.504666468e-11
-9.874636246e-12
1.189702965e-11
-9.111498304e-12
9.16576926e-06
-2.197343958e-10
1.620788532e-10
9.165805654e-06
-5.741416376e-11
6.818952799e-11
9.165827018e-06
-4.973166699e-11
5.287091152e-11
9.165823126e-06
-1.972546391e-11
2.459315266e-11
9.165802425e-06
1.835257436e-13
6.281122297e-12
9.165778513e-06
8.894913495e-12
-5.240485526e-12
9.165755947e-06
1.409356764e-11
-1.236104027e-11
9.165737947e-06
1.66869596e-11
-1.560671419e-11
9.165723264e-06
1.731535931e-11
-1.64803585e-11
9.165712923e-06
1.745084479e-11
-1.546337595e-11
9.16570371e-06
1.547730064e-11
-1.479190308e-11
9.165696477e-06
1.450758852e-11
-1.558150154e-11
9.165690313e-06
1.242276084e-11
-1.252383404e-11
9.165684835e-06
1.393171037e-11
-1.206555334e-11
1.106276649e-11
-1.059380183e-11
9.165864777e-06
-2.12279782e-10
2.45259933e-10
9.165822019e-06
-2.312137069e-11
5.83338676e-11
9.16581413e-06
-1.803498182e-11
5.593481846e-11
9.165786154e-06
-3.007737904e-12
1.98267685e-11
9.165750701e-06
5.843875987e-12
-5.428389759e-12
9.165723364e-06
9.482200387e-12
-1.712569267e-11
9.165702788e-06
1.181091327e-11
-2.262481144e-11
9.165688019e-06
1.16490963e-11
-2.459407458e-11
9.165677354e-06
9.745646886e-12
-2.403615708e-11
9.165670803e-06
8.645655264e-12
-2.179908985e-11
9.16566881e-06
6.364298853e-12
-2.039213629e-11
9.16566725e-06
5.356799908e-12
-1.840671805e-11
9.165667523e-06
4.853306068e-12
-1.520397182e-11
9.165666177e-06
5.593026083e-12
-1.557578135e-11
4.824327747e-12
-1.301590723e-11
9.166060812e-06
2.079414412e-10
5.828508523e-10
9.165914602e-06
2.090989152e-11
8.607790808e-11
9.165830574e-06
1.526812135e-11
4.652862751e-11
9.165765521e-06
1.642009068e-12
-1.607524262e-12
9.165716065e-06
-6.482915636e-12
-2.518056574e-11
9.165683538e-06
-9.032991699e-12
-3.331131126e-11
9.165666844e-06
-8.201344289e-12
-3.291497812e-11
9.165655064e-06
-1.01317805e-11
-3.108611169e-11
9.165650257e-06
-7.136543285e-12
-2.718933244e-11
9.165646552e-06
-7.59873864e-12
-2.427604264e-11
9.165650993e-06
-5.355034594e-12
-2.149290063e-11
9.165652091e-06
-6.543048079e-12
-1.884493536e-11
9.165655946e-06
-4.596353633e-12
-1.665480477e-11
9.16565809e-06
-6.204887451e-12
-1.696809568e-11
-4.522012848e-12
-1.240692557e-11
9.165838636e-06
2.202661699e-10
2.470879392e-10
9.165793735e-06
5.608824257e-11
5.822099681e-11
9.165787993e-06
4.699907175e-11
5.88049838e-11
9.165756786e-06
1.822050415e-11
2.079687826e-11
9.165724823e-06
3.155174866e-13
-3.38202704e-12
9.165697851e-06
-8.329523203e-12
-1.75365988e-11
9.165671529e-06
-1.528234466e-11
-2.354461922e-11
9.165659505e-06
-1.701271843e-11
-2.413648072e-11
9.165649136e-06
-1.832168804e-11
-2.287976319e-11
9.165644532e-06
-1.696641761e-11
-2.204903216e-11
9.165642746e-06
-1.529937253e-11
-2.103222623e-11
9.165643617e-06
-1.400663487e-11
-1.811425533e-11
9.165642724e-06
-1.485214635e-11
-1.551424003e-11
9.165644127e-06
-1.523231295e-11
-1.542719909e-11
-1.343896748e-11
-1.226318905e-11
9.165828682e-06
1.610116288e-10
1.645953293e-10
9.165864278e-06
6.680380934e-11
6.907347986e-11
9.165891907e-06
5.858585299e-11
5.679850233e-11
9.165883748e-06
3.463443182e-11
2.816731455e-11
9.165864661e-06
1.293853905e-11
7.380015446e-12
9.165839605e-06
-8.215510187e-13
-4.381605637e-12
9.165817588e-06
-9.415615134e-12
-1.09062861e-11
9.165798359e-06
-1.281499904e-11
-1.453405944e-11
9.165784344e-06
-1.52136672e-11
-1.495047777e-11
9.165771075e-06
-1.628595479e-11
-1.528862445e-11
9.165763536e-06
-1.777792562e-11
-1.567874866e-11
9.165754706e-06
-1.746681307e-11
-1.464248093e-11
9.165750503e-06
-1.478470905e-11
-1.243790189e-11
9.165747056e-06
-1.495956862e-11
-1.268192474e-11
-1.24703777e-11
-1.000998739e-11
9.165760227e-06
7.87001124e-11
9.165809759e-06
3.763836461e-11
3.938276842e-11
9.165859377e-06
3.603890753e-11
3.579569479e-11
9.16587918e-06
2.236885458e-11
2.21135955e-11
9.165885473e-06
1.073784014e-11
1.186124669e-11
9.165879365e-06
3.312532718e-12
4.285899268e-12
9.16586815e-06
-2.10976929e-12
-1.847849015e-12
9.165852962e-06
-6.218055316e-12
-6.660850826e-12
9.165838026e-06
-1.010496399e-11
-1.022162076e-11
9.165822115e-06
-9.762144262e-12
-9.697814874e-12
9.165811219e-06
-8.791890018e-12
-1.027856456e-11
9.165801326e-06
-9.641544866e-12
-8.59777398e-12
9.165789478e-06
-9.381685629e-12
-8.943082763e-12
9.165777975e-06
-9.162614219e-12
-9.516391478e-12
-7.78683087e-12
-8.233601279e-12
9.165769438e-06
3.215277378e-11
9.165825257e-06
2.857584918e-11
9.165855909e-06
1.861168833e-11
9.165872373e-06
1.286239788e-11
9.165879567e-06
7.216723508e-12
9.165873562e-06
1.91438541e-12
9.165863197e-06
-3.587445553e-12
9.165852165e-06
-5.277453007e-12
9.165838025e-06
-7.43293768e-12
9.165822582e-06
-7.669156083e-12
9.165810476e-06
-6.800772744e-12
9.165797509e-06
-7.342993862e-12
9.165781495e-06
-7.717160115e-12
-6.987995368e-12
9.16570762e-06
-5.177339912e-11
9.165769838e-06
-3.122356929e-11
9.165824979e-06
-2.725290677e-11
9.165862684e-06
-1.962231288e-11
9.165889061e-06
-1.047942651e-11
9.165900713e-06
-4.273613434e-12
9.165901427e-06
-2.269473536e-12
9.165900091e-06
8.166854527e-13
9.165891857e-06
2.911396626e-12
9.165882075e-06
5.537412507e-12
9.16586552e-06
5.543324651e-12
9.165851946e-06
5.513753753e-12
9.165840557e-06
7.556840171e-12
9.165822306e-06
7.440998273e-12
6.295074547e-12
9.165685038e-06
-9.998241759e-11
9.165747906e-06
-5.476968985e-11
9.165800871e-06
-4.691150939e-11
9.165835359e-06
-3.09156661e-11
9.165851029e-06
-1.798575549e-11
9.165853578e-06
-9.66449565e-12
9.165851431e-06
-1.195970062e-12
9.165843436e-06
4.20909685e-12
9.165831116e-06
7.836625819e-12
9.165817555e-06
8.762251386e-12
9.165802425e-06
9.744269008e-12
9.165790804e-06
1.117180094e-11
9.165778222e-06
1.232883496e-11
9.165762267e-06
1.250886676e-11
1.082276263e-11
9.165716064e-06
-1.177745286e-10
9.165777913e-06
-5.181288296e-11
9.165828857e-06
-4.148928855e-11
9.16584907e-06
-2.128334309e-11
9.165849401e-06
-8.873406296e-12
9.165839151e-06
-1.698899111e-12
9.165823794e-06
4.342732833e-12
9.165806613e-06
7.190328958e-12
9.165790002e-06
8.92967628e-12
9.165774231e-06
1.012579059e-11
9.165760463e-06
9.03190537e-12
9.165748744e-06
1.05992298e-11
9.165735992e-06
9.374996985e-12
9.165723038e-06
9.973163397e-12
8.546404127e-12
9.165769634e-06
-1.056368181e-10
9.165806874e-06
-3.378548113e-11
9.165844965e-06
-1.901838648e-11
9.165849723e-06
-7.602072966e-12
9.165836378e-06
-4.698268874e-13
9.165817212e-06
2.310996422e-12
9.165794858e-06
4.929237414e-12
9.165775355e-06
7.419079198e-12
9.165755468e-06
6.805456258e-12
9.165737757e-06
6.263309902e-12
9.165727292e-06
5.919052035e-12
9.165716756e-06
4.624899753e-12
9.165707104e-06
3.22119561e-12
9.165698797e-06
4.240353806e-12
4.751977828e-12
9.165867886e-06
1.034715207e-10
9.165889239e-06
3.211896895e-11
9.16589693e-06
1.912430314e-11
9.165875643e-06
7.065164473e-12
9.165846451e-06
6.38679552e-13
9.165820836e-06
-1.793983551e-12
9.165794968e-06
-2.594479968e-12
9.165771353e-06
-4.845536848e-12
9.165752691e-06
-3.908054917e-12
9.165735529e-06
-4.931107741e-12
9.165725968e-06
-4.799948084e-12
9.165717985e-06
-4.749080704e-12
9.165712288e-06
-3.245037896e-12
9.16570663e-06
-3.612935282e-12
-3.959790663e-12
9.165792567e-06
1.183878866e-10
9.165829245e-06
5.070221251e-11
9.165867275e-06
4.105406099e-11
9.165873183e-06
2.237450142e-11
9.165859766e-06
8.27225728e-12
9.165842813e-06
2.553646073e-12
9.165818891e-06
-4.787494037e-12
9.165798439e-06
-6.945630807e-12
9.165777949e-06
-9.2539178e-12
9.16576055e-06
-9.764659915e-12
9.165751282e-06
-9.7080211e-12
9.165741046e-06
-1.024920472e-11
9.165731617e-06
-1.134993787e-11
9.165723391e-06
-1.238192363e-11
-1.045062198e-11
9.16577108e-06
9.83640798e-11
9.165835454e-06
5.497990478e-11
9.165885387e-06
4.493332854e-11
9.165904868e-06
3.008271943e-11
9.165905369e-06
1.642767429e-11
9.165893403e-06
6.662014201e-12
9.165877736e-06
-3.05372044e-13
9.165860404e-06
-4.991873257e-12
9.165843374e-06
-8.933310315e-12
9.165826522e-06
-1.066983567e-11
9.16581448e-06
-1.218269746e-11
9.165801781e-06
-1.140856311e-11
9.165789523e-06
-1.076572044e-11
9.165779538e-06
-1.104062074e-11
-1.052004754e-11
9.165690209e-06
5.101178835e-11
9.165746603e-06
3.041637557e-11
9.165804672e-06
2.846292246e-11
9.165836273e-06
1.855776018e-11
9.165853821e-06
1.202882592e-11
9.16585823e-06
6.359400601e-12
9.165853244e-06
1.559987393e-12
9.165843439e-06
-2.956184958e-12
9.165831661e-06
-5.224162487e-12
9.165816146e-06
-7.300647627e-12
9.165805957e-06
-6.164775402e-12
9.165790048e-06
-7.618701435e-12
9.165776238e-06
-8.026053596e-12
9.165760553e-06
-8.355729829e-12
-7.076852633e-12
9.165677953e-06
9.165739959e-06
9.165795492e-06
9.165833715e-06
9.165857214e-06
9.165869659e-06
9.165871763e-06
9.165869289e-06
9.165860755e-06
9.165851536e-06
9.165839732e-06
9.16582409e-06
9.165810484e-06
9.165793982e-06
)
;

boundaryField
{
    top
    {
        type            calculated;
        value           uniform 0;
    }
    bottom
    {
        type            calculated;
        value           uniform 0;
    }
    side-walls
    {
        type            calculated;
        value           uniform 0;
    }
    inlet
    {
        type            calculated;
        value           nonuniform 0();
    }
    outlet
    {
        type            calculated;
        value           nonuniform List<scalar> 
81
(
9.165784174e-06
9.165761512e-06
9.165731646e-06
9.165709988e-06
9.16571266e-06
9.165698064e-06
9.165764198e-06
9.165766069e-06
9.165780818e-06
9.165751773e-06
9.165723011e-06
9.165710664e-06
9.165696774e-06
9.165625625e-06
9.165647964e-06
9.165699859e-06
9.165733996e-06
9.165751095e-06
9.165714548e-06
9.165723517e-06
9.165653162e-06
9.16566316e-06
9.165614133e-06
9.165650342e-06
9.165711019e-06
9.165704924e-06
9.165745037e-06
9.165729673e-06
9.165649965e-06
9.165641069e-06
9.165545855e-06
9.1656607e-06
9.165672785e-06
9.165613492e-06
9.165702839e-06
9.16569107e-06
9.165699357e-06
9.165638786e-06
9.165616163e-06
9.165655652e-06
9.217209471e-06
9.165675677e-06
9.165620778e-06
9.165685739e-06
9.165681427e-06
9.165677722e-06
9.165698671e-06
9.165652037e-06
9.165595927e-06
9.165646518e-06
9.165569987e-06
9.165627915e-06
9.165677484e-06
9.165704871e-06
9.165757907e-06
9.165691919e-06
9.165708204e-06
9.165623705e-06
9.16558949e-06
9.165658011e-06
9.165672715e-06
9.165676838e-06
9.165730296e-06
9.165768988e-06
9.165772926e-06
9.165682649e-06
9.165670205e-06
9.165664336e-06
9.16564546e-06
9.165747297e-06
9.165768563e-06
9.165768645e-06
9.165808688e-06
9.165752031e-06
9.165716242e-06
9.165697415e-06
9.165702387e-06
9.165719189e-06
9.165772452e-06
9.165748921e-06
9.165778614e-06
)
;
    }
    procBoundary1to0
    {
        type            processor;
        value           nonuniform List<scalar> 
97
(
-9.165684834e-06
5.087800107e-11
-9.165698466e-06
-9.165736727e-06
-9.165780462e-06
-9.165875728e-06
-9.165773336e-06
-9.165759255e-06
-9.165704263e-06
-9.165676857e-06
-9.165568625e-06
-7.687755864e-11
-9.165713369e-06
1.607524754e-10
-9.165796546e-06
-9.165893129e-06
-9.166031726e-06
-9.165847185e-06
-9.165789005e-06
-9.165720202e-06
-9.165683194e-06
-9.16553622e-06
-9.165552004e-06
-3.60715607e-10
-9.16592521e-06
5.927311524e-10
-9.166098441e-06
-9.166558327e-06
-9.166088663e-06
-9.165983679e-06
-9.165791595e-06
-9.165745505e-06
-9.165572187e-06
-9.16552753e-06
-9.165511027e-06
-1.128982941e-09
-9.165793429e-06
1.167010128e-09
-9.166308144e-06
-9.165921035e-06
-9.166048559e-06
-9.165900127e-06
-9.16576468e-06
-9.165492026e-06
-9.165405183e-06
-9.165132806e-06
-9.164998428e-06
-7.912942846e-09
-9.199989409e-06
-7.9107536e-09
-9.166325299e-06
-1.166683097e-09
-9.166560232e-06
-9.166092165e-06
-9.165842677e-06
-9.165518529e-06
-9.165568706e-06
-9.165519824e-06
-9.16576325e-06
-9.164986766e-06
-9.165747374e-06
1.127145678e-09
-9.166063289e-06
-5.928583448e-10
-9.165874788e-06
-9.165777117e-06
-9.165567172e-06
-9.165523771e-06
-9.165511885e-06
-9.165493848e-06
-9.165103043e-06
-9.165525656e-06
-9.165483712e-06
3.602277535e-10
-9.165763748e-06
-1.611850681e-10
-9.16573112e-06
-9.165579242e-06
-9.165593359e-06
-9.165508667e-06
-9.165545732e-06
-9.165429474e-06
-9.165514725e-06
-9.165567378e-06
-9.165594681e-06
7.788380467e-11
-9.165706649e-06
-5.252301704e-11
-9.165604853e-06
-9.165558861e-06
-9.165534062e-06
-9.16553834e-06
-9.165494735e-06
-9.165559518e-06
-9.165589227e-06
-9.165562399e-06
-9.165575224e-06
)
;
    }
}


// ************************************************************************* //
