/*--------------------------------*- C++ -*----------------------------------*\
| =========                 |                                                 |
| \\      /  F ield         | OpenFOAM: The Open Source CFD Toolbox           |
|  \\    /   O peration     | Version:  4.x                                   |
|   \\  /    A nd           | Web:      www.OpenFOAM.org                      |
|    \\/     M anipulation  |                                                 |
\*---------------------------------------------------------------------------*/
FoamFile
{
    version     2.0;
    format      ascii;
    class       volScalarField;
    location    "2000";
    object      X_N2;
}
// * * * * * * * * * * * * * * * * * * * * * * * * * * * * * * * * * * * * * //

dimensions      [0 0 0 0 0 0 0];

internalField   nonuniform List<scalar> 
1175
(
0.6229746282
0.6229746282
0.6229746282
0.6229746282
0.6229746284
0.6229746283
0.6229746283
0.6229746285
0.6229746283
0.6229746285
0.6229746281
0.6229746282
0.6229746281
0.6229746276
0.6229746261
0.6229746283
0.6229746283
0.6229746281
0.6229746283
0.6229746282
0.6229746282
0.6229746285
0.6229746285
0.6229746284
0.6229746283
0.6229746281
0.6229746281
0.6229746279
0.622974627
0.6229746247
0.6229746281
0.6229746281
0.6229746284
0.6229746284
0.6229746286
0.6229746284
0.6229746285
0.6229746283
0.6229746282
0.6229746285
0.6229746281
0.622974628
0.6229746276
0.6229746262
0.6229746224
0.6229746281
0.6229746281
0.6229746284
0.6229746284
0.6229746286
0.6229746284
0.6229746281
0.6229746286
0.6229746284
0.6229746285
0.6229746282
0.6229746278
0.6229746272
0.6229746251
0.6229746193
0.6229746281
0.6229746283
0.6229746285
0.6229746284
0.6229746284
0.6229746284
0.6229746282
0.6229746283
0.6229746283
0.6229746282
0.6229746283
0.6229746278
0.6229746268
0.6229746243
0.6229746179
0.6229746282
0.6229746282
0.6229746284
0.6229746282
0.6229746284
0.6229746284
0.6229746281
0.6229746285
0.6229746285
0.6229746284
0.6229746284
0.6229746278
0.6229746268
0.6229746248
0.6229746196
0.6229746283
0.6229746281
0.6229746281
0.6229746284
0.6229746281
0.6229746281
0.6229746278
0.6229746281
0.622974628
0.6229746281
0.622974628
0.6229746279
0.6229746275
0.622974626
0.6229746226
0.6229746283
0.6229746279
0.6229746281
0.6229746283
0.6229746282
0.6229746282
0.622974628
0.6229746282
0.6229746282
0.6229746283
0.6229746281
0.622974628
0.6229746279
0.6229746272
0.6229746253
0.6229746282
0.6229746282
0.6229746283
0.6229746284
0.6229746284
0.6229746282
0.622974628
0.6229746281
0.6229746281
0.622974628
0.6229746281
0.6229746281
0.622974628
0.6229746274
0.6229746263
0.6229746283
0.6229746281
0.6229746282
0.6229746283
0.6229746281
0.6229746283
0.6229746284
0.6229746284
0.6229746284
0.6229746283
0.6229746285
0.6229746283
0.6229746279
0.622974627
0.6229746282
0.6229746282
0.6229746285
0.6229746283
0.6229746281
0.6229746282
0.6229746282
0.6229746282
0.6229746284
0.6229746282
0.6229746284
0.622974628
0.6229746275
0.622974626
0.6229746219
0.6229746283
0.6229746282
0.622974628
0.6229746283
0.6229746285
0.6229746285
0.6229746282
0.6229746282
0.6229746282
0.6229746283
0.6229746282
0.6229746278
0.6229746266
0.6229746238
0.6229746166
0.622974628
0.6229746281
0.6229746281
0.6229746283
0.6229746283
0.6229746282
0.6229746285
0.6229746285
0.6229746283
0.6229746281
0.6229746278
0.6229746274
0.6229746258
0.6229746212
0.6229746087
0.6229746279
0.6229746282
0.6229746281
0.6229746281
0.6229746285
0.6229746284
0.6229746285
0.6229746285
0.6229746282
0.6229746282
0.622974628
0.6229746274
0.6229746251
0.6229746195
0.6229746038
0.622974628
0.622974628
0.6229746281
0.6229746284
0.6229746282
0.6229746282
0.6229746281
0.622974628
0.6229746281
0.622974628
0.622974628
0.6229746273
0.6229746258
0.6229746212
0.6229746093
0.6229746279
0.6229746279
0.6229746283
0.6229746281
0.6229746279
0.622974628
0.6229746279
0.622974628
0.6229746281
0.6229746282
0.6229746282
0.6229746278
0.6229746266
0.6229746239
0.6229746173
0.6229746278
0.622974628
0.6229746282
0.6229746282
0.6229746283
0.622974628
0.622974628
0.6229746283
0.6229746281
0.6229746281
0.622974628
0.622974628
0.6229746274
0.622974626
0.6229746226
0.6229746281
0.622974628
0.6229746281
0.6229746279
0.6229746282
0.6229746282
0.6229746283
0.6229746282
0.6229746283
0.622974628
0.622974628
0.6229746281
0.6229746278
0.6229746268
0.6229746252
0.6229746281
0.6229746282
0.6229746283
0.6229746282
0.6229746282
0.6229746282
0.6229746282
0.6229746281
0.6229746283
0.6229746284
0.6229746284
0.6229746282
0.6229746275
0.6229746256
0.6229746281
0.6229746279
0.6229746283
0.6229746284
0.6229746283
0.6229746282
0.6229746281
0.6229746283
0.6229746284
0.6229746285
0.6229746283
0.6229746278
0.6229746266
0.6229746229
0.6229746282
0.6229746283
0.6229746283
0.6229746282
0.6229746282
0.6229746282
0.6229746283
0.6229746282
0.6229746281
0.6229746282
0.6229746278
0.6229746271
0.622974625
0.6229746178
0.6229745986
0.6229746281
0.6229746283
0.6229746282
0.6229746285
0.6229746281
0.6229746282
0.6229746281
0.6229746283
0.6229746283
0.6229746281
0.6229746277
0.6229746266
0.6229746229
0.6229746104
0.6229745754
0.6229746281
0.6229746282
0.6229746281
0.6229746282
0.6229746281
0.6229746284
0.6229746284
0.6229746282
0.6229746284
0.6229746283
0.622974628
0.6229746264
0.6229746218
0.622974606
0.6229745584
0.6229746281
0.6229746281
0.6229746281
0.622974628
0.6229746281
0.622974628
0.6229746281
0.6229746282
0.6229746281
0.622974628
0.6229746275
0.6229746266
0.6229746231
0.6229746117
0.6229745799
0.6229746281
0.6229746281
0.622974628
0.6229746279
0.6229746281
0.6229746281
0.6229746281
0.6229746278
0.6229746277
0.622974628
0.6229746278
0.6229746272
0.6229746255
0.6229746195
0.6229746039
0.6229746281
0.622974628
0.6229746281
0.6229746281
0.6229746282
0.6229746282
0.6229746282
0.6229746282
0.6229746279
0.6229746278
0.6229746281
0.622974628
0.6229746268
0.6229746238
0.6229746173
0.6229746282
0.6229746284
0.6229746281
0.6229746282
0.622974628
0.6229746281
0.6229746283
0.6229746282
0.6229746283
0.6229746282
0.6229746281
0.622974628
0.6229746274
0.6229746258
0.6229746226
0.622974628
0.622974628
0.6229746281
0.6229746283
0.6229746283
0.6229746281
0.6229746282
0.6229746283
0.6229746285
0.6229746282
0.6229746282
0.6229746282
0.6229746269
0.6229746242
0.6229746282
0.6229746281
0.6229746282
0.6229746283
0.6229746284
0.6229746283
0.6229746282
0.6229746283
0.6229746282
0.6229746283
0.6229746279
0.6229746272
0.6229746253
0.6229746184
0.6229746281
0.6229746281
0.6229746282
0.6229746281
0.6229746281
0.6229746284
0.6229746283
0.6229746282
0.6229746284
0.6229746283
0.6229746278
0.6229746266
0.6229746218
0.622974604
0.6229746285
0.6229746283
0.6229746285
0.6229746283
0.622974628
0.6229746282
0.6229746283
0.6229746282
0.6229746283
0.622974628
0.6229746273
0.6229746252
0.6229746164
0.6229745833
0.6229744741
0.6229746283
0.6229746282
0.6229746283
0.6229746282
0.6229746284
0.6229746281
0.6229746283
0.6229746282
0.6229746279
0.622974628
0.6229746272
0.6229746247
0.6229746142
0.6229745743
0.6229744316
0.6229746282
0.6229746281
0.622974628
0.622974628
0.6229746282
0.6229746281
0.6229746281
0.6229746282
0.6229746279
0.6229746279
0.6229746276
0.6229746252
0.6229746173
0.6229745912
0.6229745123
0.6229746279
0.6229746281
0.6229746278
0.6229746281
0.6229746282
0.6229746281
0.6229746281
0.622974628
0.6229746283
0.6229746281
0.6229746277
0.6229746264
0.6229746226
0.6229746111
0.6229745797
0.6229746283
0.6229746283
0.6229746284
0.6229746282
0.6229746283
0.6229746282
0.6229746284
0.6229746281
0.6229746281
0.6229746279
0.6229746281
0.6229746274
0.6229746257
0.6229746212
0.6229746094
0.6229746285
0.6229746285
0.6229746284
0.6229746283
0.6229746284
0.6229746283
0.6229746281
0.6229746282
0.6229746282
0.622974628
0.6229746281
0.6229746277
0.622974627
0.6229746246
0.6229746193
0.6229746279
0.6229746281
0.6229746283
0.622974628
0.6229746279
0.6229746281
0.622974628
0.6229746281
0.6229746284
0.6229746283
0.6229746282
0.6229746278
0.6229746265
0.6229746229
0.6229746283
0.6229746284
0.6229746282
0.6229746282
0.6229746282
0.6229746282
0.6229746283
0.6229746284
0.6229746282
0.6229746283
0.6229746283
0.6229746275
0.6229746243
0.6229746154
0.6229746284
0.6229746283
0.6229746281
0.6229746281
0.622974628
0.6229746282
0.6229746285
0.622974628
0.6229746283
0.6229746283
0.6229746278
0.622974626
0.6229746185
0.6229745903
0.6229746279
0.6229746283
0.6229746286
0.6229746283
0.6229746283
0.6229746284
0.6229746284
0.6229746282
0.6229746281
0.6229746281
0.622974627
0.6229746233
0.6229746072
0.6229745272
0.6229746281
0.6229746283
0.6229746282
0.6229746282
0.622974628
0.6229746283
0.6229746281
0.6229746283
0.6229746282
0.6229746277
0.6229746269
0.6229746227
0.622974604
0.6229745242
0.6229741729
0.6229746281
0.6229746283
0.622974628
0.622974628
0.6229746279
0.6229746283
0.6229746283
0.6229746282
0.6229746281
0.6229746275
0.6229746268
0.6229746237
0.6229746115
0.6229745647
0.6229744235
0.6229746278
0.622974628
0.6229746282
0.6229746281
0.6229746281
0.622974628
0.622974628
0.6229746279
0.622974628
0.6229746281
0.6229746276
0.6229746262
0.6229746205
0.6229746031
0.6229745562
0.6229746282
0.6229746281
0.6229746282
0.6229746282
0.6229746283
0.622974628
0.6229746279
0.622974628
0.622974628
0.6229746281
0.6229746279
0.6229746273
0.6229746251
0.622974619
0.6229746037
0.6229746283
0.6229746284
0.6229746282
0.622974628
0.622974628
0.622974628
0.6229746283
0.6229746279
0.6229746279
0.6229746281
0.6229746281
0.6229746279
0.6229746266
0.6229746241
0.6229746179
0.6229746283
0.6229746282
0.6229746283
0.6229746283
0.6229746283
0.6229746285
0.6229746283
0.622974628
0.6229746283
0.6229746282
0.6229746282
0.6229746278
0.6229746267
0.6229746238
0.6229746282
0.6229746283
0.6229746282
0.6229746282
0.6229746282
0.6229746281
0.6229746282
0.6229746281
0.6229746285
0.6229746282
0.6229746283
0.6229746275
0.622974625
0.6229746182
0.6229746281
0.6229746282
0.622974628
0.6229746283
0.6229746281
0.6229746282
0.6229746282
0.6229746283
0.6229746285
0.6229746282
0.6229746278
0.622974626
0.6229746206
0.6229746021
0.6229746282
0.6229746282
0.6229746282
0.622974628
0.622974628
0.622974628
0.6229746279
0.622974628
0.622974628
0.6229746278
0.622974627
0.6229746241
0.6229746121
0.622974566
0.6229746281
0.6229746282
0.6229746282
0.6229746281
0.6229746281
0.622974628
0.6229746281
0.6229746283
0.6229746281
0.6229746278
0.6229746269
0.6229746228
0.6229746045
0.6229745192
0.622974628
0.6229746283
0.6229746282
0.6229746281
0.6229746282
0.6229746282
0.622974628
0.6229746282
0.622974628
0.622974628
0.6229746272
0.6229746241
0.6229746134
0.6229745708
0.6229746277
0.6229746279
0.6229746277
0.6229746278
0.622974628
0.6229746278
0.622974628
0.622974628
0.6229746282
0.6229746279
0.6229746275
0.6229746261
0.6229746215
0.6229746067
0.6229745658
0.6229746277
0.6229746279
0.622974628
0.6229746278
0.6229746281
0.6229746278
0.622974628
0.6229746281
0.6229746282
0.6229746282
0.6229746279
0.6229746272
0.6229746252
0.6229746201
0.6229746072
0.6229746279
0.6229746278
0.6229746278
0.622974628
0.622974628
0.6229746281
0.6229746281
0.6229746279
0.622974628
0.6229746279
0.622974628
0.6229746278
0.6229746269
0.6229746246
0.6229746194
0.6229746284
0.6229746284
0.6229746285
0.6229746285
0.6229746287
0.6229746283
0.6229746283
0.6229746284
0.6229746282
0.6229746284
0.6229746281
0.6229746282
0.6229746273
0.6229746252
0.6229746284
0.6229746284
0.6229746286
0.6229746284
0.6229746285
0.6229746281
0.6229746283
0.6229746283
0.6229746283
0.6229746282
0.6229746282
0.6229746274
0.6229746261
0.6229746222
0.6229746283
0.6229746281
0.6229746282
0.6229746287
0.6229746284
0.6229746284
0.6229746282
0.6229746282
0.6229746285
0.6229746282
0.6229746281
0.622974627
0.6229746239
0.6229746152
0.622974628
0.6229746281
0.6229746282
0.6229746281
0.6229746282
0.622974628
0.6229746282
0.6229746282
0.6229746279
0.6229746276
0.6229746274
0.6229746261
0.6229746203
0.6229746021
0.6229746282
0.622974628
0.6229746282
0.6229746282
0.6229746281
0.6229746282
0.6229746283
0.622974628
0.6229746279
0.6229746278
0.6229746275
0.6229746252
0.6229746172
0.6229745889
0.6229746283
0.6229746283
0.6229746278
0.6229746279
0.6229746278
0.622974628
0.622974628
0.622974628
0.622974628
0.6229746278
0.6229746275
0.6229746258
0.6229746205
0.6229746029
0.6229746278
0.6229746279
0.6229746277
0.6229746279
0.6229746278
0.6229746278
0.622974628
0.6229746282
0.6229746282
0.622974628
0.6229746278
0.6229746267
0.6229746239
0.6229746157
0.6229746278
0.6229746275
0.6229746278
0.6229746277
0.6229746276
0.6229746276
0.6229746279
0.6229746279
0.6229746278
0.6229746278
0.6229746277
0.6229746273
0.6229746263
0.6229746228
0.6229746149
0.6229746278
0.6229746276
0.6229746278
0.6229746279
0.6229746279
0.622974628
0.6229746278
0.6229746278
0.6229746277
0.6229746278
0.6229746279
0.6229746277
0.6229746271
0.6229746258
0.6229746219
0.6229746287
0.6229746287
0.6229746282
0.6229746285
0.6229746284
0.6229746282
0.6229746284
0.6229746283
0.6229746282
0.6229746285
0.6229746281
0.6229746281
0.6229746273
0.6229746264
0.6229746285
0.6229746284
0.6229746286
0.6229746285
0.6229746283
0.6229746282
0.6229746283
0.6229746285
0.6229746282
0.6229746281
0.6229746283
0.6229746279
0.6229746271
0.6229746253
0.6229746281
0.622974628
0.6229746284
0.6229746283
0.6229746285
0.6229746282
0.6229746283
0.6229746283
0.6229746282
0.622974628
0.622974628
0.6229746274
0.622974626
0.6229746221
0.6229746284
0.6229746282
0.6229746281
0.6229746281
0.622974628
0.6229746281
0.6229746282
0.6229746282
0.622974628
0.622974628
0.6229746277
0.6229746269
0.6229746247
0.6229746179
0.6229746281
0.622974628
0.6229746281
0.622974628
0.622974628
0.6229746281
0.622974628
0.6229746279
0.6229746281
0.622974628
0.6229746278
0.6229746266
0.6229746236
0.6229746146
0.6229746278
0.6229746279
0.6229746279
0.622974628
0.6229746281
0.622974628
0.6229746279
0.6229746279
0.6229746277
0.6229746275
0.6229746274
0.6229746268
0.6229746247
0.6229746181
0.6229746277
0.6229746276
0.6229746277
0.6229746276
0.6229746279
0.6229746276
0.6229746277
0.622974628
0.622974628
0.6229746278
0.6229746278
0.6229746273
0.622974626
0.6229746222
0.6229746277
0.6229746278
0.6229746278
0.6229746278
0.622974628
0.6229746278
0.622974628
0.6229746279
0.6229746281
0.6229746283
0.6229746278
0.6229746277
0.6229746271
0.6229746251
0.6229746279
0.6229746276
0.6229746277
0.6229746278
0.6229746279
0.6229746279
0.6229746278
0.6229746277
0.6229746276
0.6229746278
0.622974628
0.6229746279
0.6229746274
0.6229746265
0.6229746243
0.6229746285
0.6229746283
0.6229746287
0.6229746285
0.6229746283
0.6229746283
0.6229746285
0.6229746282
0.6229746284
0.6229746285
0.6229746284
0.6229746283
0.6229746279
0.6229746271
0.6229746285
0.6229746284
0.6229746285
0.6229746283
0.6229746283
0.6229746282
0.6229746282
0.6229746283
0.6229746283
0.6229746282
0.6229746281
0.6229746279
0.6229746276
0.6229746267
0.6229746281
0.6229746284
0.6229746283
0.6229746282
0.6229746285
0.6229746283
0.6229746282
0.6229746282
0.6229746281
0.6229746281
0.6229746281
0.6229746279
0.6229746269
0.6229746248
0.6229746282
0.6229746282
0.6229746283
0.6229746283
0.6229746281
0.6229746281
0.622974628
0.622974628
0.6229746282
0.622974628
0.6229746279
0.6229746275
0.6229746265
0.6229746235
0.6229746278
0.6229746279
0.622974628
0.6229746281
0.622974628
0.6229746279
0.6229746279
0.622974628
0.6229746278
0.6229746281
0.6229746279
0.6229746273
0.6229746263
0.6229746226
0.622974628
0.6229746279
0.6229746279
0.6229746279
0.622974628
0.6229746281
0.622974628
0.6229746279
0.6229746282
0.6229746277
0.6229746278
0.6229746274
0.6229746263
0.6229746237
0.6229746278
0.6229746277
0.6229746275
0.6229746276
0.6229746278
0.6229746278
0.6229746279
0.6229746277
0.6229746278
0.6229746277
0.6229746279
0.6229746277
0.6229746269
0.6229746252
0.6229746278
0.6229746278
0.6229746277
0.6229746277
0.6229746279
0.622974628
0.6229746277
0.6229746277
0.6229746278
0.6229746278
0.6229746278
0.6229746279
0.6229746276
0.6229746263
0.6229746277
0.6229746275
0.6229746274
0.6229746273
0.6229746275
0.6229746275
0.6229746278
0.6229746278
0.6229746276
0.6229746278
0.6229746277
0.6229746277
0.6229746276
0.6229746268
)
;

boundaryField
{
    top
    {
        type            calculated;
        value           nonuniform List<scalar> 
134
(
0.6229746282
0.6229746281
0.6229746282
0.6229746285
0.6229746283
0.6229746279
0.6229746278
0.6229746279
0.6229746277
0.6229746282
0.622974628
0.6229746284
0.6229746285
0.6229746284
0.6229746278
0.6229746276
0.6229746276
0.6229746275
0.6229746283
0.6229746281
0.6229746281
0.6229746284
0.6229746282
0.6229746278
0.6229746278
0.6229746277
0.6229746274
0.6229746284
0.6229746279
0.6229746282
0.6229746283
0.622974628
0.622974628
0.6229746279
0.6229746278
0.6229746273
0.6229746284
0.6229746282
0.622974628
0.6229746284
0.622974628
0.622974628
0.6229746279
0.6229746279
0.6229746275
0.6229746282
0.6229746282
0.6229746281
0.6229746283
0.622974628
0.6229746281
0.622974628
0.6229746279
0.6229746275
0.622974628
0.6229746283
0.6229746283
0.6229746281
0.6229746283
0.6229746281
0.6229746278
0.6229746278
0.6229746278
0.6229746281
0.6229746282
0.6229746282
0.6229746282
0.6229746279
0.6229746279
0.6229746278
0.6229746277
0.6229746278
0.6229746281
0.6229746283
0.6229746283
0.6229746282
0.6229746279
0.622974628
0.6229746277
0.6229746276
0.6229746276
0.622974628
0.622974628
0.6229746282
0.622974628
0.6229746281
0.6229746279
0.6229746278
0.6229746278
0.6229746278
0.6229746281
0.622974628
0.6229746281
0.6229746281
0.6229746281
0.622974628
0.6229746279
0.622974628
0.6229746277
0.6229746281
0.6229746281
0.622974628
0.6229746277
0.6229746279
0.6229746278
0.6229746277
0.6229746279
0.6229746277
0.622974628
0.6229746278
0.6229746274
0.622974627
0.6229746266
0.6229746269
0.6229746271
0.6229746274
0.6229746276
0.6229746274
0.6229746268
0.6229746258
0.6229746246
0.6229746241
0.6229746246
0.6229746258
0.6229746265
0.6229746268
0.6229746263
0.6229746252
0.6229746226
0.6229746193
0.6229746179
0.6229746194
0.6229746219
0.6229746243
)
;
    }
    bottom
    {
        type            calculated;
        value           nonuniform List<scalar> 
127
(
0.6229746282
0.6229746283
0.6229746281
0.622974628
0.6229746279
0.6229746283
0.6229746284
0.6229746287
0.6229746285
0.6229746282
0.6229746281
0.6229746282
0.622974628
0.6229746281
0.6229746282
0.6229746284
0.6229746287
0.6229746283
0.6229746282
0.6229746282
0.6229746283
0.6229746281
0.6229746283
0.6229746283
0.6229746285
0.6229746282
0.6229746287
0.6229746282
0.6229746283
0.6229746282
0.6229746283
0.622974628
0.6229746283
0.6229746285
0.6229746285
0.6229746285
0.6229746284
0.6229746281
0.6229746282
0.6229746283
0.6229746279
0.6229746283
0.6229746287
0.6229746284
0.6229746283
0.6229746283
0.6229746283
0.6229746282
0.6229746281
0.6229746281
0.6229746285
0.6229746283
0.6229746282
0.6229746283
0.6229746283
0.6229746284
0.6229746282
0.6229746282
0.622974628
0.6229746283
0.6229746283
0.6229746284
0.6229746285
0.6229746285
0.6229746284
0.6229746281
0.6229746283
0.6229746281
0.622974628
0.6229746284
0.6229746283
0.6229746282
0.6229746283
0.6229746284
0.6229746283
0.6229746285
0.6229746284
0.6229746283
0.6229746282
0.6229746282
0.6229746284
0.6229746285
0.6229746283
0.6229746284
0.6229746282
0.6229746283
0.6229746282
0.6229746284
0.6229746285
0.6229746285
0.6229746281
0.6229746285
0.6229746284
0.6229746282
0.6229746282
0.6229746282
0.6229746281
0.6229746281
0.6229746284
0.6229746282
0.6229746283
0.6229746282
0.6229746282
0.6229746278
0.6229746278
0.6229746282
0.6229746281
0.6229746283
0.6229746281
0.6229746279
0.6229746275
0.6229746269
0.6229746265
0.6229746267
0.6229746273
0.6229746273
0.6229746279
0.6229746276
0.622974627
0.6229746256
0.6229746242
0.6229746229
0.6229746238
0.6229746252
0.6229746264
0.6229746271
0.6229746261
)
;
    }
    side-walls
    {
        type            calculated;
        value           nonuniform List<scalar> 
261
(
0.6229746282
0.6229746283
0.6229746281
0.6229746281
0.6229746281
0.6229746282
0.6229746283
0.6229746283
0.6229746282
0.6229746282
0.6229746283
0.6229746281
0.6229746281
0.6229746283
0.6229746282
0.6229746281
0.6229746279
0.6229746282
0.6229746282
0.6229746281
0.6229746284
0.6229746284
0.6229746285
0.6229746284
0.6229746281
0.6229746281
0.6229746283
0.6229746282
0.6229746283
0.6229746284
0.6229746284
0.6229746284
0.6229746282
0.6229746284
0.6229746283
0.6229746284
0.6229746284
0.6229746282
0.6229746286
0.6229746286
0.6229746284
0.6229746284
0.6229746281
0.6229746282
0.6229746284
0.6229746283
0.6229746282
0.6229746284
0.6229746284
0.6229746284
0.6229746284
0.6229746281
0.6229746282
0.6229746282
0.6229746283
0.6229746285
0.6229746285
0.6229746281
0.6229746282
0.6229746281
0.6229746278
0.622974628
0.622974628
0.6229746285
0.6229746285
0.6229746283
0.6229746286
0.6229746283
0.6229746285
0.6229746281
0.6229746282
0.6229746281
0.6229746283
0.6229746284
0.6229746282
0.6229746284
0.6229746283
0.6229746285
0.622974628
0.6229746282
0.6229746281
0.6229746285
0.6229746283
0.6229746285
0.6229746285
0.6229746282
0.6229746284
0.6229746281
0.6229746283
0.622974628
0.6229746281
0.6229746281
0.6229746281
0.6229746282
0.6229746283
0.6229746284
0.622974628
0.6229746281
0.6229746281
0.6229746282
0.6229746281
0.622974628
0.6229746278
0.6229746278
0.6229746278
0.6229746279
0.622974628
0.6229746281
0.6229746281
0.6229746279
0.6229746276
0.6229746272
0.6229746268
0.6229746268
0.6229746275
0.6229746279
0.622974628
0.6229746276
0.622974627
0.6229746262
0.6229746251
0.6229746243
0.6229746248
0.622974626
0.6229746272
0.6229746274
0.6229746261
0.6229746247
0.6229746224
0.6229746193
0.6229746179
0.6229746196
0.6229746226
0.6229746253
0.6229746263
0.6229746285
0.6229746285
0.6229746281
0.6229746282
0.6229746278
0.622974628
0.6229746278
0.6229746278
0.6229746277
0.6229746283
0.6229746284
0.6229746284
0.6229746282
0.6229746279
0.6229746279
0.6229746277
0.6229746278
0.6229746275
0.6229746287
0.6229746285
0.6229746283
0.6229746283
0.622974628
0.6229746279
0.6229746275
0.6229746277
0.6229746274
0.6229746285
0.6229746283
0.6229746282
0.6229746283
0.6229746281
0.6229746279
0.6229746276
0.6229746277
0.6229746273
0.6229746283
0.6229746283
0.6229746285
0.6229746281
0.622974628
0.622974628
0.6229746278
0.6229746279
0.6229746275
0.6229746283
0.6229746282
0.6229746283
0.6229746281
0.6229746279
0.6229746281
0.6229746278
0.622974628
0.6229746275
0.6229746285
0.6229746282
0.6229746282
0.622974628
0.6229746279
0.622974628
0.6229746279
0.6229746277
0.6229746278
0.6229746282
0.6229746283
0.6229746282
0.622974628
0.622974628
0.6229746279
0.6229746277
0.6229746277
0.6229746278
0.6229746284
0.6229746283
0.6229746281
0.6229746282
0.6229746278
0.6229746282
0.6229746278
0.6229746278
0.6229746276
0.6229746285
0.6229746282
0.6229746281
0.622974628
0.6229746281
0.6229746277
0.6229746277
0.6229746278
0.6229746278
0.6229746284
0.6229746281
0.6229746281
0.6229746279
0.6229746279
0.6229746278
0.6229746279
0.6229746278
0.6229746277
0.6229746283
0.6229746279
0.6229746279
0.6229746275
0.6229746273
0.6229746274
0.6229746277
0.6229746279
0.6229746277
0.6229746279
0.6229746276
0.6229746269
0.6229746265
0.6229746263
0.6229746263
0.6229746269
0.6229746276
0.6229746276
0.6229746271
0.6229746267
0.6229746248
0.6229746235
0.6229746226
0.6229746237
0.6229746252
0.6229746263
0.6229746268
)
;
    }
    inlet
    {
        type            calculated;
        value           nonuniform List<scalar> 
81
(
0.6229746282
0.6229746283
0.6229746281
0.6229746281
0.6229746281
0.6229746282
0.6229746283
0.6229746283
0.6229746282
0.6229746283
0.6229746282
0.6229746283
0.622974628
0.6229746279
0.622974628
0.6229746279
0.6229746278
0.6229746281
0.6229746281
0.6229746281
0.6229746282
0.6229746281
0.6229746281
0.6229746281
0.6229746281
0.6229746281
0.6229746282
0.622974628
0.6229746282
0.6229746281
0.6229746285
0.6229746283
0.6229746282
0.6229746279
0.6229746283
0.6229746285
0.6229746279
0.6229746283
0.6229746284
0.6229746279
0.6229746281
0.6229746281
0.6229746278
0.6229746282
0.6229746283
0.6229746283
0.6229746282
0.6229746281
0.6229746282
0.6229746281
0.622974628
0.6229746277
0.6229746277
0.6229746279
0.6229746284
0.6229746284
0.6229746283
0.622974628
0.6229746282
0.6229746283
0.6229746278
0.6229746278
0.6229746278
0.6229746287
0.6229746285
0.6229746281
0.6229746284
0.6229746281
0.6229746278
0.6229746277
0.6229746277
0.6229746279
0.6229746285
0.6229746285
0.6229746281
0.6229746282
0.6229746278
0.622974628
0.6229746278
0.6229746278
0.6229746277
)
;
    }
    outlet
    {
        type            calculated;
        value           nonuniform 0();
    }
    procBoundary0to1
    {
        type            processor;
        value           nonuniform List<scalar> 
97
(
0.6229746242
0.622974625
0.6229746217
0.6229746175
0.622974611
0.6229746077
0.6229746114
0.6229746173
0.6229746219
0.6229746243
0.622974625
0.622974625
0.6229746167
0.6229746151
0.6229746062
0.6229745905
0.6229745794
0.6229745914
0.6229746068
0.6229746171
0.622974622
0.6229746223
0.6229746151
0.6229746151
0.6229745778
0.6229745634
0.6229745287
0.622974484
0.622974532
0.6229745804
0.6229746068
0.6229746171
0.6229746189
0.6229746062
0.6229745634
0.6229745634
0.6229743807
0.6229742563
0.6229741868
0.6229743938
0.6229745318
0.6229745909
0.6229746111
0.6229746166
0.6229745994
0.6229745333
0.6229742563
0.6229742563
0.6229734061
0.6229742593
0.6229741855
0.6229744677
0.6229744821
0.6229745791
0.6229746074
0.6229746187
0.6229746065
0.6229745699
0.6229744728
0.6229742593
0.6229744677
0.6229744677
0.6229745284
0.622974598
0.6229745894
0.6229746108
0.622974622
0.6229746163
0.6229746003
0.6229745697
0.6229745326
0.62297457
0.622974598
0.622974598
0.6229746058
0.6229746215
0.6229746168
0.6229746247
0.6229746221
0.6229746161
0.6229746067
0.6229745989
0.6229746068
0.6229746158
0.6229746215
0.6229746215
0.6229746215
0.6229746256
0.6229746263
0.6229746247
0.6229746219
0.6229746187
0.6229746166
0.6229746188
0.6229746221
0.6229746245
0.6229746256
)
;
    }
}


// ************************************************************************* //
