/*--------------------------------*- C++ -*----------------------------------*\
| =========                 |                                                 |
| \\      /  F ield         | OpenFOAM: The Open Source CFD Toolbox           |
|  \\    /   O peration     | Version:  4.x                                   |
|   \\  /    A nd           | Web:      www.OpenFOAM.org                      |
|    \\/     M anipulation  |                                                 |
\*---------------------------------------------------------------------------*/
FoamFile
{
    version     2.0;
    format      ascii;
    class       volScalarField;
    location    "4000";
    object      X_CO;
}
// * * * * * * * * * * * * * * * * * * * * * * * * * * * * * * * * * * * * * //

dimensions      [0 0 0 0 0 0 0];

internalField   nonuniform List<scalar> 
1175
(
0.3000579288
0.3000579288
0.3000579288
0.3000579288
0.3000579288
0.3000579287
0.3000579284
0.3000579274
0.3000579244
0.3000579155
0.3000578907
0.3000578258
0.3000576699
0.3000573305
0.3000566718
0.3000579288
0.3000579288
0.3000579288
0.3000579288
0.3000579288
0.3000579286
0.3000579282
0.3000579269
0.3000579226
0.3000579094
0.3000578709
0.3000577665
0.300057507
0.30005693
0.3000558101
0.3000579288
0.3000579288
0.3000579288
0.3000579288
0.3000579287
0.3000579286
0.300057928
0.300057926
0.3000579193
0.3000578978
0.3000578321
0.3000576453
0.3000571616
0.300056055
0.3000539028
0.3000579288
0.3000579288
0.3000579288
0.3000579288
0.3000579287
0.3000579285
0.3000579278
0.3000579251
0.3000579157
0.3000578842
0.3000577844
0.3000574878
0.3000566866
0.3000547913
0.3000510796
0.3000579288
0.3000579288
0.3000579288
0.3000579288
0.3000579287
0.3000579285
0.3000579277
0.3000579246
0.3000579139
0.3000578772
0.300057758
0.3000573941
0.300056379
0.3000539036
0.3000489966
0.3000579288
0.3000579288
0.3000579288
0.3000579288
0.3000579287
0.3000579285
0.3000579278
0.3000579251
0.3000579157
0.3000578842
0.3000577844
0.3000574878
0.3000566866
0.3000547913
0.3000510796
0.3000579288
0.3000579288
0.3000579288
0.3000579288
0.3000579287
0.3000579286
0.300057928
0.300057926
0.3000579193
0.3000578978
0.3000578321
0.3000576453
0.3000571616
0.3000560551
0.3000539029
0.3000579288
0.3000579288
0.3000579288
0.3000579288
0.3000579288
0.3000579286
0.3000579282
0.3000579269
0.3000579226
0.3000579094
0.3000578709
0.3000577665
0.300057507
0.30005693
0.3000558102
0.3000579288
0.3000579288
0.3000579288
0.3000579288
0.3000579288
0.3000579287
0.3000579284
0.3000579274
0.3000579244
0.3000579155
0.3000578907
0.3000578258
0.3000576699
0.3000573306
0.3000566719
0.3000579288
0.3000579288
0.3000579288
0.3000579288
0.3000579288
0.3000579286
0.3000579282
0.3000579269
0.3000579226
0.3000579094
0.3000578709
0.3000577665
0.3000575069
0.3000569299
0.3000579288
0.3000579288
0.3000579288
0.3000579288
0.3000579287
0.3000579286
0.300057928
0.3000579261
0.3000579196
0.3000578985
0.3000578335
0.3000576473
0.300057161
0.3000560418
0.3000538632
0.3000579288
0.3000579288
0.3000579288
0.3000579288
0.3000579287
0.3000579285
0.3000579277
0.3000579246
0.3000579137
0.3000578764
0.3000577541
0.3000573802
0.3000563419
0.300053836
0.3000489092
0.3000579288
0.3000579288
0.3000579288
0.3000579288
0.3000579287
0.3000579284
0.3000579273
0.3000579229
0.3000579068
0.3000578483
0.3000576455
0.3000569841
0.3000550191
0.3000499772
0.3000398239
0.3000579288
0.3000579288
0.3000579288
0.3000579288
0.3000579287
0.3000579284
0.3000579271
0.3000579221
0.3000579031
0.3000578322
0.3000575768
0.3000567029
0.3000539487
0.3000464004
0.3000305079
0.3000579288
0.3000579288
0.3000579288
0.3000579288
0.3000579287
0.3000579284
0.3000579273
0.3000579229
0.3000579068
0.3000578483
0.3000576455
0.3000569841
0.3000550191
0.3000499774
0.3000398242
0.3000579288
0.3000579288
0.3000579288
0.3000579288
0.3000579287
0.3000579285
0.3000579277
0.3000579246
0.3000579137
0.3000578764
0.3000577541
0.3000573802
0.300056342
0.3000538361
0.3000489095
0.3000579288
0.3000579288
0.3000579288
0.3000579288
0.3000579287
0.3000579286
0.300057928
0.3000579261
0.3000579196
0.3000578985
0.3000578335
0.3000576473
0.300057161
0.3000560419
0.3000538635
0.3000579288
0.3000579288
0.3000579288
0.3000579288
0.3000579288
0.3000579286
0.3000579282
0.3000579269
0.3000579226
0.3000579094
0.3000578709
0.3000577665
0.300057507
0.30005693
0.3000558102
0.3000579288
0.3000579288
0.3000579288
0.3000579288
0.3000579287
0.3000579286
0.300057928
0.300057926
0.3000579193
0.3000578978
0.3000578321
0.3000576453
0.3000571615
0.3000560549
0.3000579288
0.3000579288
0.3000579288
0.3000579288
0.3000579287
0.3000579285
0.3000579277
0.3000579246
0.3000579137
0.3000578764
0.3000577541
0.3000573802
0.3000563419
0.3000538357
0.3000579288
0.3000579288
0.3000579288
0.3000579288
0.3000579287
0.3000579284
0.300057927
0.3000579219
0.3000579024
0.3000578301
0.300057574
0.3000567212
0.3000541401
0.3000474241
0.3000338423
0.3000579288
0.3000579288
0.3000579288
0.3000579288
0.3000579287
0.3000579282
0.3000579263
0.3000579186
0.3000578877
0.3000577654
0.3000572966
0.3000555888
0.3000498741
0.3000333971
0.2999978613
0.3000579288
0.3000579288
0.3000579288
0.3000579288
0.3000579286
0.3000579281
0.300057926
0.3000579169
0.3000578792
0.3000577234
0.3000570911
0.3000546054
0.3000454122
0.3000153491
0.2999418316
0.3000579288
0.3000579288
0.3000579288
0.3000579288
0.3000579287
0.3000579282
0.3000579263
0.3000579186
0.3000578877
0.3000577654
0.3000572966
0.3000555889
0.3000498742
0.3000333977
0.299997863
0.3000579288
0.3000579288
0.3000579288
0.3000579288
0.3000579287
0.3000579284
0.300057927
0.3000579219
0.3000579024
0.3000578301
0.300057574
0.3000567212
0.3000541402
0.3000474247
0.300033844
0.3000579288
0.3000579288
0.3000579288
0.3000579288
0.3000579287
0.3000579285
0.3000579277
0.3000579246
0.3000579137
0.3000578764
0.3000577541
0.3000573802
0.300056342
0.3000538361
0.3000489095
0.3000579288
0.3000579288
0.3000579288
0.3000579288
0.3000579287
0.3000579286
0.300057928
0.300057926
0.3000579193
0.3000578978
0.3000578321
0.3000576453
0.3000571616
0.3000560551
0.3000539029
0.3000579288
0.3000579288
0.3000579288
0.3000579288
0.3000579287
0.3000579285
0.3000579278
0.3000579251
0.3000579157
0.3000578842
0.3000577844
0.3000574878
0.3000566865
0.300054791
0.3000579288
0.3000579288
0.3000579288
0.3000579288
0.3000579287
0.3000579284
0.3000579273
0.3000579229
0.3000579068
0.3000578483
0.3000576455
0.3000569841
0.3000550189
0.3000499766
0.3000579288
0.3000579288
0.3000579288
0.3000579288
0.3000579287
0.3000579282
0.3000579263
0.3000579186
0.3000578877
0.3000577654
0.3000572966
0.3000555888
0.3000498737
0.3000333956
0.3000579288
0.3000579288
0.3000579288
0.3000579288
0.3000579286
0.300057928
0.3000579252
0.3000579132
0.3000578613
0.3000576377
0.3000566886
0.3000527789
0.3000376357
0.2999860161
0.2998563026
0.3000579288
0.3000579288
0.3000579288
0.3000579288
0.3000579286
0.3000579278
0.3000579246
0.3000579101
0.3000578443
0.3000575432
0.3000561519
0.3000497076
0.3000203284
0.2998946783
0.299465869
0.3000579288
0.3000579288
0.3000579288
0.3000579288
0.3000579286
0.300057928
0.3000579252
0.3000579132
0.3000578613
0.3000576377
0.3000566886
0.300052779
0.3000376364
0.2999860191
0.2998563139
0.3000579288
0.3000579288
0.3000579288
0.3000579288
0.3000579287
0.3000579282
0.3000579263
0.3000579186
0.3000578877
0.3000577654
0.3000572966
0.3000555889
0.3000498742
0.3000333975
0.2999978629
0.3000579288
0.3000579288
0.3000579288
0.3000579288
0.3000579287
0.3000579284
0.3000579273
0.3000579229
0.3000579068
0.3000578483
0.3000576455
0.3000569841
0.3000550191
0.3000499773
0.3000398242
0.3000579288
0.3000579288
0.3000579288
0.3000579288
0.3000579287
0.3000579285
0.3000579278
0.3000579251
0.3000579157
0.3000578842
0.3000577844
0.3000574878
0.3000566866
0.3000547913
0.3000510796
0.3000579288
0.3000579288
0.3000579288
0.3000579288
0.3000579287
0.3000579285
0.3000579277
0.3000579246
0.3000579139
0.3000578772
0.300057758
0.300057394
0.3000563788
0.3000539032
0.3000579288
0.3000579288
0.3000579288
0.3000579288
0.3000579287
0.3000579284
0.3000579271
0.3000579221
0.3000579031
0.3000578322
0.3000575768
0.3000567028
0.3000539484
0.3000463994
0.3000579288
0.3000579288
0.3000579288
0.3000579288
0.3000579286
0.3000579281
0.300057926
0.3000579169
0.3000578792
0.3000577234
0.300057091
0.3000546052
0.3000454114
0.3000153456
0.3000579288
0.3000579288
0.3000579288
0.3000579288
0.3000579286
0.3000579278
0.3000579246
0.3000579101
0.3000578443
0.3000575432
0.3000561518
0.3000497073
0.3000203266
0.2998946664
0.3000579288
0.3000579288
0.3000579288
0.3000579287
0.3000579286
0.3000579277
0.3000579239
0.3000579059
0.30005782
0.3000573932
0.3000551707
0.3000429021
0.2999703563
0.2995074304
0.2962915772
0.3000579288
0.3000579288
0.3000579288
0.3000579288
0.3000579286
0.3000579278
0.3000579246
0.3000579101
0.3000578443
0.3000575432
0.3000561519
0.3000497075
0.300020328
0.2998946766
0.2994658669
0.3000579288
0.3000579288
0.3000579288
0.3000579288
0.3000579286
0.3000579281
0.300057926
0.3000579169
0.3000578792
0.3000577234
0.300057091
0.3000546053
0.300045412
0.3000153486
0.2999418312
0.3000579288
0.3000579288
0.3000579288
0.3000579288
0.3000579287
0.3000579284
0.3000579271
0.3000579221
0.3000579031
0.3000578322
0.3000575768
0.3000567029
0.3000539486
0.3000464003
0.3000305079
0.3000579288
0.3000579288
0.3000579288
0.3000579288
0.3000579287
0.3000579285
0.3000579277
0.3000579246
0.3000579139
0.3000578772
0.300057758
0.3000573941
0.3000563789
0.3000539035
0.3000489966
0.3000579288
0.3000579288
0.3000579288
0.3000579288
0.3000579287
0.3000579285
0.3000579278
0.3000579251
0.3000579157
0.3000578842
0.3000577844
0.3000574878
0.3000566865
0.300054791
0.3000579288
0.3000579288
0.3000579288
0.3000579288
0.3000579287
0.3000579284
0.3000579273
0.3000579229
0.3000579068
0.3000578483
0.3000576455
0.300056984
0.3000550189
0.3000499767
0.3000579288
0.3000579288
0.3000579288
0.3000579288
0.3000579287
0.3000579282
0.3000579263
0.3000579186
0.3000578877
0.3000577654
0.3000572966
0.3000555887
0.3000498736
0.3000333956
0.3000579288
0.3000579288
0.3000579288
0.3000579288
0.3000579286
0.300057928
0.3000579252
0.3000579132
0.3000578613
0.3000576377
0.3000566886
0.3000527787
0.300037635
0.299986013
0.3000579288
0.3000579288
0.3000579288
0.3000579288
0.3000579286
0.3000579278
0.3000579246
0.3000579101
0.3000578443
0.3000575432
0.3000561518
0.3000497072
0.3000203262
0.2998946653
0.3000579288
0.3000579288
0.3000579288
0.3000579288
0.3000579286
0.300057928
0.3000579252
0.3000579132
0.3000578613
0.3000576377
0.3000566886
0.3000527787
0.3000376352
0.2999860137
0.3000579288
0.3000579288
0.3000579288
0.3000579288
0.3000579287
0.3000579282
0.3000579263
0.3000579186
0.3000578877
0.3000577654
0.3000572966
0.3000555888
0.3000498738
0.3000333963
0.2999978593
0.3000579288
0.3000579288
0.3000579288
0.3000579288
0.3000579287
0.3000579284
0.3000579273
0.3000579229
0.3000579068
0.3000578483
0.3000576455
0.3000569841
0.300055019
0.300049977
0.3000398236
0.3000579288
0.3000579288
0.3000579288
0.3000579288
0.3000579287
0.3000579285
0.3000579278
0.3000579251
0.3000579157
0.3000578842
0.3000577844
0.3000574878
0.3000566866
0.3000547912
0.3000510795
0.3000579288
0.3000579288
0.3000579288
0.3000579288
0.3000579287
0.3000579286
0.300057928
0.300057926
0.3000579193
0.3000578978
0.3000578321
0.3000576453
0.3000571615
0.3000560549
0.3000579288
0.3000579288
0.3000579288
0.3000579288
0.3000579287
0.3000579285
0.3000579277
0.3000579246
0.3000579137
0.3000578764
0.3000577541
0.3000573801
0.3000563419
0.3000538357
0.3000579288
0.3000579288
0.3000579288
0.3000579288
0.3000579287
0.3000579284
0.300057927
0.3000579219
0.3000579024
0.3000578301
0.300057574
0.3000567211
0.3000541399
0.3000474237
0.3000579288
0.3000579288
0.3000579288
0.3000579288
0.3000579287
0.3000579282
0.3000579263
0.3000579186
0.3000578877
0.3000577654
0.3000572966
0.3000555887
0.3000498736
0.3000333955
0.3000579288
0.3000579288
0.3000579288
0.3000579288
0.3000579286
0.3000579281
0.300057926
0.3000579169
0.3000578792
0.3000577234
0.300057091
0.3000546051
0.3000454112
0.3000153453
0.3000579288
0.3000579288
0.3000579288
0.3000579288
0.3000579287
0.3000579282
0.3000579263
0.3000579186
0.3000578877
0.3000577654
0.3000572966
0.3000555887
0.3000498736
0.3000333956
0.3000579288
0.3000579288
0.3000579288
0.3000579288
0.3000579287
0.3000579284
0.300057927
0.3000579219
0.3000579024
0.3000578301
0.300057574
0.3000567211
0.30005414
0.3000474237
0.3000579288
0.3000579288
0.3000579288
0.3000579288
0.3000579287
0.3000579285
0.3000579277
0.3000579246
0.3000579137
0.3000578764
0.3000577541
0.3000573802
0.3000563419
0.3000538358
0.3000489089
0.3000579288
0.3000579288
0.3000579288
0.3000579288
0.3000579287
0.3000579286
0.300057928
0.300057926
0.3000579193
0.3000578978
0.3000578321
0.3000576453
0.3000571615
0.300056055
0.3000539027
0.3000579288
0.3000579288
0.3000579288
0.3000579288
0.3000579288
0.3000579286
0.3000579282
0.3000579269
0.3000579226
0.3000579094
0.3000578709
0.3000577665
0.3000575069
0.3000569299
0.3000579288
0.3000579288
0.3000579288
0.3000579288
0.3000579287
0.3000579286
0.300057928
0.3000579261
0.3000579196
0.3000578985
0.3000578335
0.3000576473
0.300057161
0.3000560418
0.3000579288
0.3000579288
0.3000579288
0.3000579288
0.3000579287
0.3000579285
0.3000579277
0.3000579246
0.3000579137
0.3000578764
0.3000577541
0.3000573801
0.3000563419
0.3000538357
0.3000579288
0.3000579288
0.3000579288
0.3000579288
0.3000579287
0.3000579284
0.3000579273
0.3000579229
0.3000579068
0.3000578483
0.3000576455
0.300056984
0.3000550189
0.3000499766
0.3000579288
0.3000579288
0.3000579288
0.3000579288
0.3000579287
0.3000579284
0.3000579271
0.3000579221
0.3000579031
0.3000578322
0.3000575768
0.3000567028
0.3000539483
0.3000463994
0.3000579288
0.3000579288
0.3000579288
0.3000579288
0.3000579287
0.3000579284
0.3000579273
0.3000579229
0.3000579068
0.3000578483
0.3000576455
0.300056984
0.3000550189
0.3000499767
0.3000579288
0.3000579288
0.3000579288
0.3000579288
0.3000579287
0.3000579285
0.3000579277
0.3000579246
0.3000579137
0.3000578764
0.3000577541
0.3000573802
0.3000563419
0.3000538358
0.3000579288
0.3000579288
0.3000579288
0.3000579288
0.3000579287
0.3000579286
0.300057928
0.3000579261
0.3000579196
0.3000578985
0.3000578335
0.3000576473
0.300057161
0.3000560418
0.3000579288
0.3000579288
0.3000579288
0.3000579288
0.3000579288
0.3000579286
0.3000579282
0.3000579269
0.3000579226
0.3000579094
0.3000578709
0.3000577665
0.3000575069
0.3000569299
0.3000558101
0.3000579288
0.3000579288
0.3000579288
0.3000579288
0.3000579288
0.3000579287
0.3000579284
0.3000579274
0.3000579244
0.3000579155
0.3000578907
0.3000578258
0.3000576699
0.3000573305
0.3000579288
0.3000579288
0.3000579288
0.3000579288
0.3000579288
0.3000579286
0.3000579282
0.3000579269
0.3000579226
0.3000579094
0.3000578709
0.3000577665
0.3000575069
0.3000569299
0.3000579288
0.3000579288
0.3000579288
0.3000579288
0.3000579287
0.3000579286
0.300057928
0.300057926
0.3000579193
0.3000578978
0.3000578321
0.3000576453
0.3000571615
0.3000560549
0.3000579288
0.3000579288
0.3000579288
0.3000579288
0.3000579287
0.3000579285
0.3000579278
0.3000579251
0.3000579157
0.3000578842
0.3000577844
0.3000574878
0.3000566865
0.300054791
0.3000579288
0.3000579288
0.3000579288
0.3000579288
0.3000579287
0.3000579285
0.3000579277
0.3000579246
0.3000579139
0.3000578772
0.300057758
0.300057394
0.3000563788
0.3000539032
0.3000579288
0.3000579288
0.3000579288
0.3000579288
0.3000579287
0.3000579285
0.3000579278
0.3000579251
0.3000579157
0.3000578842
0.3000577844
0.3000574878
0.3000566865
0.300054791
0.3000579288
0.3000579288
0.3000579288
0.3000579288
0.3000579287
0.3000579286
0.300057928
0.300057926
0.3000579193
0.3000578978
0.3000578321
0.3000576453
0.3000571615
0.3000560549
0.3000579288
0.3000579288
0.3000579288
0.3000579288
0.3000579288
0.3000579286
0.3000579282
0.3000579269
0.3000579226
0.3000579094
0.3000578709
0.3000577665
0.3000575069
0.3000569299
0.3000579288
0.3000579288
0.3000579288
0.3000579288
0.3000579288
0.3000579287
0.3000579284
0.3000579274
0.3000579244
0.3000579155
0.3000578907
0.3000578258
0.3000576699
0.3000573305
)
;

boundaryField
{
    top
    {
        type            calculated;
        value           nonuniform List<scalar> 
134
(
0.3000579288
0.3000579288
0.3000579288
0.3000579288
0.3000579288
0.3000579288
0.3000579288
0.3000579288
0.3000579288
0.3000579288
0.3000579288
0.3000579288
0.3000579288
0.3000579288
0.3000579288
0.3000579288
0.3000579288
0.3000579288
0.3000579288
0.3000579288
0.3000579288
0.3000579288
0.3000579288
0.3000579288
0.3000579288
0.3000579288
0.3000579288
0.3000579288
0.3000579288
0.3000579288
0.3000579288
0.3000579288
0.3000579288
0.3000579288
0.3000579288
0.3000579288
0.3000579288
0.3000579288
0.3000579287
0.3000579287
0.3000579287
0.3000579287
0.3000579287
0.3000579288
0.3000579288
0.3000579287
0.3000579286
0.3000579286
0.3000579285
0.3000579285
0.3000579285
0.3000579286
0.3000579286
0.3000579287
0.3000579284
0.3000579282
0.300057928
0.3000579278
0.3000579277
0.3000579278
0.300057928
0.3000579282
0.3000579284
0.3000579274
0.3000579269
0.300057926
0.3000579251
0.3000579246
0.3000579251
0.300057926
0.3000579269
0.3000579274
0.3000579244
0.3000579226
0.3000579193
0.3000579157
0.3000579139
0.3000579157
0.3000579193
0.3000579226
0.3000579244
0.3000579155
0.3000579094
0.3000578978
0.3000578842
0.3000578772
0.3000578842
0.3000578978
0.3000579094
0.3000579155
0.3000578907
0.3000578709
0.3000578321
0.3000577844
0.300057758
0.3000577844
0.3000578321
0.3000578709
0.3000578907
0.3000578258
0.3000577665
0.3000576453
0.3000574878
0.3000573941
0.3000574878
0.3000576453
0.3000577665
0.3000578258
0.3000576699
0.300057507
0.3000571616
0.3000566866
0.3000563789
0.3000566866
0.3000571615
0.3000575069
0.3000576699
0.3000573306
0.30005693
0.3000560551
0.3000547913
0.3000539035
0.3000547912
0.300056055
0.3000569299
0.3000573305
0.3000566719
0.3000558102
0.3000539029
0.3000510796
0.3000489966
0.3000510795
0.3000539027
0.3000558101
)
;
    }
    bottom
    {
        type            calculated;
        value           nonuniform List<scalar> 
127
(
0.3000579288
0.3000579288
0.3000579288
0.3000579288
0.3000579288
0.3000579288
0.3000579288
0.3000579288
0.3000579288
0.3000579288
0.3000579288
0.3000579288
0.3000579288
0.3000579288
0.3000579288
0.3000579288
0.3000579288
0.3000579288
0.3000579288
0.3000579288
0.3000579288
0.3000579288
0.3000579288
0.3000579288
0.3000579288
0.3000579288
0.3000579288
0.3000579288
0.3000579288
0.3000579288
0.3000579288
0.3000579288
0.3000579288
0.3000579288
0.3000579288
0.3000579288
0.3000579288
0.3000579288
0.3000579287
0.3000579287
0.3000579287
0.3000579287
0.3000579287
0.3000579288
0.3000579288
0.3000579287
0.3000579286
0.3000579286
0.3000579285
0.3000579285
0.3000579285
0.3000579286
0.3000579286
0.3000579287
0.3000579284
0.3000579282
0.300057928
0.3000579278
0.3000579277
0.3000579278
0.300057928
0.3000579282
0.3000579284
0.3000579274
0.3000579269
0.300057926
0.3000579251
0.3000579246
0.3000579251
0.300057926
0.3000579269
0.3000579274
0.3000579244
0.3000579226
0.3000579193
0.3000579157
0.3000579139
0.3000579157
0.3000579193
0.3000579226
0.3000579244
0.3000579155
0.3000579094
0.3000578978
0.3000578842
0.3000578772
0.3000578842
0.3000578978
0.3000579094
0.3000579155
0.3000578907
0.3000578709
0.3000578321
0.3000577844
0.300057758
0.3000577844
0.3000578321
0.3000578709
0.3000578907
0.3000578258
0.3000577665
0.3000576453
0.3000574878
0.300057394
0.3000574878
0.3000576453
0.3000577665
0.3000578258
0.3000576699
0.3000575069
0.3000571615
0.3000566865
0.3000563788
0.3000566865
0.3000571615
0.3000575069
0.3000576699
0.3000573305
0.3000569299
0.3000560549
0.300054791
0.3000539032
0.300054791
0.3000560549
0.3000569299
0.3000573305
0.3000566718
)
;
    }
    side-walls
    {
        type            calculated;
        value           nonuniform List<scalar> 
261
(
0.3000579288
0.3000579288
0.3000579288
0.3000579288
0.3000579288
0.3000579288
0.3000579288
0.3000579288
0.3000579288
0.3000579288
0.3000579288
0.3000579288
0.3000579288
0.3000579288
0.3000579288
0.3000579288
0.3000579288
0.3000579288
0.3000579288
0.3000579288
0.3000579288
0.3000579288
0.3000579288
0.3000579288
0.3000579288
0.3000579288
0.3000579288
0.3000579288
0.3000579288
0.3000579288
0.3000579288
0.3000579288
0.3000579288
0.3000579288
0.3000579288
0.3000579288
0.3000579288
0.3000579288
0.3000579287
0.3000579287
0.3000579287
0.3000579287
0.3000579287
0.3000579288
0.3000579288
0.3000579287
0.3000579286
0.3000579286
0.3000579285
0.3000579285
0.3000579285
0.3000579286
0.3000579286
0.3000579287
0.3000579284
0.3000579282
0.300057928
0.3000579278
0.3000579277
0.3000579278
0.300057928
0.3000579282
0.3000579284
0.3000579274
0.3000579269
0.300057926
0.3000579251
0.3000579246
0.3000579251
0.300057926
0.3000579269
0.3000579274
0.3000579244
0.3000579226
0.3000579193
0.3000579157
0.3000579139
0.3000579157
0.3000579193
0.3000579226
0.3000579244
0.3000579155
0.3000579094
0.3000578978
0.3000578842
0.3000578772
0.3000578842
0.3000578978
0.3000579094
0.3000579155
0.3000578907
0.3000578709
0.3000578321
0.3000577844
0.300057758
0.3000577844
0.3000578321
0.3000578709
0.3000578907
0.3000578258
0.3000577665
0.3000576453
0.3000574878
0.3000573941
0.3000574878
0.3000576453
0.3000577665
0.3000578258
0.3000576699
0.300057507
0.3000571616
0.3000566866
0.300056379
0.3000566866
0.3000571616
0.300057507
0.3000576699
0.3000573305
0.30005693
0.300056055
0.3000547913
0.3000539036
0.3000547913
0.3000560551
0.30005693
0.3000573306
0.3000566718
0.3000558101
0.3000539028
0.3000510796
0.3000489966
0.3000510796
0.3000539029
0.3000558102
0.3000566719
0.3000579288
0.3000579288
0.3000579288
0.3000579288
0.3000579288
0.3000579288
0.3000579288
0.3000579288
0.3000579288
0.3000579288
0.3000579288
0.3000579288
0.3000579288
0.3000579288
0.3000579288
0.3000579288
0.3000579288
0.3000579288
0.3000579288
0.3000579288
0.3000579288
0.3000579288
0.3000579288
0.3000579288
0.3000579288
0.3000579288
0.3000579288
0.3000579288
0.3000579288
0.3000579288
0.3000579288
0.3000579288
0.3000579288
0.3000579288
0.3000579288
0.3000579288
0.3000579288
0.3000579288
0.3000579287
0.3000579287
0.3000579287
0.3000579287
0.3000579287
0.3000579288
0.3000579288
0.3000579287
0.3000579286
0.3000579286
0.3000579285
0.3000579285
0.3000579285
0.3000579286
0.3000579286
0.3000579287
0.3000579284
0.3000579282
0.300057928
0.3000579278
0.3000579277
0.3000579278
0.300057928
0.3000579282
0.3000579284
0.3000579274
0.3000579269
0.300057926
0.3000579251
0.3000579246
0.3000579251
0.300057926
0.3000579269
0.3000579274
0.3000579244
0.3000579226
0.3000579193
0.3000579157
0.3000579139
0.3000579157
0.3000579193
0.3000579226
0.3000579244
0.3000579155
0.3000579094
0.3000578978
0.3000578842
0.3000578772
0.3000578842
0.3000578978
0.3000579094
0.3000579155
0.3000578907
0.3000578709
0.3000578321
0.3000577844
0.300057758
0.3000577844
0.3000578321
0.3000578709
0.3000578907
0.3000578258
0.3000577665
0.3000576453
0.3000574878
0.300057394
0.3000574878
0.3000576453
0.3000577665
0.3000578258
0.3000576699
0.3000575069
0.3000571615
0.3000566865
0.3000563788
0.3000566865
0.3000571615
0.3000575069
0.3000576699
0.3000573305
0.3000569299
0.3000560549
0.300054791
0.3000539032
0.300054791
0.3000560549
0.3000569299
0.3000573305
)
;
    }
    inlet
    {
        type            calculated;
        value           nonuniform List<scalar> 
81
(
0.3000579288
0.3000579288
0.3000579288
0.3000579288
0.3000579288
0.3000579288
0.3000579288
0.3000579288
0.3000579288
0.3000579288
0.3000579288
0.3000579288
0.3000579288
0.3000579288
0.3000579288
0.3000579288
0.3000579288
0.3000579288
0.3000579288
0.3000579288
0.3000579288
0.3000579288
0.3000579288
0.3000579288
0.3000579288
0.3000579288
0.3000579288
0.3000579288
0.3000579288
0.3000579288
0.3000579288
0.3000579288
0.3000579288
0.3000579288
0.3000579288
0.3000579288
0.3000579288
0.3000579288
0.3000579288
0.3000579288
0.3000579288
0.3000579288
0.3000579288
0.3000579288
0.3000579288
0.3000579288
0.3000579288
0.3000579288
0.3000579288
0.3000579288
0.3000579288
0.3000579288
0.3000579288
0.3000579288
0.3000579288
0.3000579288
0.3000579288
0.3000579288
0.3000579288
0.3000579288
0.3000579288
0.3000579288
0.3000579288
0.3000579288
0.3000579288
0.3000579288
0.3000579288
0.3000579288
0.3000579288
0.3000579288
0.3000579288
0.3000579288
0.3000579288
0.3000579288
0.3000579288
0.3000579288
0.3000579288
0.3000579288
0.3000579288
0.3000579288
0.3000579288
)
;
    }
    outlet
    {
        type            calculated;
        value           nonuniform 0();
    }
    procBoundary0to1
    {
        type            processor;
        value           nonuniform List<scalar> 
97
(
0.3000555393
0.30005581
0.3000539393
0.3000504443
0.3000453959
0.3000418497
0.300045396
0.3000504444
0.3000539394
0.3000555394
0.30005581
0.30005581
0.3000503916
0.3000489088
0.3000415795
0.3000261632
0.3000118714
0.3000261635
0.30004158
0.3000503919
0.3000539394
0.3000539027
0.3000489088
0.3000489088
0.3000159629
0.2999978586
0.2999599087
0.2998877587
0.2999599103
0.3000159643
0.30004158
0.3000504444
0.3000510794
0.3000398233
0.2999978586
0.2999978586
0.299770474
0.2994658425
0.299404853
0.2997704801
0.2999599102
0.3000261635
0.300045396
0.3000489963
0.300030507
0.299941827
0.2994658425
0.2994658425
0.297845683
0.2994658434
0.2994048529
0.2998563051
0.2998877587
0.3000118715
0.3000418497
0.3000510794
0.3000398236
0.2999978608
0.2998563064
0.2994658434
0.2998563051
0.2998563051
0.2999599085
0.3000338424
0.300026163
0.3000453959
0.3000539028
0.3000489092
0.3000338432
0.2999978607
0.2999418271
0.2999978609
0.3000338424
0.3000338424
0.3000415795
0.3000538632
0.3000504442
0.3000558102
0.3000538634
0.3000489092
0.3000398236
0.300030507
0.3000398237
0.3000489091
0.3000538632
0.3000538632
0.3000539393
0.3000566718
0.3000566718
0.3000558101
0.3000539027
0.3000510794
0.3000489963
0.3000510795
0.3000539028
0.3000558101
0.3000566718
)
;
    }
}


// ************************************************************************* //
