/*--------------------------------*- C++ -*----------------------------------*\
| =========                 |                                                 |
| \\      /  F ield         | OpenFOAM: The Open Source CFD Toolbox           |
|  \\    /   O peration     | Version:  4.x                                   |
|   \\  /    A nd           | Web:      www.OpenFOAM.org                      |
|    \\/     M anipulation  |                                                 |
\*---------------------------------------------------------------------------*/
FoamFile
{
    version     2.0;
    format      ascii;
    class       volVectorField;
    location    "8000";
    object      U;
}
// * * * * * * * * * * * * * * * * * * * * * * * * * * * * * * * * * * * * * //

dimensions      [0 1 -1 0 0 0 0];

internalField   nonuniform List<vector> 
1175
(
(0.01100000023 7.415827191e-10 -8.029874483e-10)
(0.01100000037 -1.451467655e-10 -1.157521014e-09)
(0.01100000029 -3.549319558e-10 -1.849296725e-09)
(0.01099999926 -1.015318434e-09 1.002622867e-09)
(0.01100000355 -4.877665636e-10 -1.032781351e-10)
(0.01100000433 3.787211238e-10 -1.08764219e-09)
(0.01100000467 1.050637252e-09 -4.902954495e-10)
(0.01100000771 -1.077000553e-09 -1.131816325e-09)
(0.01100001463 1.218690454e-09 -3.638059255e-09)
(0.01100002137 -1.916584464e-09 -7.101124068e-09)
(0.01100003306 -2.9669885e-09 -5.662099551e-09)
(0.01100004596 -5.497152926e-09 -6.092281897e-09)
(0.01100007915 -8.797863724e-09 -1.031513181e-08)
(0.01100010406 -6.655245949e-09 -8.174714491e-09)
(0.01100015447 -1.594045414e-08 -1.356214524e-08)
(0.01100000047 1.48546735e-10 5.275011398e-10)
(0.01100000079 -2.076673819e-10 -2.957735395e-09)
(0.01100000068 -7.321449857e-11 -1.412310844e-09)
(0.01100000088 -4.135842409e-10 -1.917380976e-09)
(0.01100000103 -1.041604717e-09 -2.416663419e-10)
(0.01100000322 -1.846821395e-09 -2.623498359e-09)
(0.01100000114 -2.129891779e-09 -1.643959482e-09)
(0.01100000521 -3.343400943e-09 1.637817406e-10)
(0.01100001118 -3.562216471e-09 -3.00048709e-09)
(0.01100001744 -7.845470635e-09 -3.630907053e-09)
(0.0110000283 -1.257847536e-08 -4.298815047e-09)
(0.01100004276 -1.921357046e-08 -8.300807251e-09)
(0.01100007688 -3.056468961e-08 -1.129043264e-08)
(0.01100009393 -3.326203647e-08 -8.983347013e-09)
(0.01100015748 -6.242480438e-08 -2.083258165e-08)
(0.01099999983 7.372435566e-10 -3.310909917e-10)
(0.01099999901 -4.76446011e-10 -9.137200948e-10)
(0.01100000176 -1.154726028e-09 -3.559400653e-10)
(0.01099999868 5.292915403e-11 -3.414483247e-10)
(0.01099999907 -1.885013186e-09 4.315220455e-10)
(0.01100000355 -2.768744637e-09 -3.143435105e-09)
(0.01100000433 -3.567576348e-09 9.864700701e-10)
(0.01100000356 -3.823733366e-09 -2.057156523e-09)
(0.01100000908 -4.67820813e-09 -5.027982605e-09)
(0.01100001279 -8.518935464e-09 -3.733433918e-09)
(0.01100001927 -1.461836508e-08 -6.835574632e-09)
(0.01100002639 -2.085758851e-08 -1.298077646e-08)
(0.01100006474 -3.152241619e-08 -1.453234894e-08)
(0.01100007103 -3.09581368e-08 -1.785508102e-08)
(0.0110001591 -7.081093166e-08 -4.841683666e-08)
(0.01099999975 -4.002592196e-11 -5.30986332e-10)
(0.01099999921 -1.012565811e-09 1.451739015e-09)
(0.01099999981 -3.669447553e-10 2.477819583e-09)
(0.01100000015 -2.675324509e-09 -1.42510879e-09)
(0.01100000161 -5.323453519e-10 4.277254611e-10)
(0.01100000199 -1.570935057e-09 -1.988176329e-09)
(0.01100000127 -2.295519416e-09 -9.347107638e-10)
(0.01100000311 -4.036483944e-09 -1.503834682e-09)
(0.01100000868 -4.928310122e-09 -2.069249461e-09)
(0.01100000676 -7.832463998e-09 -4.750844055e-09)
(0.01100001491 -1.347146851e-08 -5.692081717e-09)
(0.01100002237 -2.587310307e-08 -1.179546287e-08)
(0.01100006351 -4.151785545e-08 -1.40013075e-08)
(0.01100005736 -5.709791651e-08 -1.579951694e-08)
(0.01100016945 -1.191034476e-07 -6.241975254e-08)
(0.01100000052 3.384176644e-09 -2.031932115e-09)
(0.01099999823 3.37459972e-09 -1.888775031e-09)
(0.01099999843 1.890926036e-09 6.711497005e-10)
(0.01099999992 1.092484515e-09 7.668031969e-10)
(0.01100000056 1.702492354e-09 -2.397560722e-10)
(0.01100000019 5.999822316e-10 -1.363219612e-09)
(0.01100000033 7.111555293e-10 -6.938637538e-10)
(0.01099999991 8.75653532e-10 -2.657817474e-09)
(0.01100000519 8.791417429e-10 -1.541866755e-09)
(0.01099999979 1.025831562e-09 -7.154223823e-09)
(0.01100000388 3.458448654e-10 -1.088170634e-08)
(0.01099999467 -7.77288802e-10 -2.607063914e-08)
(0.01100002878 1.988496361e-10 -3.5402323e-08)
(0.01099999384 6.193897592e-10 -5.980840412e-08)
(0.0110001873 -1.137826349e-09 -1.667660543e-07)
(0.01099999852 2.458607818e-09 -1.916957352e-10)
(0.010999999 1.103629075e-09 -3.851084079e-10)
(0.01099999812 2.689308528e-09 -9.338418916e-10)
(0.01100000099 2.727349621e-09 1.667868934e-09)
(0.01100000003 3.230583302e-09 6.226191588e-11)
(0.01100000159 2.277065235e-09 -2.277564578e-09)
(0.01100000267 3.057697821e-09 1.099779419e-10)
(0.01100000163 4.243093969e-09 -1.897588867e-09)
(0.01100000706 5.85954203e-09 -3.605322474e-09)
(0.01100000635 9.693158558e-09 -5.613292728e-09)
(0.0110000146 1.589266093e-08 -4.571120584e-09)
(0.01100002156 2.694105235e-08 -1.1605842e-08)
(0.01100006501 4.313063544e-08 -1.316971202e-08)
(0.01100005535 5.76825682e-08 -1.66571348e-08)
(0.01100017086 1.219035729e-07 -6.161705955e-08)
(0.01099999958 1.094266898e-09 -2.168236388e-09)
(0.01099999753 3.894863769e-09 -1.905955343e-09)
(0.01099999817 2.329249295e-09 -1.107490075e-09)
(0.01099999844 3.632856009e-09 -9.645387982e-10)
(0.0110000007 2.615602045e-10 -8.225709004e-10)
(0.01100000236 1.946284018e-09 -9.354443918e-10)
(0.01100000147 3.425804689e-09 -4.067082217e-09)
(0.01100000459 6.056251071e-09 -3.364568444e-09)
(0.01100000546 7.532231913e-09 -2.271853438e-09)
(0.0110000103 1.055681561e-08 -3.107994594e-09)
(0.01100001997 1.555699863e-08 -6.302624717e-09)
(0.01100002579 2.455957533e-08 -1.018674095e-08)
(0.01100006462 3.113391626e-08 -1.568517532e-08)
(0.01100007096 3.273941853e-08 -1.575072407e-08)
(0.01100015895 7.253975981e-08 -4.790939317e-08)
(0.01099999965 7.275089375e-10 -1.259934222e-10)
(0.01099999808 2.010516984e-09 1.653337785e-09)
(0.01100000092 1.275669762e-09 1.086777114e-10)
(0.0109999991 -5.754242911e-10 -1.886888682e-09)
(0.01100000071 1.756323193e-10 8.928133383e-10)
(0.01100000346 -9.868678419e-12 1.193363797e-09)
(0.01100000455 1.087064411e-09 -1.933116608e-09)
(0.01100000613 4.229161154e-09 -1.951097785e-09)
(0.01100001097 6.429710586e-09 -3.693414071e-09)
(0.01100001486 7.77833587e-09 -3.89452265e-09)
(0.01100002594 1.316866335e-08 -6.249856519e-09)
(0.01100004014 1.889685653e-08 -7.014944841e-09)
(0.01100007441 3.080407894e-08 -1.303573143e-08)
(0.01100009531 3.132673938e-08 -9.550585532e-09)
(0.01100015678 6.052643459e-08 -2.228931264e-08)
(0.01100000025 5.369492276e-10 -9.782751428e-10)
(0.0109999989 3.989851712e-11 -3.27793012e-09)
(0.01100000082 6.560054215e-10 -3.701597277e-09)
(0.01099999854 1.777852593e-09 -5.599616478e-10)
(0.01099999875 1.678484157e-09 1.283339899e-09)
(0.01100000226 1.334122392e-09 -4.52641432e-10)
(0.01100000645 6.571472038e-10 1.249692125e-09)
(0.0110000062 1.968969098e-09 -1.639881312e-09)
(0.01100001344 8.421445935e-10 -2.075959731e-09)
(0.01100001883 2.357519489e-09 1.590371455e-09)
(0.01100003103 1.973356258e-09 -3.48555314e-09)
(0.01100004808 4.626541903e-09 -4.509409248e-09)
(0.01100008094 8.722154338e-09 -1.014112379e-08)
(0.01100010258 8.521303296e-09 -5.934314166e-09)
(0.0110001556 1.689437885e-08 -1.533876776e-08)
(0.01100000084 7.452355531e-10 2.200029172e-10)
(0.01100000038 1.470100829e-09 -1.234041898e-09)
(0.01099999899 1.848540622e-10 -1.386683662e-10)
(0.01099999939 -3.315124314e-11 8.245786846e-10)
(0.0110000026 1.60119173e-09 7.573602158e-10)
(0.01100000237 1.013386616e-09 3.699018305e-10)
(0.01100000309 -2.221340082e-10 -2.05552907e-09)
(0.01100000648 -6.224458971e-10 -2.031644421e-09)
(0.0110000131 -9.209238181e-10 -4.08058016e-09)
(0.01100001633 -3.39416631e-09 -7.041769814e-09)
(0.01100003048 -4.163133513e-09 -1.137279598e-08)
(0.01100004043 -7.840370022e-09 -1.881443635e-08)
(0.01100007772 -1.131201602e-08 -2.939303623e-08)
(0.01100009443 -8.846894433e-09 -3.098697829e-08)
(0.0110000006 -1.616736799e-10 -3.649488069e-10)
(0.01100000117 -5.198408183e-10 -6.622917816e-10)
(0.01099999791 1.478780212e-10 9.140622964e-10)
(0.01099999879 -9.347216291e-10 -4.00980955e-10)
(0.01100000226 -1.413476078e-09 -5.839617962e-10)
(0.01100000254 -1.249714847e-09 -2.289902044e-09)
(0.01100000218 -1.522914964e-09 -1.153115549e-09)
(0.01100000371 -3.928991878e-09 -3.723586223e-09)
(0.01100000895 -4.822857776e-09 -5.322394097e-09)
(0.0110000136 -7.853559341e-09 -8.67642197e-09)
(0.01100002451 -1.34632825e-08 -1.353756725e-08)
(0.01100003377 -2.131606834e-08 -2.248996761e-08)
(0.01100007278 -3.609568221e-08 -3.803143464e-08)
(0.011000082 -4.109834119e-08 -4.044169869e-08)
(0.01100016312 -9.376967562e-08 -9.447825718e-08)
(0.01100000152 1.069781245e-09 -8.997652929e-11)
(0.0110000008 -2.931033776e-10 3.262356625e-11)
(0.01099999953 1.036958581e-10 -1.335014156e-09)
(0.01099999979 -6.14415542e-10 -8.416420577e-10)
(0.01100000117 -2.708307214e-09 -6.210951604e-10)
(0.01100000293 -1.669924136e-09 -2.238407309e-09)
(0.01100000305 -3.339796148e-09 -3.080705094e-09)
(0.01100000182 -6.207098926e-09 -4.844914811e-09)
(0.01100000333 -5.29229937e-09 -5.246659778e-09)
(0.01100000672 -1.277159852e-08 -1.203614662e-08)
(0.01100001337 -1.538730958e-08 -1.829831475e-08)
(0.01100001596 -2.69694166e-08 -3.674809539e-08)
(0.01100005209 -3.556379539e-08 -5.851620312e-08)
(0.01100004076 -3.851412174e-08 -8.034771395e-08)
(0.0110001651 -1.137411493e-07 -2.065612329e-07)
(0.01099999907 -2.946404782e-10 -6.701038969e-12)
(0.01100000016 1.810858101e-10 -1.299960002e-09)
(0.01100000038 -1.554404451e-09 -1.36953363e-09)
(0.01099999865 -5.279026086e-10 -1.034599536e-10)
(0.01099999848 -4.133358855e-10 -1.900222733e-09)
(0.01100000152 -2.176718456e-09 -1.750825413e-09)
(0.01100000021 -2.684765365e-09 -2.316751997e-09)
(0.01100000315 -2.922926956e-09 -3.616349855e-09)
(0.0110000023 -3.888851191e-09 -7.108115022e-09)
(0.01100000395 -9.4601622e-09 -1.473562844e-08)
(0.0110000068 -1.735813202e-08 -1.819704008e-08)
(0.0110000135 -3.885488598e-08 -4.620195917e-08)
(0.01100005042 -5.903104633e-08 -5.794362037e-08)
(0.01100001698 -9.70320306e-08 -9.970173102e-08)
(0.01100017766 -2.434819458e-07 -3.074482802e-07)
(0.01099999864 2.737563778e-09 -9.887961628e-10)
(0.01099999855 1.584495675e-09 9.690679613e-10)
(0.01099999906 1.942225105e-09 -7.876264031e-10)
(0.01100000081 1.612344317e-09 -2.991910067e-09)
(0.01099999885 2.493530405e-09 -8.323208393e-10)
(0.01100000041 -2.133039038e-10 -2.016852004e-09)
(0.01099999731 6.950231632e-10 -2.930250529e-09)
(0.01099999771 1.641625931e-09 -5.737252222e-09)
(0.01099999524 -2.349695682e-10 -9.275520556e-09)
(0.01099999203 2.742151317e-10 -2.157770918e-08)
(0.01099998358 1.247386358e-09 -3.055284165e-08)
(0.01099997113 4.747428164e-10 -8.714406344e-08)
(0.0109999809 2.206053787e-10 -1.229879263e-07)
(0.01099987532 6.634544069e-10 -2.902230141e-07)
(0.01100022047 1.47721002e-09 -7.854408693e-07)
(0.01099999878 1.374695884e-09 -1.315183683e-09)
(0.01099999876 3.338307104e-09 -1.884254611e-10)
(0.01100000138 1.163514231e-09 -9.621798253e-10)
(0.01099999895 2.169583135e-09 -1.984951045e-09)
(0.01099999697 1.604688725e-09 -1.209414714e-09)
(0.01100000198 1.022179076e-09 -1.233761253e-09)
(0.01100000255 1.268649301e-09 -1.478868128e-09)
(0.01100000128 3.121594171e-09 -3.884248975e-09)
(0.01100000223 5.252880124e-09 -6.280323728e-09)
(0.01100000438 1.160934691e-08 -1.529699898e-08)
(0.01100000798 1.784492028e-08 -1.915642211e-08)
(0.01100001429 3.820316205e-08 -4.613760613e-08)
(0.01100005186 6.024555314e-08 -5.945620994e-08)
(0.0110000165 9.778649133e-08 -9.85241962e-08)
(0.01100017547 2.433925069e-07 -3.070099496e-07)
(0.01099999905 2.285954582e-09 -7.201551005e-10)
(0.01099999794 1.029470627e-09 -5.364149052e-10)
(0.01099999988 1.845840604e-09 -1.837114051e-09)
(0.01100000018 2.446851717e-09 -1.405869879e-09)
(0.01100000074 1.358019013e-09 -8.313574071e-10)
(0.0110000007 4.279928351e-09 -1.395125582e-09)
(0.01099999944 2.227283753e-09 -2.276563121e-09)
(0.01100000304 6.055590069e-09 -2.406019733e-09)
(0.01100000561 6.171161162e-09 -5.668645705e-09)
(0.011000005 1.270108887e-08 -1.303906074e-08)
(0.01100001251 1.425032829e-08 -1.90956546e-08)
(0.01100001378 2.789117854e-08 -3.799735898e-08)
(0.01100005284 3.489319813e-08 -5.814519028e-08)
(0.0110000393 3.808547951e-08 -8.091561231e-08)
(0.01100016515 1.125697681e-07 -2.05546722e-07)
(0.01100000033 -3.198914931e-10 -1.857992083e-09)
(0.01099999896 9.755377458e-10 -3.024722534e-09)
(0.01100000088 1.589397832e-09 -2.480737556e-09)
(0.01100000183 -2.078491231e-10 -2.091712829e-09)
(0.01099999987 4.094918535e-10 -8.031086203e-10)
(0.0110000006 -2.912676485e-10 -2.092100628e-09)
(0.01100000386 2.32360873e-09 -1.392359093e-09)
(0.01100000401 2.609565492e-09 -3.178796902e-09)
(0.01100000912 6.229709379e-09 -4.678328401e-09)
(0.01100001225 7.611081261e-09 -1.068431668e-08)
(0.0110000251 1.317268588e-08 -1.53466297e-08)
(0.01100003396 2.388002889e-08 -2.287714282e-08)
(0.01100007241 3.750152769e-08 -3.573773122e-08)
(0.01100008315 4.106466147e-08 -4.047213286e-08)
(0.01100016145 9.529638504e-08 -9.399328733e-08)
(0.01099999972 1.472536349e-10 -1.465797292e-09)
(0.01100000061 1.776496386e-09 -2.507366266e-09)
(0.01099999922 7.123156178e-10 -1.35364221e-09)
(0.01099999844 1.856449745e-10 -2.362266344e-09)
(0.01100000002 -9.950549527e-10 -1.388429844e-09)
(0.01100000206 -3.224943305e-10 -2.042204038e-09)
(0.01100000791 1.638740054e-09 -1.753534612e-09)
(0.01100000548 2.669200532e-09 -3.5974041e-09)
(0.01100001035 4.258008506e-09 -4.958888026e-09)
(0.01100001505 3.7486148e-09 -7.890180649e-09)
(0.01100003059 4.27231178e-09 -1.041912925e-08)
(0.01100004182 6.19410039e-09 -1.855276036e-08)
(0.01100007529 1.186886482e-08 -2.8646954e-08)
(0.0110000944 1.042475548e-08 -2.987210085e-08)
(0.0110001576 2.255365105e-08 -6.0167919e-08)
(0.0110000006 4.388250322e-10 -6.400170323e-10)
(0.01100000084 1.302107564e-09 -1.2732991e-09)
(0.01100000007 1.448131812e-09 -1.473377429e-09)
(0.01100000138 -1.159179722e-09 1.74312426e-09)
(0.01100000361 -6.381238637e-10 3.709399667e-10)
(0.01100000215 1.207044987e-10 -8.481131393e-12)
(0.01100000065 -6.012466091e-10 -2.195146974e-09)
(0.01100000504 -5.794125247e-10 -2.173035228e-09)
(0.01100000673 1.963776174e-09 -4.79399225e-09)
(0.01100001163 -3.332549372e-09 -1.029604433e-08)
(0.01100002049 -5.396549669e-09 -1.425149255e-08)
(0.01100002404 -7.109809611e-09 -2.155100869e-08)
(0.01100006313 -1.621789515e-08 -3.016181094e-08)
(0.01100007317 -1.505203599e-08 -3.009333521e-08)
(0.01099999954 1.146661424e-09 -2.087843366e-09)
(0.01100000004 -8.879282304e-10 -6.963334445e-10)
(0.01099999973 -4.711893756e-10 -1.973356688e-09)
(0.01099999924 -1.024832943e-09 -1.359595033e-09)
(0.01100000028 -1.452242972e-09 -1.338170041e-09)
(0.01099999914 -1.791432532e-09 4.205563215e-10)
(0.0110000007 -2.856818785e-09 -5.037256561e-09)
(0.01100000275 -5.004468718e-09 -4.754955385e-09)
(0.01100000311 -6.154129017e-09 -5.04247169e-09)
(0.01100000543 -1.261503928e-08 -1.123772291e-08)
(0.01100001263 -1.946852998e-08 -1.630765932e-08)
(0.01100001536 -3.653871089e-08 -2.687802136e-08)
(0.01100005269 -5.743133121e-08 -3.719031585e-08)
(0.01100003991 -8.034849139e-08 -3.892844567e-08)
(0.01099999896 2.549660908e-10 -8.462340307e-11)
(0.01100000056 -1.813251032e-09 -1.346767284e-09)
(0.01100000002 -1.406097863e-09 3.285782441e-11)
(0.01100000014 -3.564305933e-09 -7.53192817e-10)
(0.01099999887 -2.204912559e-09 -3.588865186e-10)
(0.01100000031 -2.629904572e-09 -9.990603353e-10)
(0.01100000149 -3.997172575e-09 -2.165064741e-09)
(0.01099999928 -5.954328447e-09 -3.200220705e-09)
(0.01099999682 -8.059987597e-09 -8.426657285e-09)
(0.01099999614 -1.684980503e-08 -1.572573299e-08)
(0.01099999297 -1.806307782e-08 -2.09995635e-08)
(0.01099998473 -4.515507628e-08 -4.594515458e-08)
(0.01100000413 -5.237731419e-08 -5.464871337e-08)
(0.01099993495 -9.031378662e-08 -9.115858506e-08)
(0.01100016725 -2.838439123e-07 -2.921256227e-07)
(0.01099999884 -2.105876857e-11 -1.397324878e-09)
(0.01100000041 7.979354944e-10 -8.859244192e-11)
(0.01100000029 -1.717761159e-10 -8.701296979e-10)
(0.01100000061 -3.979166066e-10 1.8520084e-10)
(0.01100000004 -1.464887445e-09 1.688822529e-09)
(0.0109999978 -1.826032037e-09 -2.198839244e-09)
(0.01099999901 -3.278751541e-09 -2.2613917e-09)
(0.01099999924 -4.07534968e-09 -5.535037539e-09)
(0.01099999183 -6.130670069e-09 -9.695440732e-09)
(0.01099999283 -1.73845612e-08 -2.040121775e-08)
(0.01099998241 -2.625584111e-08 -1.549342795e-08)
(0.01099998515 -7.665436055e-08 -5.31823013e-08)
(0.01099997079 -1.090910733e-07 -2.180460957e-08)
(0.0109998782 -2.705038797e-07 -9.029579897e-08)
(0.01100011118 -7.123497755e-07 -3.898572334e-07)
(0.01100000034 2.361042655e-09 -1.985441046e-09)
(0.01099999953 3.065143514e-09 -2.007037375e-09)
(0.01100000028 1.135124631e-09 -2.287914392e-09)
(0.01099999885 1.405059313e-09 -2.301082228e-10)
(0.01100000077 1.535315451e-09 -1.423662639e-09)
(0.01099999798 1.713555852e-09 -2.368735215e-09)
(0.01099999677 3.216704915e-09 -4.209680991e-09)
(0.01099999298 2.301250468e-09 -8.626481699e-09)
(0.01099998005 -3.568898745e-10 -1.180748868e-08)
(0.01099997761 2.274006934e-10 -3.144426332e-08)
(0.01099992911 3.856013777e-10 -3.105071226e-08)
(0.01099990163 -7.904388509e-10 -1.300791361e-07)
(0.01099975281 -1.890005075e-09 -1.121556338e-07)
(0.01099946974 -1.176885365e-11 -5.375911197e-07)
(0.01100005838 -3.459320338e-10 -1.464448251e-06)
(0.01099999977 1.542059289e-09 -1.513635241e-09)
(0.01099999859 9.928279314e-10 -2.296835183e-09)
(0.01099999837 6.321933313e-10 -1.67873529e-09)
(0.01099999989 1.470003256e-09 -2.237878768e-09)
(0.01100000029 5.285992371e-10 -2.17612507e-09)
(0.01100000078 -2.567697806e-10 -2.335680003e-09)
(0.01099999866 2.9543222e-09 -5.125114186e-09)
(0.01099999675 3.831279195e-09 -8.752438495e-09)
(0.01099999034 7.509694734e-09 -9.107325948e-09)
(0.01099999261 1.806265822e-08 -2.123476062e-08)
(0.01099998004 2.664504616e-08 -1.845583314e-08)
(0.01099998287 7.640176542e-08 -5.499879141e-08)
(0.01099997427 1.085121638e-07 -2.189644098e-08)
(0.01099987618 2.702857479e-07 -8.883761618e-08)
(0.01100010887 7.127404058e-07 -3.902253106e-07)
(0.01099999922 1.903002063e-09 -2.04613222e-09)
(0.01099999832 2.939038089e-09 -2.129887255e-09)
(0.01100000001 2.487853452e-09 -1.29238686e-09)
(0.01100000072 4.744345722e-10 -2.981078832e-09)
(0.01099999941 1.020989073e-09 -4.667533691e-09)
(0.01100000039 2.635548361e-09 -2.360675616e-09)
(0.01100000073 1.627911215e-09 -4.188510608e-09)
(0.01099999899 6.716854696e-09 -7.443631185e-09)
(0.01099999479 8.777753903e-09 -7.356269939e-09)
(0.01099999396 1.724385055e-08 -1.652276986e-08)
(0.01099999092 1.794454896e-08 -2.019464774e-08)
(0.01099998241 4.527930687e-08 -4.617960445e-08)
(0.01100000579 5.470911548e-08 -5.572668161e-08)
(0.01099993612 9.034647379e-08 -9.239681036e-08)
(0.01100016791 2.900729774e-07 -2.910306328e-07)
(0.01099999854 5.055009367e-10 -2.008636166e-09)
(0.01099999873 -3.050525118e-10 -2.0791947e-09)
(0.01100000043 4.72774783e-10 -2.668243898e-09)
(0.01100000144 5.751290168e-10 -2.778868979e-09)
(0.01100000082 6.009570449e-10 -2.196084303e-09)
(0.01100000148 1.064122411e-09 -1.73169819e-09)
(0.01100000273 1.31592135e-09 -1.777623153e-09)
(0.01100000295 3.381979524e-09 -5.747288995e-09)
(0.01100000295 5.460898539e-09 -8.480380775e-09)
(0.01100000597 1.112635776e-08 -1.173057764e-08)
(0.01100001286 1.923875587e-08 -1.63105184e-08)
(0.01100001418 3.858537868e-08 -2.638894463e-08)
(0.0110000524 5.94518011e-08 -3.492577549e-08)
(0.01100003764 7.965218218e-08 -3.708544091e-08)
(0.01100016713 2.056187776e-07 -1.140518804e-07)
(0.01100000041 -1.606816185e-09 -2.048576445e-09)
(0.01100000011 -1.371335772e-10 -1.604358713e-09)
(0.0110000008 9.586520635e-10 -2.515209365e-09)
(0.01099999856 1.512587078e-09 -3.421808955e-09)
(0.01099999865 1.656793015e-10 -1.648456033e-09)
(0.01100000204 1.354917975e-10 -7.913698426e-10)
(0.01100000466 2.090375913e-09 -2.47613215e-09)
(0.01100000315 2.615927861e-09 -5.493237613e-09)
(0.01100000568 3.705671641e-09 -7.411727484e-09)
(0.01100000902 5.431620091e-09 -1.158274861e-08)
(0.01100002095 7.818028694e-09 -1.511045127e-08)
(0.011000025 1.04091381e-08 -2.234479279e-08)
(0.01100006368 1.582766916e-08 -3.265586339e-08)
(0.01100006998 1.782489639e-08 -3.267099832e-08)
(0.01100015636 4.887915381e-08 -7.112223019e-08)
(0.01100000175 1.140914259e-09 -2.298497655e-10)
(0.0110000034 -1.12771751e-09 -3.649950641e-11)
(0.01100000015 2.421712645e-11 5.959036147e-10)
(0.0109999998 9.702978021e-10 -1.443280744e-09)
(0.01099999971 -1.01542643e-09 1.01005455e-09)
(0.01100000084 -8.048241897e-10 -7.929585226e-10)
(0.01100000183 -1.796077336e-09 -6.57631629e-10)
(0.01100000281 -1.921803063e-09 -2.215581743e-09)
(0.01100000555 -1.876258546e-09 -5.164667313e-09)
(0.01100000751 -5.326681991e-09 -9.349204901e-09)
(0.01100001744 -7.605066327e-09 -1.460758723e-08)
(0.01100002324 -1.181062796e-08 -2.748312218e-08)
(0.01100006283 -1.359454457e-08 -4.365368844e-08)
(0.01100005422 -1.571923226e-08 -5.40639682e-08)
(0.01100000111 1.59735065e-09 4.820299647e-10)
(0.01100000057 -1.166812973e-09 -2.697234657e-10)
(0.01100000164 -1.661802115e-09 -4.464956197e-10)
(0.01099999702 -2.33473328e-09 4.668619438e-10)
(0.01100000116 -2.916287065e-09 3.243464424e-10)
(0.01099999949 -2.76920251e-09 -1.480521358e-09)
(0.01099999944 -2.923920407e-09 -2.632849422e-09)
(0.01100000103 -4.791200385e-09 -2.628786109e-09)
(0.01100000026 -6.247242789e-09 -4.97981104e-09)
(0.0110000037 -1.447305584e-08 -1.306048816e-08)
(0.01100000774 -1.870999293e-08 -1.767040484e-08)
(0.01100001467 -4.668071207e-08 -4.029340876e-08)
(0.0110000516 -5.95601413e-08 -5.976021075e-08)
(0.01100001685 -1.010506647e-07 -9.836038618e-08)
(0.01099999916 -4.287736369e-10 -5.852358793e-10)
(0.01100000038 -1.421724804e-10 -1.852218382e-10)
(0.01100000089 -1.841888094e-09 -2.634163331e-10)
(0.01099999927 -7.168618304e-10 1.6106631e-10)
(0.01099999894 2.132540808e-10 -4.134140504e-10)
(0.01099999966 -2.386987368e-09 -2.20514697e-09)
(0.01099999959 -1.711726521e-09 -2.503198241e-09)
(0.01099999671 -5.810321252e-09 -3.987442261e-09)
(0.01099999165 -8.966147631e-09 -6.034503654e-09)
(0.01099999216 -1.929897863e-08 -1.777575133e-08)
(0.01099997967 -1.591968871e-08 -2.584503079e-08)
(0.01099998438 -5.287067853e-08 -7.639966445e-08)
(0.01099997421 -1.954078306e-08 -1.113530698e-07)
(0.01099987871 -8.950029006e-08 -2.69655816e-07)
(0.01100000006 -5.227076898e-10 -7.530495442e-10)
(0.01099999948 -4.998213454e-10 -2.421468128e-10)
(0.011 -6.927482573e-10 7.172979638e-10)
(0.01100000112 -6.339086835e-10 4.335196713e-10)
(0.01099999823 -7.405571478e-10 2.74542861e-10)
(0.0109999992 -1.710762797e-09 -4.102588429e-10)
(0.01099999575 -3.618500553e-09 -2.991041027e-09)
(0.01099999572 -7.236156983e-09 -5.492432907e-09)
(0.01099998666 -7.432559717e-09 -6.489972473e-09)
(0.01099999541 -2.432283627e-08 -2.475396143e-08)
(0.01099996635 -2.872484589e-08 -2.892328831e-08)
(0.01100002491 -1.211161139e-07 -1.233275718e-07)
(0.01099992312 -1.170329669e-07 -1.185680934e-07)
(0.01099998109 -5.444822429e-07 -5.444165344e-07)
(0.01099945009 -1.415755343e-06 -1.419046037e-06)
(0.01100000194 7.094239532e-10 -1.05049734e-09)
(0.01100000067 1.524194891e-09 -9.860124909e-10)
(0.01099999927 8.04451815e-10 6.431137768e-10)
(0.01100000026 5.07939061e-10 -1.981514623e-10)
(0.0110000021 1.235128073e-10 -1.870640552e-09)
(0.01099999588 5.888627251e-10 -1.835085831e-09)
(0.01099999126 5.873430344e-10 -2.197329455e-09)
(0.01099999015 -6.295852895e-10 -8.661214966e-09)
(0.01099997114 -4.852678834e-10 -1.253597942e-08)
(0.01099997116 -1.634650558e-09 -4.018886574e-08)
(0.01099987318 -1.098722793e-09 -5.492641991e-08)
(0.01099991333 -6.557596488e-10 -2.920742494e-07)
(0.01099936721 -8.003100313e-11 -3.844930194e-07)
(0.01099934687 2.148900114e-10 -2.780941608e-06)
(0.01099750756 -9.605059367e-11 -7.010483684e-06)
(0.01100000053 1.568216927e-09 -1.996205288e-09)
(0.01099999912 1.242422403e-09 -2.075153517e-09)
(0.01100000059 1.272924725e-09 -1.638010423e-10)
(0.01100000009 -4.106979148e-11 -1.754625683e-09)
(0.01099999882 -7.677281717e-10 -1.875565307e-09)
(0.01100000021 1.479482003e-09 -2.062176355e-09)
(0.01099999583 1.965655064e-09 -3.641748481e-09)
(0.01099999541 5.537484796e-09 -6.347448496e-09)
(0.01099998821 8.471834948e-09 -9.032103546e-09)
(0.01099999564 2.580810648e-08 -2.545994529e-08)
(0.01099996699 2.995637859e-08 -3.008016478e-08)
(0.01100002562 1.211738617e-07 -1.203543981e-07)
(0.01099992288 1.153836546e-07 -1.172736703e-07)
(0.01099998047 5.438967703e-07 -5.464949695e-07)
(0.01099944996 1.416497968e-06 -1.418538338e-06)
(0.01100000012 2.590037153e-09 -1.905918777e-09)
(0.01099999955 1.933872568e-09 -7.590680648e-10)
(0.01099999962 2.220248448e-09 -1.640979318e-09)
(0.01099999917 1.356834435e-09 -6.722438642e-10)
(0.01099999772 -1.449390196e-10 -1.371455066e-09)
(0.01099999991 2.521423408e-09 -1.847282877e-09)
(0.01099999852 4.79653018e-09 -1.598186751e-09)
(0.01099999878 7.398365683e-09 -4.357724091e-09)
(0.01099999312 9.404301231e-09 -8.227247447e-09)
(0.01099999328 2.018012936e-08 -1.990361067e-08)
(0.0109999787 1.632609716e-08 -2.723038441e-08)
(0.01099998315 5.509960743e-08 -7.658344429e-08)
(0.01099997354 2.095876926e-08 -1.095851275e-07)
(0.01099987687 8.911771731e-08 -2.696461507e-07)
(0.01100011034 3.900226677e-07 -7.14292533e-07)
(0.01099999955 -3.585451593e-11 -1.15614739e-09)
(0.01099999799 9.176826217e-10 -1.171066354e-09)
(0.01099999935 4.699165894e-10 -5.682868321e-10)
(0.0110000008 -2.223460419e-10 -7.291945936e-10)
(0.01100000052 9.032900093e-10 -1.556491918e-09)
(0.01099999981 7.871245793e-10 -1.757596872e-09)
(0.01099999968 3.189114913e-09 -1.919685091e-09)
(0.0110000005 5.858442416e-09 -4.566944444e-09)
(0.01099999956 6.964862128e-09 -5.40271527e-09)
(0.01100000075 1.498278004e-08 -1.27339831e-08)
(0.01100000816 1.839283799e-08 -1.655890121e-08)
(0.01100001348 4.706976301e-08 -3.934581242e-08)
(0.01100005181 6.162927222e-08 -5.862580233e-08)
(0.01100001378 9.971150549e-08 -9.622980009e-08)
(0.01100017559 3.07224732e-07 -2.428135476e-07)
(0.0110000011 2.069945922e-10 -2.32747458e-10)
(0.01100000039 2.227986132e-09 -4.539113171e-10)
(0.01099999962 1.237892487e-09 -1.308825845e-09)
(0.01099999835 1.499013854e-09 -1.486374568e-09)
(0.01099999936 5.803658357e-10 -2.87321547e-09)
(0.01099999985 4.997837037e-10 -3.163466132e-09)
(0.0110000019 7.477928509e-10 -2.626708905e-09)
(0.01100000233 1.561151602e-09 -3.926554334e-09)
(0.01100000398 2.499606332e-09 -5.203115359e-09)
(0.0110000082 4.262067834e-09 -9.550166912e-09)
(0.0110000158 6.158640237e-09 -1.311977664e-08)
(0.01100002364 1.12606671e-08 -2.527162654e-08)
(0.01100006227 1.460844552e-08 -4.122146768e-08)
(0.01100005626 1.602648864e-08 -5.525740573e-08)
(0.01100016969 6.340307119e-08 -1.212744247e-07)
(0.01099999947 2.147675602e-09 1.263453647e-09)
(0.0110000008 9.070879294e-11 3.280177035e-10)
(0.0110000022 -1.981267476e-10 -3.831606352e-11)
(0.01099999947 6.57512215e-10 -1.121295591e-09)
(0.0109999992 8.515487775e-10 -7.658075944e-10)
(0.01099999938 2.159728477e-09 -2.326501835e-09)
(0.01100000212 1.507286909e-10 -1.818704732e-09)
(0.01099999875 7.487572755e-11 -1.206513304e-09)
(0.01100000056 -1.797276926e-09 2.394872541e-10)
(0.01100000022 -8.665227119e-09 -1.171049266e-09)
(0.0110000024 -8.002814702e-09 -1.704924271e-09)
(0.01099999739 -2.032708337e-08 -6.51889016e-10)
(0.01100002912 -3.184460391e-08 -6.060873336e-10)
(0.0109999888 -5.733328061e-08 -2.964435108e-09)
(0.01100000047 2.629963104e-10 3.943119407e-10)
(0.01100000073 -3.435985504e-10 5.326539546e-10)
(0.01100000066 -1.153139863e-09 2.643270091e-10)
(0.01099999945 -1.11536049e-09 -8.44780834e-10)
(0.01099999952 -1.171860149e-09 -3.484225983e-10)
(0.01099999814 -2.718932419e-09 -1.27904503e-09)
(0.01099999818 -2.986860613e-09 3.513268678e-10)
(0.01099999742 -5.482973877e-09 -8.844605321e-10)
(0.010999992 -7.344923647e-09 -7.779295693e-10)
(0.01099999245 -1.968055285e-08 1.043776772e-10)
(0.01099998415 -2.965151945e-08 -1.264482452e-09)
(0.01099997168 -8.505767228e-08 -2.340010934e-10)
(0.01099997974 -1.235140189e-07 -4.316826717e-10)
(0.01099987451 -2.906425304e-07 -9.147288572e-10)
(0.01099999923 1.59282644e-10 -1.572227235e-10)
(0.01099999953 -1.107233737e-10 1.726660165e-10)
(0.01100000199 9.099563004e-10 -5.609412921e-10)
(0.01100000142 -9.81148765e-10 -6.225016437e-10)
(0.01100000037 -2.044584332e-09 1.170439467e-09)
(0.01099999941 -1.360263256e-09 -4.497951201e-10)
(0.01099999489 -5.836946646e-09 -2.170313511e-09)
(0.01099999429 -9.205180408e-09 -2.220836145e-09)
(0.01099998054 -1.077048739e-08 -5.48040806e-10)
(0.01099997476 -3.005942521e-08 -2.028275341e-09)
(0.01099992784 -2.958541511e-08 -1.837809352e-09)
(0.01099990362 -1.287751809e-07 -2.125569138e-09)
(0.01099975246 -1.09695299e-07 5.728608025e-11)
(0.0109994686 -5.36836817e-07 2.370801158e-11)
(0.01099999678 -1.308347601e-09 6.751349268e-10)
(0.01100000184 -1.054012877e-09 2.9162803e-10)
(0.01099999967 7.322211092e-10 6.240241652e-10)
(0.011 -1.34076996e-09 1.422119378e-10)
(0.01099999812 -2.273000602e-09 -7.479078304e-10)
(0.0109999971 -1.872237473e-09 5.078425136e-10)
(0.01099999132 -1.295552993e-09 -1.567828851e-09)
(0.01099999078 -9.463314178e-09 -1.262429599e-09)
(0.01099997011 -1.21164464e-08 -1.716904309e-09)
(0.01099996915 -4.002054818e-08 -1.851737432e-09)
(0.01099987289 -5.369660491e-08 -9.551953621e-10)
(0.0109999141 -2.913211206e-07 -1.181973845e-09)
(0.01099936712 -3.843877528e-07 -2.930884114e-10)
(0.01099934488 -2.780728745e-06 2.400029485e-10)
(0.01100000057 1.330244311e-09 7.451953213e-10)
(0.01100000266 1.246006714e-09 9.771385975e-10)
(0.01099999682 7.327259541e-10 4.95274221e-11)
(0.01099999706 -1.040025425e-09 5.199275532e-10)
(0.01099999887 -1.350577478e-09 -9.899336935e-10)
(0.01099999668 -1.782632849e-09 -5.126818722e-10)
(0.0109999881 3.030178204e-10 -2.254405288e-09)
(0.01099998346 3.454513252e-10 -1.574018671e-09)
(0.01099994483 -5.515523724e-14 -1.31010366e-09)
(0.01099992901 -8.432773163e-10 -2.013334233e-09)
(0.01099965178 -3.613780098e-10 1.68887793e-11)
(0.01099959329 -3.983330966e-10 -1.238566314e-10)
(0.01099673115 -2.582468919e-10 -2.406498549e-10)
(0.01099535073 3.366382553e-10 -1.140902002e-09)
(0.01097914621 1.602947473e-09 -2.382824371e-09)
(0.01099999926 1.349353034e-09 -6.553565593e-10)
(0.01099999884 -4.214272331e-10 -1.034006727e-09)
(0.01099999919 -1.879882678e-09 -6.116851963e-10)
(0.01099999797 -2.538016938e-10 -1.220889642e-09)
(0.01099999978 3.244293558e-10 -2.172734678e-09)
(0.01099999882 2.364324854e-09 -1.980589969e-09)
(0.01099999159 1.939026189e-09 -9.265556802e-11)
(0.01099998831 8.096824546e-09 -1.475306762e-09)
(0.01099996978 1.03487017e-08 -5.438370649e-10)
(0.01099997134 3.990036371e-08 -2.28604908e-09)
(0.01099987181 5.333765973e-08 -2.761718694e-10)
(0.01099991385 2.922707294e-07 -2.943888433e-10)
(0.01099936819 3.840976751e-07 -4.16904552e-10)
(0.0109993426 2.780601766e-06 -2.760484329e-10)
(0.01099750551 7.008746751e-06 -2.510042528e-09)
(0.01099999946 3.178907571e-10 -1.070622415e-09)
(0.01099999831 1.038924047e-09 -1.432421e-09)
(0.01100000033 7.776805927e-10 -1.640271296e-09)
(0.01099999981 1.02898933e-09 -1.313514741e-09)
(0.01099999959 9.879534679e-10 -1.367959734e-09)
(0.01100000024 2.880764729e-09 -5.424601592e-10)
(0.01099999401 3.726233417e-09 -1.185327714e-09)
(0.01099999464 7.299933734e-09 -1.3931592e-09)
(0.01099997988 1.267849965e-08 -1.638261539e-09)
(0.01099997648 3.043348642e-08 -2.231923385e-09)
(0.01099992924 2.98501452e-08 -2.484589552e-09)
(0.01099990403 1.279720639e-07 -1.192586353e-09)
(0.01099975447 1.128046806e-07 8.850834984e-10)
(0.01099946937 5.37980536e-07 2.858031954e-10)
(0.01100005858 1.463374962e-06 1.723910011e-10)
(0.0109999996 9.703867583e-10 -3.844682293e-09)
(0.01099999915 2.172352654e-09 -1.567155018e-09)
(0.01099999763 1.656785137e-09 -5.101437363e-10)
(0.01099999923 8.52394911e-10 -9.187954059e-10)
(0.01100000103 4.549481565e-10 2.427291687e-10)
(0.01100000062 3.528316065e-10 -1.367915203e-09)
(0.01099999786 3.432774549e-09 -2.841552571e-09)
(0.01099999754 6.937324399e-09 -3.770764402e-10)
(0.01099999423 1.036268765e-08 -1.295317321e-09)
(0.01099999122 2.210814355e-08 -2.959303461e-10)
(0.0109999863 3.071149781e-08 -1.284906688e-09)
(0.01099997339 8.727794234e-08 -6.302119595e-10)
(0.01099997874 1.250599056e-07 1.155710783e-09)
(0.01099987171 2.904922542e-07 -5.851340372e-10)
(0.01100021655 7.846713764e-07 -2.59365827e-11)
(0.01099999907 1.48508117e-09 -1.742983766e-09)
(0.01100000124 -4.195789828e-10 -2.937512163e-09)
(0.01099999795 4.444817086e-10 -3.961693521e-09)
(0.0109999987 -9.117907145e-10 -1.304628383e-09)
(0.0109999991 -1.811845543e-10 1.668869615e-11)
(0.01100000147 2.752661301e-10 -1.077221628e-09)
(0.01099999966 -5.591813845e-10 -1.456738017e-09)
(0.01099999981 7.811130705e-10 -4.470258318e-10)
(0.01099999925 2.022144829e-09 -9.577497379e-10)
(0.01099999945 6.22791303e-09 1.641150595e-10)
(0.01100000375 1.196532014e-08 -1.266930115e-10)
(0.01099999785 2.281612804e-08 1.16062447e-09)
(0.01100002985 3.202834155e-08 1.12383828e-09)
(0.01099999075 5.800279059e-08 1.134292706e-09)
(0.011000185 1.66082956e-07 -6.871069308e-11)
(0.01099999966 -1.186383412e-11 -1.53616676e-11)
(0.01099999931 -6.942689626e-10 4.886439748e-10)
(0.01099999919 1.550468531e-12 -2.320786808e-09)
(0.01099999965 1.243181214e-10 9.733100766e-10)
(0.01100000176 -1.683725031e-09 -1.019295167e-09)
(0.01100000179 -4.393676605e-10 5.857527221e-10)
(0.01100000104 -1.904990172e-09 1.711822716e-09)
(0.01100000299 -3.142692043e-09 1.193585406e-09)
(0.01100000357 -1.455130133e-09 4.646413374e-09)
(0.01100000815 -4.756523465e-09 9.237385041e-09)
(0.01100001794 -4.9634846e-09 1.2207047e-08)
(0.01100002147 -1.144367496e-08 2.517472652e-08)
(0.01100006221 -1.481905216e-08 4.141797172e-08)
(0.01100005446 -1.499956969e-08 5.569317583e-08)
(0.01100000035 -2.557335989e-10 -3.514913965e-10)
(0.01100000073 -1.025536345e-09 -3.059854297e-10)
(0.01100000114 -1.996657164e-09 -1.434718621e-09)
(0.01100000043 -2.586102535e-09 -1.998506761e-09)
(0.01100000192 -8.849076261e-10 -1.322989316e-09)
(0.01099999957 -1.568302457e-09 -1.311522306e-09)
(0.01099999858 -4.063992382e-09 3.346613549e-10)
(0.01100000056 -4.904689858e-09 3.049443873e-09)
(0.01099999983 -6.687443272e-09 6.043121133e-09)
(0.01100000293 -1.506776418e-08 1.077468811e-08)
(0.01100000883 -1.926379829e-08 1.685163411e-08)
(0.01100001303 -4.830662499e-08 3.789789859e-08)
(0.0110000504 -5.939497118e-08 5.994880509e-08)
(0.01100001763 -9.834527564e-08 9.888134461e-08)
(0.01099999922 6.501923786e-10 -4.36216653e-10)
(0.01100000115 -1.10246831e-10 9.18161789e-10)
(0.01100000127 1.014494204e-09 5.734697316e-11)
(0.01100000093 2.812540691e-09 -1.063745735e-09)
(0.01099999968 -3.942917418e-10 -8.642031192e-10)
(0.01099999775 -1.610605392e-09 6.182869023e-10)
(0.01099999894 -4.570792773e-09 2.250953539e-09)
(0.01099999797 -8.402820149e-09 4.654101576e-09)
(0.01099999102 -9.624698257e-09 5.941217583e-09)
(0.01099999261 -1.946854412e-08 1.702505254e-08)
(0.01099997878 -1.440440241e-08 2.452547982e-08)
(0.01099998396 -5.361474637e-08 7.513392629e-08)
(0.01099997464 -1.982956328e-08 1.097243681e-07)
(0.01099987531 -8.921003138e-08 2.713446075e-07)
(0.01100000032 3.190583945e-11 -5.071477115e-10)
(0.01099999937 1.673351836e-10 8.282584921e-10)
(0.01100000029 -6.654890602e-10 -8.885514358e-10)
(0.01100000091 -2.410713283e-09 -1.117907815e-09)
(0.01100000029 -1.968645259e-09 -1.067527456e-09)
(0.01099999634 -2.892484449e-09 -1.138361011e-09)
(0.01099999503 -2.23229659e-09 1.028078024e-09)
(0.01099999942 -6.796000411e-09 3.284955646e-09)
(0.01099998581 -8.669447949e-09 6.406652729e-09)
(0.01099999435 -2.578273861e-08 2.308316914e-08)
(0.01099996644 -2.971775526e-08 2.858167896e-08)
(0.01100002456 -1.201137608e-07 1.213127823e-07)
(0.01099992176 -1.16939877e-07 1.165323294e-07)
(0.01099998087 -5.450421335e-07 5.449162086e-07)
(0.01100000086 -3.246365598e-10 2.230199312e-10)
(0.01099999972 -6.298731286e-10 -7.5411102e-10)
(0.01100000104 -1.218098794e-09 -7.765833872e-10)
(0.01100000131 -1.858806288e-09 1.132571717e-09)
(0.01100000077 -2.432258429e-09 1.541972368e-09)
(0.01099999533 -1.152248963e-10 2.244298745e-09)
(0.01099998941 3.167916706e-10 1.452444648e-09)
(0.01099999085 -1.319061523e-09 5.387807673e-09)
(0.01099996882 -5.751571712e-10 8.395547076e-09)
(0.01099997348 -8.58745746e-10 3.814003575e-08)
(0.01099987434 -8.355931763e-10 5.322242551e-08)
(0.01099991454 1.152659192e-09 2.934416502e-07)
(0.0109993646 9.760405604e-10 3.856108275e-07)
(0.0109993432 1.07727795e-09 2.781957739e-06)
(0.01099999996 1.477899045e-09 1.439689059e-10)
(0.01100000104 3.605276712e-10 4.564019526e-11)
(0.01099999985 -1.714838085e-10 -1.585839968e-09)
(0.01100000075 7.472656637e-10 8.778995624e-10)
(0.01100000077 6.872675514e-11 5.315569657e-10)
(0.01099999991 7.876116265e-10 9.633477195e-10)
(0.01099999484 3.288671098e-09 1.580854043e-09)
(0.01099999609 7.5518186e-09 3.885488904e-09)
(0.01099998517 8.590800465e-09 6.745845735e-09)
(0.01099999436 2.527955756e-08 2.34827539e-08)
(0.01099996789 2.856633287e-08 2.813409257e-08)
(0.01100002482 1.204730083e-07 1.204316874e-07)
(0.01099992261 1.162607997e-07 1.166541369e-07)
(0.01099997953 5.445269054e-07 5.448715373e-07)
(0.01099999992 -3.772304729e-11 -8.622435096e-10)
(0.0109999995 5.001838891e-10 4.982136158e-10)
(0.01100000009 1.100590638e-09 7.567244856e-11)
(0.01099999999 1.12769282e-09 3.409785123e-11)
(0.01100000203 1.43178581e-09 1.145772664e-09)
(0.01099999782 1.371431433e-09 9.431489288e-10)
(0.01099999589 3.182617605e-09 7.014421212e-10)
(0.01099999749 8.235603805e-09 3.720508359e-09)
(0.01099999146 8.964480255e-09 5.620923225e-09)
(0.01099999251 2.124298743e-08 1.750484742e-08)
(0.01099998165 1.649322483e-08 2.554785649e-08)
(0.01099998869 5.443783706e-08 7.654364601e-08)
(0.01099997212 2.241438744e-08 1.098783604e-07)
(0.01099987744 8.95282469e-08 2.695031949e-07)
(0.01100010989 3.910390618e-07 7.125049788e-07)
(0.01100000087 -4.842235458e-10 1.77535973e-10)
(0.01100000222 4.380432015e-10 -1.355570829e-09)
(0.01099999954 1.935387716e-10 -6.895182987e-10)
(0.01099999966 -1.049256483e-09 -2.916306973e-10)
(0.0109999997 4.957873991e-10 -3.810761944e-11)
(0.01100000017 -1.015475108e-11 -2.523626233e-10)
(0.01099999945 2.384180042e-09 2.004086528e-10)
(0.0109999994 5.092332807e-09 2.295620581e-09)
(0.01100000213 6.970772777e-09 5.033599315e-09)
(0.01100000434 1.520827613e-08 1.055496757e-08)
(0.01100000643 1.976354168e-08 1.761395004e-08)
(0.01100001476 4.63517225e-08 3.954796899e-08)
(0.01100005101 5.920393746e-08 5.801815542e-08)
(0.01100001561 9.979963958e-08 9.902250921e-08)
(0.01100017437 3.072992179e-07 2.433568748e-07)
(0.01100000009 1.437382076e-09 -1.140476599e-09)
(0.01099999905 -8.924785902e-10 -1.396556231e-09)
(0.0109999997 -1.726212091e-09 -8.877287771e-10)
(0.01099999956 -1.024590852e-09 -1.734006478e-09)
(0.01100000273 -4.796096147e-10 -2.9982958e-10)
(0.01099999977 6.604391095e-10 8.023689943e-11)
(0.0110000039 1.025950942e-09 6.844874795e-10)
(0.01100000212 2.872528661e-09 2.964051754e-09)
(0.01100000441 4.136410108e-09 4.241240775e-09)
(0.01100000882 5.130310059e-09 8.026430055e-09)
(0.01100001616 6.543153719e-09 1.304257201e-08)
(0.01100002502 1.177363339e-08 2.461391153e-08)
(0.01100006082 1.536456848e-08 4.195418759e-08)
(0.01100005663 1.553870129e-08 5.568032537e-08)
(0.01100016694 6.373086388e-08 1.20854461e-07)
(0.01099999999 7.068406232e-10 -1.397259409e-09)
(0.01100000041 1.434002406e-09 -9.693303449e-10)
(0.01100000146 -7.913019659e-10 1.044659708e-09)
(0.01099999976 -2.820339634e-09 -7.610562387e-10)
(0.01100000075 -8.869387343e-10 -1.165854051e-09)
(0.01100000261 -7.312430589e-10 -5.219579682e-10)
(0.01100000213 5.722097167e-10 2.239744978e-09)
(0.01100000318 -9.139034684e-10 1.438547067e-09)
(0.01100000936 -3.624652849e-09 4.791635073e-09)
(0.01100000986 -6.08092654e-09 8.446498186e-09)
(0.01100002049 -6.395188878e-09 1.359555799e-08)
(0.01100002801 -1.154956501e-08 2.0619089e-08)
(0.01100006232 -1.578501673e-08 3.138714511e-08)
(0.01100007191 -1.625806079e-08 3.110739746e-08)
(0.01100000047 1.168830283e-10 -8.636846428e-10)
(0.01099999944 -1.362770268e-09 -1.090039279e-09)
(0.01100000109 3.048463659e-10 -2.027820357e-10)
(0.01100000192 -1.034270513e-09 -4.940958723e-10)
(0.01100000135 -1.532267172e-09 -1.63707845e-09)
(0.0110000011 -6.823887159e-10 7.34338193e-10)
(0.01100000083 -2.149816206e-09 3.156981572e-09)
(0.01100000297 -2.621134007e-09 2.444817977e-09)
(0.01100000172 -5.8764009e-09 4.798796275e-09)
(0.01100000477 -1.255058893e-08 1.137268608e-08)
(0.01100001279 -1.921919278e-08 1.489032164e-08)
(0.01100001473 -3.71714603e-08 2.592631503e-08)
(0.0110000547 -5.796289792e-08 3.562638282e-08)
(0.01100003825 -7.963401534e-08 3.766174358e-08)
(0.01100000068 6.463819998e-10 -1.483651886e-09)
(0.01099999971 5.59337623e-11 -1.125699666e-09)
(0.01099999972 1.660123713e-09 -2.162561067e-09)
(0.01100000071 3.53914427e-09 -2.686450788e-09)
(0.01100000205 1.188284231e-09 -1.618895045e-09)
(0.01100000021 -2.079708104e-09 7.804206541e-10)
(0.01099999971 -4.860536033e-09 2.880441966e-09)
(0.01099999683 -7.638485594e-09 5.155257576e-09)
(0.01099999508 -9.114543955e-09 6.244981342e-09)
(0.01099999514 -1.746741185e-08 1.636308121e-08)
(0.01099999269 -1.688597793e-08 2.002601636e-08)
(0.01099998379 -4.484274855e-08 4.594330508e-08)
(0.01100000703 -5.329978465e-08 5.438241143e-08)
(0.0109999301 -9.105916968e-08 8.994071471e-08)
(0.01100000065 6.547267104e-10 -8.105712695e-10)
(0.01100000183 -1.343856285e-09 -1.409746876e-09)
(0.01099999993 1.551216854e-10 -1.659211046e-09)
(0.01100000009 1.770841648e-10 -1.803645871e-09)
(0.01099999969 -1.651694531e-10 5.2623256e-11)
(0.01099999742 -1.949729169e-09 2.027036237e-09)
(0.01099999793 -2.063148977e-09 1.036352301e-09)
(0.01099999794 -6.091908856e-09 6.048131946e-09)
(0.01099999247 -8.098601089e-09 8.271905716e-09)
(0.0109999962 -1.78932156e-08 1.853157142e-08)
(0.01099998274 -2.541532276e-08 1.583761668e-08)
(0.01099998215 -7.497641319e-08 5.461855203e-08)
(0.01099997284 -1.091021256e-07 2.087844064e-08)
(0.01099987516 -2.698121534e-07 8.96027409e-08)
(0.01100000095 1.128984061e-09 1.497634838e-10)
(0.0110000026 7.809920083e-10 -3.704094274e-10)
(0.0110000007 -4.517925294e-10 -5.245010907e-10)
(0.011000001 -2.456374661e-10 1.286101333e-09)
(0.01099999862 -1.89686798e-09 1.746745595e-09)
(0.01099999713 5.736860428e-10 3.291656995e-10)
(0.01099999461 1.318466795e-09 4.244405075e-09)
(0.01099999193 -8.530048738e-10 8.479018161e-09)
(0.01099998026 4.906343009e-10 1.220618593e-08)
(0.01099997532 6.211300382e-10 3.168487593e-08)
(0.01099993063 -1.795376092e-10 3.0288902e-08)
(0.01099990254 2.92553924e-10 1.27684238e-07)
(0.01099975151 2.947765176e-10 1.10678065e-07)
(0.01099946671 -1.003408759e-09 5.379744435e-07)
(0.01099999904 -5.023541185e-10 2.306389843e-10)
(0.01100000168 8.801456236e-10 2.70382613e-10)
(0.0110000004 1.23820682e-09 -2.302861681e-10)
(0.01100000194 -1.551000522e-10 3.942426406e-11)
(0.01099999911 2.810341602e-10 -3.919550111e-12)
(0.01100000101 -2.634528013e-10 2.635517056e-09)
(0.01099999711 2.195933112e-09 8.086957736e-10)
(0.01099999673 6.596056131e-09 6.122742962e-09)
(0.01099999084 9.134423629e-09 7.799363832e-09)
(0.01099999333 1.922125979e-08 2.080324609e-08)
(0.01099998308 2.531287324e-08 1.609830126e-08)
(0.01099998488 7.584912276e-08 5.579145508e-08)
(0.01099997112 1.094578582e-07 2.142869292e-08)
(0.01099987622 2.685060108e-07 8.977586169e-08)
(0.01100000113 -2.60921888e-10 1.112019599e-09)
(0.01100000042 1.023746462e-09 1.576261272e-10)
(0.011 -1.061329878e-09 8.588120814e-10)
(0.01099999767 3.201392256e-10 -4.025096914e-10)
(0.01099999927 7.607595538e-10 -6.529327319e-10)
(0.010999999 1.850689502e-09 1.307598764e-09)
(0.01099999751 4.161830841e-09 2.063921428e-09)
(0.01099999982 7.823959938e-09 4.437412967e-09)
(0.01099999696 7.66822246e-09 8.167326575e-09)
(0.01099999383 1.696759905e-08 1.745980684e-08)
(0.01099999224 1.820628163e-08 2.04178673e-08)
(0.01099998561 4.445684453e-08 4.798968683e-08)
(0.01100000537 5.375912483e-08 5.486472154e-08)
(0.01099993392 9.227689844e-08 9.073571389e-08)
(0.01099999988 1.788151324e-10 9.264542503e-10)
(0.01100000205 -9.127475183e-10 1.708476945e-09)
(0.01100000117 2.519501799e-10 -1.701921341e-10)
(0.01100000008 -1.916304416e-09 -2.728203568e-09)
(0.01100000086 -2.937255356e-10 1.600992703e-11)
(0.01100000169 1.551465994e-09 1.378838657e-09)
(0.01100000031 2.083418976e-09 2.218826646e-09)
(0.0110000017 5.661162911e-09 4.554257201e-09)
(0.0110000021 7.846682472e-09 7.535837964e-09)
(0.01100000467 1.250851794e-08 1.170541763e-08)
(0.01100001176 2.050156962e-08 1.708582494e-08)
(0.01100001769 3.740198303e-08 2.750923532e-08)
(0.0110000555 5.885543064e-08 3.539297167e-08)
(0.01100003859 8.033510955e-08 3.793422882e-08)
(0.01100016584 2.068788312e-07 1.117305217e-07)
(0.01099999965 1.832818379e-09 7.229499467e-10)
(0.01100000076 4.001482221e-11 2.437860993e-09)
(0.01100000013 5.850135255e-10 2.147802096e-09)
(0.01099999896 6.695208607e-12 7.420101719e-10)
(0.01100000041 1.027258871e-09 1.499146922e-09)
(0.01100000324 2.568180103e-10 1.474292671e-09)
(0.01100000267 1.474967322e-09 2.348028778e-09)
(0.01100000535 9.009401447e-10 2.574574176e-09)
(0.01100000777 2.582096886e-09 5.778355841e-09)
(0.01100001276 4.391998436e-09 1.040257793e-08)
(0.01100001988 7.666630988e-09 1.483884938e-08)
(0.01100002917 1.158452182e-08 2.265809056e-08)
(0.0110000626 1.634753129e-08 3.18707954e-08)
(0.0110000712 1.734772307e-08 3.042748176e-08)
(0.01100015892 5.00964105e-08 7.094922007e-08)
(0.01099999977 -9.85975265e-11 -1.14784743e-10)
(0.01100000093 -2.199047491e-09 -2.522982772e-10)
(0.01099999808 -1.232534474e-09 -4.733031949e-10)
(0.01099999869 -5.116742679e-11 -1.364364526e-09)
(0.01100000162 2.298338653e-10 -3.578595229e-10)
(0.01100000281 -7.643923665e-10 1.678973712e-09)
(0.01100000435 4.443423623e-10 2.075555802e-09)
(0.01100000691 -6.602499699e-10 3.743146242e-09)
(0.01100001199 -2.111706132e-09 4.253889339e-09)
(0.01100001657 -3.207410136e-09 6.431348607e-09)
(0.01100003069 -6.346193643e-09 1.268065883e-08)
(0.01100004314 -7.328934182e-09 1.892869451e-08)
(0.01100007601 -8.938017839e-09 2.834911806e-08)
(0.01100009532 -7.524920549e-09 3.005305406e-08)
(0.01099999961 -2.901260714e-10 7.413939164e-10)
(0.01100000178 3.929400562e-10 7.005965238e-10)
(0.01099999936 -4.846794379e-10 -5.811361078e-10)
(0.01099999977 -7.970197822e-10 7.588031771e-10)
(0.01100000059 -3.356865188e-10 3.038420447e-10)
(0.01100000168 -6.00185286e-10 1.489479442e-09)
(0.01100000357 -2.793073736e-09 3.267110186e-09)
(0.01100000327 -2.608720608e-09 4.668512278e-09)
(0.01100000623 -6.001994206e-09 4.372037728e-09)
(0.01100001235 -1.121570135e-08 8.353893076e-09)
(0.01100002548 -1.399847173e-08 1.384864972e-08)
(0.01100003405 -2.257622382e-08 2.236856488e-08)
(0.01100007198 -3.660579209e-08 3.688356046e-08)
(0.01100008264 -4.038683202e-08 3.930824066e-08)
(0.01100000021 6.494024563e-10 -1.188705782e-10)
(0.01099999985 -1.375019205e-09 1.099897948e-09)
(0.01100000028 -3.58253593e-10 -3.753295054e-10)
(0.01100000131 -6.05669607e-11 1.525690689e-09)
(0.0110000021 4.66091922e-10 1.728358191e-09)
(0.01099999998 -5.570688955e-10 1.809520256e-09)
(0.01100000278 -4.627880027e-09 1.462807524e-09)
(0.01099999825 -4.496892982e-09 3.454683791e-09)
(0.01100000353 -6.854340907e-09 6.541233609e-09)
(0.01100000568 -1.276152437e-08 1.162446586e-08)
(0.01100001331 -1.510980802e-08 1.830215131e-08)
(0.01100001647 -2.685415981e-08 3.819865742e-08)
(0.01100005386 -3.656579043e-08 5.720817085e-08)
(0.01100003377 -3.907493265e-08 7.904750669e-08)
(0.01099999983 7.307887287e-10 -1.268240329e-10)
(0.01100000134 8.335873906e-10 6.412141192e-10)
(0.01099999834 -8.346736293e-10 4.635856678e-11)
(0.01100000115 2.491593498e-09 -5.217174506e-11)
(0.01100000074 -6.306968857e-10 -1.075324501e-10)
(0.01099999828 -1.107575724e-09 1.334179666e-09)
(0.01099999985 -2.189803198e-09 3.792988224e-09)
(0.01100000039 -5.434153672e-09 6.312927417e-09)
(0.01100000122 -5.425765402e-09 6.100222028e-09)
(0.01100000388 -9.637458224e-09 1.393336495e-08)
(0.01100000816 -1.730113889e-08 1.678289963e-08)
(0.01100001402 -3.858329415e-08 4.568168037e-08)
(0.01100005217 -6.141759247e-08 5.92883106e-08)
(0.01100001471 -9.795223286e-08 9.826481208e-08)
(0.01100000107 5.3460194e-10 -9.362056128e-10)
(0.01100000223 4.679835488e-10 1.397454411e-10)
(0.0110000006 1.409954262e-09 -2.357705939e-10)
(0.0110000001 -3.223632879e-10 1.518800502e-11)
(0.01099999778 -2.268333047e-10 -3.948978447e-10)
(0.01099999992 -6.702076615e-10 1.476382073e-09)
(0.0109999952 7.675475385e-10 1.21824527e-09)
(0.01099999826 -7.38807335e-10 7.025169179e-09)
(0.01099999529 -5.259157268e-10 7.822157747e-09)
(0.01099999275 7.150047734e-10 2.131480101e-08)
(0.01099998715 -7.33654888e-10 2.768934912e-08)
(0.01099997292 -4.666126254e-10 8.41904531e-08)
(0.01099997944 1.56094112e-09 1.218660744e-07)
(0.01099987199 -3.581750995e-10 2.890728244e-07)
(0.01099999935 1.381353997e-09 -3.143782609e-10)
(0.01100000107 -7.208562216e-10 1.208934946e-09)
(0.01100000142 -4.741426494e-10 6.187264891e-10)
(0.01100000038 -4.909144536e-10 4.78934498e-10)
(0.0109999995 -1.047621629e-09 2.869614128e-09)
(0.01100000038 -7.506878426e-10 9.568341737e-10)
(0.010999999 -4.733653093e-10 2.122345443e-09)
(0.01100000087 2.816215968e-09 6.778353038e-09)
(0.01100000134 5.456567375e-09 6.676826107e-09)
(0.011000002 1.081428483e-08 1.534036441e-08)
(0.01100000965 1.764721765e-08 1.820259534e-08)
(0.0110000141 4.024208397e-08 4.622548442e-08)
(0.01100005197 6.081101318e-08 5.877355484e-08)
(0.01100001608 9.733783818e-08 9.859422849e-08)
(0.01099999915 -8.666492518e-11 9.799042937e-11)
(0.01100000016 1.897947635e-09 -9.395858251e-11)
(0.01099999886 2.604299774e-09 -6.422662461e-10)
(0.01099999897 -1.169330182e-09 -7.197227146e-10)
(0.01100000224 2.17716999e-09 4.285002919e-10)
(0.01100000089 2.014768497e-09 -9.450221806e-10)
(0.01100000258 4.196290956e-09 1.031887766e-09)
(0.01100000343 6.644787126e-09 2.538564623e-09)
(0.01100000499 7.827840631e-09 5.031134865e-09)
(0.01100000458 1.147311603e-08 1.170261727e-08)
(0.01100001252 1.610086904e-08 1.85087083e-08)
(0.011000015 2.815719881e-08 3.791577949e-08)
(0.01100005268 3.571882412e-08 5.818417911e-08)
(0.01100003744 3.848641741e-08 7.982029648e-08)
(0.01100000064 1.239052955e-09 3.248850347e-10)
(0.01100000179 1.383874919e-09 2.295113879e-10)
(0.01099999757 2.323688128e-10 7.888102996e-10)
(0.01099999921 -5.16521191e-10 7.682167777e-10)
(0.01100000179 6.002302703e-10 1.842763634e-10)
(0.01100000268 1.08070246e-09 5.352122836e-10)
(0.01100000413 2.916565824e-09 2.420331623e-09)
(0.01100000691 4.861629926e-09 2.724609261e-09)
(0.01100000657 5.957763632e-09 4.319448788e-09)
(0.01100001379 9.413649296e-09 7.810664475e-09)
(0.01100002503 1.567488316e-08 1.395068948e-08)
(0.01100003402 2.322799125e-08 2.299352827e-08)
(0.01100007247 3.711045665e-08 3.667176839e-08)
(0.01100008262 4.231696605e-08 3.859114198e-08)
(0.0110000007 4.646568737e-10 8.907870929e-10)
(0.01099999886 9.290427969e-10 1.574304478e-09)
(0.01099999786 -8.910233354e-10 -3.490721411e-10)
(0.01100000096 1.579962609e-09 9.263047141e-11)
(0.01100000019 7.702677067e-10 4.713289299e-10)
(0.01100000418 8.922339799e-10 1.530782957e-09)
(0.01100000293 1.369853473e-09 2.331143388e-09)
(0.01100000741 1.062358149e-09 3.095662711e-09)
(0.01100001154 2.881360613e-09 3.665320863e-09)
(0.01100001653 5.357771581e-09 7.239610401e-09)
(0.01100003075 5.988701779e-09 1.193327953e-08)
(0.01100004173 7.771481347e-09 1.785302531e-08)
(0.01100007572 1.152404803e-08 2.780516149e-08)
(0.01100009626 8.441578454e-09 3.043163126e-08)
(0.01100015619 2.228522447e-08 5.969292928e-08)
(0.01100000036 -3.718064223e-10 -5.599479505e-10)
(0.01100000084 2.154199205e-09 -4.045643383e-10)
(0.01099999829 1.974631081e-09 -4.409860285e-10)
(0.01100000231 1.075787618e-09 -2.133418149e-09)
(0.01100000177 -2.649538488e-09 1.037843327e-09)
(0.01100000372 -1.875449809e-09 9.900010744e-10)
(0.01100000253 -3.338860307e-09 1.593179853e-10)
(0.01100000809 -4.594768067e-10 1.363796399e-09)
(0.0110000142 -1.948671707e-09 1.861245294e-09)
(0.0110000197 -8.283217578e-09 3.537090096e-09)
(0.01100003307 -5.969722723e-09 4.142619107e-09)
(0.01100004851 -7.344268191e-09 5.401445389e-09)
(0.01100007936 -6.271616025e-09 9.071333623e-09)
(0.01100010388 -6.994448971e-09 7.154118689e-09)
(0.01100000012 -8.692182827e-10 -4.900621661e-10)
(0.01100000076 9.06071128e-10 -6.618988245e-11)
(0.01099999997 1.056007241e-09 1.29568551e-10)
(0.01100000062 1.084550942e-10 9.680711282e-10)
(0.01100000359 -4.27367627e-10 2.455820633e-10)
(0.0110000035 3.009823e-10 1.153875182e-09)
(0.0110000045 -2.322962339e-09 -3.822429796e-10)
(0.01100000409 -3.890909591e-09 2.630426646e-09)
(0.01100001031 -6.318572081e-09 1.280843297e-09)
(0.01100001678 -9.29383294e-09 2.373863005e-09)
(0.01100002965 -1.313490969e-08 4.535634048e-09)
(0.0110000443 -1.800030956e-08 7.556564239e-09)
(0.01100007352 -2.752717574e-08 9.659482801e-09)
(0.01100009504 -3.097898295e-08 7.930390925e-09)
(0.01100000039 9.335780102e-10 2.892779747e-13)
(0.01100000057 1.238987973e-09 1.08471019e-09)
(0.01099999938 -1.550882935e-09 -6.741898705e-11)
(0.01100000025 -1.2585267e-09 1.262822665e-09)
(0.01100000179 -3.622331859e-10 9.996660098e-10)
(0.01100000109 -2.826489922e-09 1.990414935e-09)
(0.01100000051 -2.496699702e-09 2.082980429e-09)
(0.01100000233 -3.323977614e-09 1.094594387e-09)
(0.01100000637 -4.900266928e-09 7.959637786e-10)
(0.01100001311 -8.352688713e-09 3.895445769e-09)
(0.01100002227 -1.299828418e-08 6.44805485e-09)
(0.01100002678 -2.212750438e-08 1.124755841e-08)
(0.01100006253 -3.310736402e-08 1.646798606e-08)
(0.01100007043 -3.074600938e-08 1.534573741e-08)
(0.01100000169 1.096889087e-10 -1.675809829e-10)
(0.01099999905 -2.620131573e-11 1.821759936e-09)
(0.01100000051 -3.525298681e-10 -7.46742623e-10)
(0.01100000087 1.741768118e-12 1.805179914e-09)
(0.0109999994 -1.26050966e-11 1.826076198e-10)
(0.01100000052 -1.874123712e-09 -1.546370459e-09)
(0.01100000143 -1.60477529e-09 1.549945646e-09)
(0.01100000196 -3.208440224e-09 2.783694276e-09)
(0.01100000376 -4.211628808e-09 3.734253235e-09)
(0.01100000662 -8.934283208e-09 7.418677305e-09)
(0.01100001877 -1.5231932e-08 5.322959572e-09)
(0.01100002251 -2.45235598e-08 1.255850189e-08)
(0.01100006102 -4.079073569e-08 1.321355763e-08)
(0.01100005471 -5.49974571e-08 1.459617808e-08)
(0.01100000004 1.179971616e-09 -6.749625205e-10)
(0.01099999984 -2.997093475e-10 -6.162919926e-10)
(0.01100000123 3.422272315e-10 -7.033246785e-10)
(0.01100000005 -4.022493497e-10 -1.196587963e-09)
(0.01099999807 1.46666733e-09 1.246954003e-09)
(0.01100000222 4.450915067e-11 -7.047765519e-10)
(0.01099999963 1.137802841e-09 2.035015161e-09)
(0.01100000189 -4.758049821e-10 1.695421895e-09)
(0.01099999999 -2.69830359e-10 3.882461147e-09)
(0.01099999938 1.692399811e-10 5.937353675e-09)
(0.01100000467 1.210746799e-09 1.011264264e-08)
(0.01099999739 -1.005190806e-09 2.386061646e-08)
(0.01100002874 -2.521167044e-11 3.350411953e-08)
(0.01099999025 -8.671436545e-10 5.850258307e-08)
(0.01100000053 7.630560288e-10 3.32840882e-10)
(0.01099999926 3.446649545e-10 4.896791184e-10)
(0.01099999924 1.960519956e-09 2.445145752e-10)
(0.01100000127 1.509433138e-09 6.070177475e-10)
(0.01099999926 3.958964446e-10 1.984716325e-09)
(0.01100000018 1.240695635e-09 1.219784636e-09)
(0.0110000001 -2.98978063e-10 2.045474574e-09)
(0.0110000023 2.063649278e-09 1.733558438e-09)
(0.0110000044 4.313109786e-09 2.350478582e-09)
(0.01100000889 8.09528806e-09 5.315342491e-09)
(0.01100001745 1.409010184e-08 6.407542143e-09)
(0.01100002292 2.699648492e-08 1.118567125e-08)
(0.01100006294 4.171005083e-08 1.478551567e-08)
(0.01100005431 5.6827703e-08 1.542444373e-08)
(0.01100000051 1.160083936e-09 -5.973678928e-10)
(0.01100000163 9.364197197e-10 7.168531811e-11)
(0.01099999866 2.178095958e-09 3.364752229e-10)
(0.01099999974 7.588558349e-10 1.997677338e-10)
(0.01100000177 -8.903242267e-10 8.200666206e-10)
(0.01100000194 1.234136669e-09 8.49722005e-10)
(0.01100000356 3.341489278e-09 1.549655989e-09)
(0.01100000585 3.610278016e-09 2.479091046e-09)
(0.01100000642 6.495911224e-09 3.059172646e-09)
(0.01100001002 9.750563779e-09 5.075789401e-09)
(0.01100002046 1.397599337e-08 6.239267037e-09)
(0.01100002617 2.014123727e-08 9.711194232e-09)
(0.01100006263 3.259362366e-08 1.538257582e-08)
(0.01100007091 3.228794123e-08 1.794282855e-08)
(0.01099999936 1.387883462e-10 -2.22313129e-10)
(0.01100000206 1.240686565e-09 -5.689979523e-10)
(0.01100000203 4.415565684e-10 -9.257999682e-10)
(0.01100000057 -2.74050676e-10 1.428931566e-09)
(0.01099999874 1.267312398e-10 -8.544008617e-10)
(0.01100000288 1.673301955e-09 2.524625199e-10)
(0.01100000521 6.160943511e-10 -9.650039136e-11)
(0.01100000572 2.851677001e-09 -1.25607609e-10)
(0.01100001204 5.425616471e-09 1.228454253e-09)
(0.01100001528 7.277608858e-09 3.769813886e-09)
(0.01100002895 1.288617118e-08 4.059849633e-09)
(0.01100004285 1.884009683e-08 6.137602257e-09)
(0.0110000779 2.868533118e-08 1.010252942e-08)
(0.0110000961 3.002392779e-08 8.60999768e-09)
(0.01100000029 1.609990954e-09 -2.524481433e-10)
(0.01099999934 7.972609736e-10 -5.150864824e-10)
(0.01099999834 -2.797805027e-10 3.985289969e-10)
(0.01099999901 8.211752064e-10 1.163817175e-09)
(0.01100000062 5.95525261e-10 -1.289069148e-10)
(0.01100000548 -6.169224191e-10 -7.76235333e-10)
(0.01100000461 5.224153687e-10 -2.24367043e-09)
(0.01100000794 2.218718083e-09 -3.439075708e-10)
(0.01100001417 1.900876307e-09 8.517490508e-10)
(0.01100002279 4.052027324e-09 2.124150906e-09)
(0.01100003343 5.049267286e-09 4.16900606e-09)
(0.01100004634 6.792069564e-09 5.358913224e-09)
(0.01100007869 9.492824065e-09 7.759349913e-09)
(0.01100010369 7.598712461e-09 6.927174346e-09)
)
;

boundaryField
{
    top
    {
        type            slip;
    }
    bottom
    {
        type            slip;
    }
    side-walls
    {
        type            slip;
    }
    inlet
    {
        type            fixedValue;
        value           uniform (0.011 0 0);
    }
    outlet
    {
        type            zeroGradient;
    }
    procBoundary0to1
    {
        type            processor;
        value           nonuniform List<vector> 
97
(
(0.01100021089 -5.047117502e-09 -3.171311504e-09)
(0.01100015934 -2.243821892e-08 -5.864012678e-08)
(0.01100022169 -3.063504551e-08 -5.335689952e-09)
(0.0110002461 -1.988203832e-08 -1.137399136e-08)
(0.01100025476 -2.614467039e-08 3.443861501e-09)
(0.01100033442 -6.633108784e-10 1.210367134e-08)
(0.01100025528 3.045172036e-08 3.34525673e-09)
(0.01100024505 2.060861863e-08 -8.824954923e-09)
(0.01100021965 3.09005883e-08 -6.640197137e-09)
(0.01100021122 4.610227453e-09 -6.67190237e-09)
(0.01100015934 -2.243821892e-08 -5.864012678e-08)
(0.01100015934 -2.243821892e-08 -5.864012678e-08)
(0.01100022983 -3.378966905e-08 -3.359206343e-08)
(0.01100016353 -2.068058573e-07 -1.13765074e-07)
(0.01100026273 -1.081765885e-08 -5.416412598e-08)
(0.01100023248 -6.597820042e-09 -2.396547214e-08)
(0.0110003644 1.157194428e-09 3.50084481e-08)
(0.01100023027 7.246595904e-09 -2.36733933e-08)
(0.01100026058 1.18033635e-08 -5.318373453e-08)
(0.01100023112 3.345609023e-08 -3.134256137e-08)
(0.01100022068 4.495631001e-09 -2.944878925e-08)
(0.01100016104 -4.554576364e-08 -7.187840614e-08)
(0.01100016353 -2.068058573e-07 -1.13765074e-07)
(0.01100016353 -2.068058573e-07 -1.13765074e-07)
(0.01100029094 -1.08116048e-08 -1.329192719e-08)
(0.01100010707 -3.900960797e-07 -7.147987495e-07)
(0.01100008259 5.759996673e-08 9.582868128e-08)
(0.01100024033 2.138749095e-09 5.560637878e-07)
(0.01100008417 -5.634417177e-08 9.517334771e-08)
(0.01100029063 1.314006427e-08 -1.329418355e-08)
(0.01100026184 5.296259874e-08 -1.105455018e-08)
(0.01100024605 8.793038685e-09 -2.072033066e-08)
(0.01100016767 -6.186676018e-08 -1.217555204e-07)
(0.01100017774 -3.078142228e-07 -2.43674284e-07)
(0.01100010707 -3.900960797e-07 -7.147987495e-07)
(0.01100010707 -3.900960797e-07 -7.147987495e-07)
(0.01099884761 5.636148076e-07 5.61471191e-07)
(0.01099750674 -7.008751964e-06 -1.384468266e-09)
(0.01099764254 2.729260584e-10 3.479284954e-06)
(0.0109988471 -5.604474523e-07 5.60952263e-07)
(0.01100008137 -9.614396865e-08 5.576756464e-08)
(0.01100023032 2.314034272e-08 -7.587451237e-09)
(0.01100025304 -4.272678345e-09 -2.845641874e-08)
(0.01100018957 -1.62800518e-07 -1.588850459e-09)
(0.01100022298 -7.850455651e-07 -1.326320251e-09)
(0.01100005881 -1.461811248e-06 -3.386468501e-10)
(0.01099750674 -7.008751964e-06 -1.384468266e-09)
(0.01099750674 -7.008751964e-06 -1.384468266e-09)
(0.01099473611 1.604383264e-09 -5.855205999e-10)
(0.01099751048 8.372977882e-10 7.007267063e-06)
(0.01099763897 -3.481068742e-06 -1.877559335e-09)
(0.01099944728 1.417559837e-06 1.416736888e-06)
(0.01100024094 -5.568949117e-07 4.801281909e-10)
(0.01100035997 -3.663962524e-08 -9.895748039e-10)
(0.0110003305 -1.424311379e-08 2.434887128e-10)
(0.01100016986 -6.253420623e-08 1.202751229e-07)
(0.0110001785 -3.058458797e-07 2.418166407e-07)
(0.01100011253 -3.900315497e-07 7.108597689e-07)
(0.010999449 -1.418913388e-06 1.416419631e-06)
(0.01099751048 8.372977882e-10 7.007267063e-06)
(0.01099944728 1.417559837e-06 1.416736888e-06)
(0.01099944728 1.417559837e-06 1.416736888e-06)
(0.01100008194 -9.523225316e-08 -5.953809988e-08)
(0.0110001673 2.8915706e-07 2.902857689e-07)
(0.01100023028 2.37096201e-08 5.782349634e-09)
(0.01100025472 -4.383046082e-09 2.798905038e-08)
(0.0110001604 -4.922820046e-08 7.150042334e-08)
(0.01100016381 -2.059206865e-07 1.137770599e-07)
(0.01100016699 -2.903593458e-07 2.903156788e-07)
(0.01100011088 -7.121839664e-07 3.900236117e-07)
(0.01100006304 -4.891871764e-10 1.462856252e-06)
(0.0110001087 7.136445276e-07 3.901768285e-07)
(0.0110001673 2.8915706e-07 2.902857689e-07)
(0.0110001673 2.8915706e-07 2.902857689e-07)
(0.01100026304 5.637408235e-08 1.222800622e-08)
(0.0110001613 9.384570635e-08 9.5256842e-08)
(0.01100024342 9.064138147e-09 2.103582461e-08)
(0.01100015721 -2.379186388e-08 6.021171156e-08)
(0.01100015999 -9.484571648e-08 9.236319405e-08)
(0.01100016385 -1.136363714e-07 2.059458413e-07)
(0.01100017371 -2.41468249e-07 3.069827626e-07)
(0.01100022368 -1.705645255e-09 7.857818651e-07)
(0.01100017597 2.439746145e-07 3.076083617e-07)
(0.01100016467 1.147750904e-07 2.068981697e-07)
(0.0110001613 9.384570635e-08 9.5256842e-08)
(0.0110001613 9.384570635e-08 9.5256842e-08)
(0.01100022191 5.435772616e-09 2.870116741e-08)
(0.01100015512 1.685331058e-08 1.674082262e-08)
(0.01100015508 -1.572191461e-08 1.469499325e-08)
(0.01100015729 -5.95592482e-08 2.316898683e-08)
(0.01100015981 -7.17438602e-08 4.870589992e-08)
(0.01100016906 -1.202121936e-07 6.134212383e-08)
(0.01100018851 8.78545747e-10 1.660658616e-07)
(0.01100016879 1.214594297e-07 6.504394966e-08)
(0.01100016027 6.977098705e-08 4.764363935e-08)
(0.01100015896 6.031867121e-08 2.092196636e-08)
(0.01100015512 1.685331058e-08 1.674082262e-08)
)
;
    }
}


// ************************************************************************* //
