/*--------------------------------*- C++ -*----------------------------------*\
| =========                 |                                                 |
| \\      /  F ield         | OpenFOAM: The Open Source CFD Toolbox           |
|  \\    /   O peration     | Version:  4.x                                   |
|   \\  /    A nd           | Web:      www.OpenFOAM.org                      |
|    \\/     M anipulation  |                                                 |
\*---------------------------------------------------------------------------*/
FoamFile
{
    version     2.0;
    format      ascii;
    class       surfaceScalarField;
    location    "8000";
    object      phi;
}
// * * * * * * * * * * * * * * * * * * * * * * * * * * * * * * * * * * * * * //

dimensions      [1 0 -1 0 0 0 0];

internalField   nonuniform List<scalar> 
3175
(
9.4753337e-06
-6.43362651e-13
-8.880295786e-14
9.475330477e-06
-2.667870497e-12
-1.62494284e-12
9.475329669e-06
-1.490185602e-12
-1.171635779e-12
9.475333569e-06
-1.441114911e-12
2.844888769e-12
9.475331656e-06
-1.640082235e-12
1.921534807e-13
9.475332747e-06
-2.394751175e-13
-6.822522518e-13
9.475333593e-06
2.249490177e-13
-1.559693194e-12
9.475335935e-06
6.55855177e-14
-7.086935229e-13
9.475339125e-06
-2.708813182e-12
-2.239242259e-12
9.475343911e-06
-5.284743918e-12
-3.856296948e-12
9.475351572e-06
-7.061496243e-12
-5.366799065e-12
9.475365664e-06
-8.484585988e-12
-7.934047369e-12
9.475386294e-06
-1.260766194e-11
-1.152756508e-11
9.475405237e-06
-1.037722989e-11
-9.869171044e-12
-2.339263383e-11
9.475287967e-06
-7.981453072e-13
1.302360322e-12
9.475288397e-06
-2.483348834e-13
-6.865386941e-13
9.475287744e-06
-1.321260335e-12
-7.012696344e-13
9.475290252e-06
6.982379725e-13
8.057768982e-13
9.475288664e-06
-1.852410979e-12
3.245412089e-13
9.475288664e-06
-1.611214827e-12
-1.259149727e-12
9.475288919e-06
-1.928236417e-12
-1.528601551e-12
9.475289689e-06
-3.525115334e-12
-2.050819629e-12
9.475294388e-06
-2.901014771e-12
9.580792448e-15
9.475300236e-06
-4.147102257e-12
-2.052520098e-12
9.475308334e-06
-5.98042523e-12
-4.211014526e-12
9.475321078e-06
-1.025487678e-11
-8.97460156e-12
9.47534259e-06
-1.752243905e-11
-1.313029262e-11
9.475362096e-06
-2.081104203e-11
-1.133644809e-11
-5.014421078e-11
-3.75150198e-11
9.475338509e-06
-5.113986855e-13
1.101641284e-12
9.475338516e-06
1.466379814e-12
5.985905884e-13
9.475339954e-06
1.920467005e-12
1.26364392e-12
9.475337778e-06
-6.482352298e-13
-2.988805232e-13
9.475339708e-06
-1.807756189e-12
-3.860671468e-14
9.475339149e-06
-1.778743686e-12
-2.344337017e-12
9.475339371e-06
-1.921040237e-12
-1.416637813e-12
9.475339811e-06
-2.372922934e-12
-3.436328981e-12
9.475343338e-06
-2.141235892e-12
-2.776328691e-12
9.475346628e-06
-4.916529867e-12
-3.868885403e-12
9.475352916e-06
-5.671573053e-12
-5.972112402e-12
9.475364666e-06
-1.181378659e-11
-1.541895115e-11
9.475382997e-06
-1.961536795e-11
-2.25343833e-11
9.475409082e-06
-1.871253246e-11
-2.444125597e-11
-5.837172399e-11
-8.486389529e-11
9.475363178e-06
-2.778142119e-13
3.401430839e-13
9.475360976e-06
-1.689889528e-12
1.531141217e-13
9.475361773e-06
-1.645349569e-12
-5.13658181e-13
9.475362872e-06
-2.22783299e-13
-7.04576289e-13
9.475365637e-06
-5.119307116e-13
-1.427965847e-12
9.475364066e-06
1.213164921e-14
-2.453066436e-12
9.475363576e-06
-2.145386459e-13
-1.330907158e-12
9.475365784e-06
-6.394565654e-13
-1.284788524e-12
9.475366604e-06
-2.298700288e-12
-1.056550928e-12
9.475372005e-06
-3.321078812e-12
-4.418601202e-12
9.475374782e-06
-6.369149211e-12
-5.046653672e-12
9.475390284e-06
-1.151906498e-11
-1.578119415e-11
9.475407875e-06
-1.930047635e-11
-1.729776259e-11
9.475438038e-06
-2.809957192e-11
-2.596249064e-11
-5.810184451e-11
-1.206007456e-10
9.475362111e-06
-9.165564131e-13
-3.561731826e-13
9.475361836e-06
-3.8189764e-13
9.809422977e-13
9.475362889e-06
-6.020744395e-13
4.857669464e-13
9.475360683e-06
-1.935535267e-12
-1.329825916e-13
9.475364887e-06
-1.339354304e-12
9.670721901e-13
9.475362715e-06
-1.752523991e-12
-2.548579658e-12
9.475361411e-06
-4.462535573e-13
-1.795533932e-12
9.475361476e-06
1.547621799e-12
-1.959213848e-12
9.475361161e-06
2.035740756e-12
-1.781614964e-12
9.475362551e-06
2.40862345e-12
-7.175696836e-12
9.475361107e-06
5.503860032e-12
-8.522300156e-12
9.475366583e-06
1.213950829e-11
-3.185715256e-11
9.475368438e-06
1.912554108e-11
-4.294923651e-11
9.475412868e-06
2.775677049e-11
-1.004670933e-10
5.977523024e-11
-3.289042602e-10
9.475331401e-06
4.531285077e-13
7.224790691e-13
9.475330878e-06
6.704200201e-15
-7.729040643e-14
9.475331414e-06
3.289541624e-15
-3.134043226e-13
9.475330974e-06
-1.031833875e-12
-5.404021902e-13
9.475333741e-06
-8.049143711e-13
4.794392883e-13
9.475331497e-06
-4.887781653e-13
-2.045139942e-13
9.475331868e-06
-2.039374576e-12
-3.419064528e-13
9.475332052e-06
1.952358252e-15
-2.821745887e-12
9.475333613e-06
2.361455559e-12
-1.371416043e-12
9.475339076e-06
5.670378554e-12
-3.417693114e-12
9.47534305e-06
7.16338888e-12
-5.111316897e-12
9.475356192e-06
1.118025796e-11
-1.564442347e-11
9.475373876e-06
1.859493475e-11
-1.557233178e-11
9.475406875e-06
1.952406704e-11
-2.401901582e-11
5.837539917e-11
-1.20179778e-10
9.475323457e-06
-7.429826259e-13
-4.155208475e-13
9.475323702e-06
5.566631703e-13
-2.427940494e-13
9.475321851e-06
-3.838002534e-13
1.142813177e-13
9.475323802e-06
4.741183828e-13
2.188506793e-13
9.475327417e-06
1.33411386e-12
1.057296901e-12
9.475326368e-06
1.003534493e-12
9.113155449e-13
9.475329575e-06
2.440182175e-12
-1.088048984e-13
9.475329772e-06
2.761178572e-12
-1.8225161e-12
9.475331939e-06
3.980842718e-12
-1.401908132e-12
9.475337272e-06
7.637030918e-12
-3.42085138e-12
9.475339668e-06
9.455746844e-12
-6.986211688e-12
9.475350204e-06
1.322800965e-11
-1.271673301e-11
9.475369864e-06
1.973528247e-11
-1.839727328e-11
9.47539729e-06
2.019776339e-11
-2.348840096e-11
4.844716035e-11
-8.38737069e-11
9.475345458e-06
1.368681031e-13
1.921413313e-13
9.475342855e-06
-7.608274501e-13
4.616072128e-13
9.475342793e-06
-1.969253235e-14
1.061969838e-13
9.47534278e-06
-2.07981042e-13
-4.918178646e-13
9.475344099e-06
4.832651637e-13
-3.822503056e-13
9.475342842e-06
-1.210990941e-13
-8.375303901e-13
9.475346363e-06
1.809306721e-12
6.243375028e-13
9.475348023e-06
1.06305365e-12
-1.4415568e-12
9.475351828e-06
2.244675465e-12
-3.072165655e-12
9.475354526e-06
2.536766761e-12
-4.554739988e-12
9.475362161e-06
4.642404435e-12
-5.940423283e-12
9.475375264e-06
7.977522801e-12
-8.468015583e-12
9.475398706e-06
1.225935984e-11
-1.196910285e-11
9.475420413e-06
1.02847039e-11
-1.007408765e-11
2.361884865e-11
-3.585731447e-11
9.475330354e-06
-3.04595611e-13
9.475330189e-06
-1.426116533e-13
9.475330817e-06
-9.8379008e-13
9.475332163e-06
-4.411227088e-13
9.475332548e-06
-2.130557401e-13
9.475335739e-06
6.830466588e-14
9.47533687e-06
-9.842979478e-14
9.475338551e-06
-1.180426227e-12
9.475341464e-06
-3.633726636e-12
9.475346947e-06
-3.230681374e-12
9.475355898e-06
-3.096447062e-12
9.475367965e-06
-6.76434682e-12
9.475388064e-06
-1.107824615e-11
9.475408683e-06
-8.07450032e-12
-2.217358692e-11
9.475316381e-06
2.797826121e-13
-5.172337324e-13
9.475314934e-06
-6.731607385e-13
-5.751304501e-13
9.475316055e-06
-8.009635269e-13
-1.62654819e-12
9.475315498e-06
-2.140525658e-12
-2.124917475e-12
9.475316843e-06
8.364200647e-14
-1.828061915e-12
9.475317278e-06
-2.011769709e-13
-2.357980189e-12
9.475318924e-06
-4.424073343e-13
-1.168833915e-12
9.475320894e-06
-1.043873169e-12
-3.012895762e-12
9.475323852e-06
-1.475737204e-12
-4.682980056e-12
9.475326593e-06
-4.349447528e-12
-6.780937642e-12
9.475333921e-06
-5.772800505e-12
-9.221732347e-12
9.475350329e-06
-9.192229901e-12
-1.259968754e-11
9.475370126e-06
-1.375392566e-11
-2.131665649e-11
-1.061905512e-11
-2.044186052e-11
9.475383335e-06
-2.752552383e-13
2.779912353e-14
9.475385093e-06
1.322194208e-13
9.225033206e-14
9.47538485e-06
3.562158105e-13
-7.743422198e-13
9.475386268e-06
8.711737785e-14
-9.126159386e-13
9.475383131e-06
-1.908013848e-12
-2.148162975e-12
9.475385e-06
-8.565825019e-13
-2.365717184e-12
9.475385552e-06
-1.771343382e-12
-1.530113317e-12
9.475388355e-06
-3.749323064e-12
-1.057628736e-12
9.475388501e-06
-4.099039066e-12
-3.666481772e-12
9.475394061e-06
-4.416490511e-12
-5.480662754e-12
9.475402271e-06
-6.373651771e-12
-8.714671938e-12
9.475418195e-06
-1.444173466e-11
-1.429957981e-11
9.475439233e-06
-2.322025699e-11
-2.26657715e-11
9.475462911e-06
-2.52219921e-11
-2.396415915e-11
-7.713327445e-11
9.475378695e-06
-5.169940791e-13
-5.612645939e-13
9.475380152e-06
5.945903519e-13
6.813538659e-13
9.475380274e-06
3.394436253e-13
-4.930956727e-13
9.475380719e-06
5.75126137e-13
-5.345841295e-13
9.475381624e-06
-2.072187657e-12
7.930709308e-14
9.475380283e-06
-1.548946801e-12
-1.284514194e-12
9.475381178e-06
-1.548986728e-12
-7.973672731e-13
9.475382827e-06
-1.709811081e-12
-2.586662832e-12
9.475383858e-06
-2.135203367e-12
-4.106760718e-12
9.475386042e-06
-5.944485031e-12
-9.105264988e-12
9.475388909e-06
-6.981675652e-12
-1.078970689e-11
9.475404261e-06
-1.52131202e-11
-2.586776703e-11
9.475416934e-06
-2.054218268e-11
-3.614136535e-11
9.475454462e-06
-2.893906773e-11
-5.397712054e-11
-1.094506622e-10
-1.892031766e-10
9.475298541e-06
-1.047957632e-12
-3.079145282e-13
9.475297928e-06
-6.269956416e-13
-1.318633585e-12
9.475298974e-06
2.189668089e-13
-8.530468981e-13
9.475297447e-06
1.344481247e-13
-1.652751287e-12
9.475298396e-06
1.247218854e-12
6.952972148e-13
9.475299777e-06
7.598219686e-14
-3.525355718e-13
9.475299226e-06
-1.466557692e-13
-6.742871602e-13
9.475300089e-06
-8.380147592e-13
-2.966263719e-12
9.475300763e-06
-2.715195058e-12
-4.728112769e-12
9.475304173e-06
-5.129362612e-12
-9.843469451e-12
9.475308082e-06
-7.184267535e-12
-7.006502679e-12
9.475328724e-06
-1.650118918e-11
-3.197073731e-11
9.475341377e-06
-2.835108915e-11
-2.295929474e-11
9.475402999e-06
-4.887801285e-11
-6.176474275e-11
-1.1431232e-10
-2.824007456e-10
9.47528106e-06
-1.348354352e-13
-1.626586707e-12
9.475280143e-06
-6.267991862e-13
-2.23350047e-12
9.47528116e-06
-1.588104583e-12
-1.474307292e-12
9.475278945e-06
-2.395161645e-12
-2.122621727e-12
9.475280359e-06
-1.510212328e-12
5.855913427e-13
9.475281451e-06
4.932717618e-13
-7.277232952e-13
9.475280532e-06
5.001540654e-13
-1.459441291e-12
9.475279107e-06
9.211166838e-13
-3.57012984e-12
9.475277522e-06
1.41777513e-12
-5.683550958e-12
9.475274505e-06
4.21076271e-12
-1.636456249e-11
9.475266184e-06
6.839098461e-12
-1.634615085e-11
9.475269206e-06
1.761327577e-11
-7.220852e-11
9.475245316e-06
2.879628767e-11
-7.603413763e-11
9.475349751e-06
4.847467668e-11
-3.033119315e-10
1.152866325e-10
-9.243041882e-10
9.475326335e-06
-6.220331773e-13
-1.357703795e-12
9.475327601e-06
1.94175693e-13
-6.540018414e-13
9.475328514e-06
-2.081576659e-13
-7.739388833e-13
9.475328401e-06
-1.602996944e-13
-5.547637755e-13
9.475330415e-06
-5.923724548e-13
5.617463569e-15
9.475328114e-06
-8.29876374e-15
-6.191718828e-13
9.475328509e-06
-3.668353809e-13
-1.514560896e-12
9.475330277e-06
1.320268035e-12
-3.371586246e-12
9.475330289e-06
2.3364892e-12
-3.363699317e-12
9.475333726e-06
5.315435529e-12
-1.016931133e-11
9.475340116e-06
7.076030863e-12
-7.293786821e-12
9.475358216e-06
1.533512342e-11
-3.040512776e-11
9.475370408e-06
2.24834823e-11
-2.21389535e-11
9.475431732e-06
3.047419119e-11
-6.227299334e-11
1.098521496e-10
-2.839099176e-10
9.475338788e-06
-4.095288685e-13
-1.242950011e-12
9.475338447e-06
-5.427757719e-13
-9.838559138e-13
9.475339417e-06
-7.115712531e-13
-2.004214797e-13
9.475338285e-06
-6.73317685e-13
-2.55701994e-13
9.475342167e-06
4.524364362e-13
1.261616466e-12
9.475341428e-06
-7.619528307e-13
6.732310553e-13
9.475342174e-06
1.995132204e-12
-1.415542328e-12
9.475343095e-06
2.460543442e-12
-3.482362265e-12
9.47534329e-06
1.989618686e-12
-4.188861196e-12
9.475344984e-06
6.313319146e-12
-8.82924608e-12
9.475346129e-06
8.565796534e-12
-9.609635488e-12
9.475361484e-06
1.484586773e-11
-2.611704017e-11
9.475372833e-06
2.266028198e-11
-3.594156447e-11
9.475411607e-06
2.524574042e-11
-5.449848919e-11
7.784123366e-11
-1.892000528e-10
9.475300909e-06
-7.199436164e-13
-7.602110565e-13
9.475301315e-06
-4.587948074e-13
-1.025018256e-12
9.475302685e-06
-1.133689652e-13
9.939596693e-13
9.475303068e-06
6.393525333e-13
1.630630431e-12
9.475304347e-06
1.515751965e-13
3.00410599e-13
9.475304278e-06
4.906245046e-13
-3.433381045e-14
9.475304459e-06
8.320587278e-13
-1.288748472e-12
9.475306506e-06
1.130703756e-12
-3.201707618e-12
9.475311134e-06
1.976678498e-12
-3.400751869e-12
9.475311831e-06
2.476038952e-12
-7.691042029e-12
9.475319084e-06
6.748174509e-12
-7.567800493e-12
9.475335103e-06
9.296371012e-12
-1.474534499e-11
9.475354241e-06
1.336391034e-11
-2.283715385e-11
9.475377864e-06
1.182609424e-11
-2.42882332e-11
3.692652729e-11
-7.70469481e-11
9.475329578e-06
4.897917271e-13
9.475328374e-06
-8.536562915e-13
9.475329813e-06
-1.31966937e-13
9.475330221e-06
6.582665214e-13
9.475330869e-06
1.003679782e-12
9.475332481e-06
-1.998774914e-13
9.475332196e-06
-6.06527523e-13
9.475334965e-06
-2.395370927e-12
9.475338839e-06
-2.344685403e-12
9.475344718e-06
-6.261952921e-12
9.475349025e-06
-9.607701308e-12
9.475363578e-06
-1.226232787e-11
9.475384376e-06
-1.997344747e-11
9.475404643e-06
-1.966318329e-11
-4.81414975e-11
9.475328022e-06
9.027740131e-13
-9.123875649e-13
9.475326764e-06
-9.221161835e-13
-4.67229578e-13
9.475329521e-06
-1.841801124e-13
3.193961017e-13
9.475327097e-06
-7.879635934e-13
1.129539615e-13
9.475326818e-06
-4.741640875e-13
-3.34028226e-13
9.475328075e-06
1.444870176e-13
7.099231676e-13
9.475328654e-06
-1.32223758e-12
-9.378281792e-13
9.475330241e-06
1.855006919e-14
-1.48488991e-12
9.475332186e-06
-1.114481966e-12
-2.670760044e-12
9.475333495e-06
-4.766165085e-12
-5.188681708e-12
9.475337698e-06
-6.86573639e-12
-7.927438292e-12
9.475349143e-06
-1.18986336e-11
-1.175407357e-11
9.475370119e-06
-1.820410288e-11
-1.92581077e-11
-2.231763211e-11
-2.108836436e-11
9.475292206e-06
-7.11118429e-13
-1.17614665e-12
9.475294366e-06
7.448333827e-13
-2.657290833e-13
9.475294919e-06
4.597816538e-13
-4.47353522e-13
9.475294386e-06
4.517621014e-15
-1.170295218e-12
9.475293865e-06
-1.029071767e-12
-9.186690888e-13
9.475295387e-06
2.407750472e-13
8.262629166e-14
9.475296743e-06
-1.561262203e-14
-1.253533913e-13
9.475293221e-06
-3.943524182e-12
-4.283455561e-12
9.475294448e-06
-4.292376596e-12
-3.350451274e-12
9.47529645e-06
-7.807045992e-12
-7.08227836e-12
9.475301618e-06
-8.468785645e-12
-7.701449566e-12
9.475315304e-06
-2.551175097e-11
-1.642845083e-11
9.475330094e-06
-3.650374415e-11
-2.347568462e-11
-5.555699569e-11
-2.912972324e-11
9.475308787e-06
-4.391396915e-13
-4.682456972e-14
9.475308414e-06
-3.347941546e-13
-1.457340585e-14
9.475309971e-06
-6.90706325e-13
-2.782457964e-14
9.475308587e-06
-2.00095975e-13
-6.822219331e-13
9.475310127e-06
-1.769675525e-12
-6.439835964e-13
9.475312276e-06
-1.237819225e-12
-1.060945719e-12
9.475309368e-06
-1.83925514e-12
-1.188862346e-12
9.47530903e-06
-2.705655941e-12
-3.03319282e-12
9.475308796e-06
-4.301547106e-12
-3.721206094e-12
9.475306773e-06
-8.276656547e-12
-1.116770839e-11
9.475301594e-06
-7.454636857e-12
-1.086177155e-11
9.475311547e-06
-3.055135343e-11
-3.141142524e-11
9.475308475e-06
-3.492421905e-11
-3.632581013e-11
9.475378638e-06
-8.939524221e-11
-9.126721471e-11
-3.257430604e-10
9.475313643e-06
-2.373659142e-12
-7.263145518e-13
9.475311444e-06
-1.886768518e-12
-3.561105088e-14
9.475313863e-06
-1.196360992e-13
7.172959285e-13
9.47531309e-06
-1.094861027e-12
-1.210814014e-12
9.475315181e-06
1.820663026e-12
-2.036772187e-12
9.475316608e-06
5.152858302e-15
-1.320705563e-12
9.475315083e-06
-1.348908811e-12
-1.275067089e-12
9.475312532e-06
-2.097040419e-12
-3.34443168e-12
9.475313572e-06
-1.885483224e-12
-2.383572004e-12
9.475310414e-06
-8.482079084e-12
-1.215477597e-11
9.475307146e-06
-1.353203405e-11
-4.361652527e-12
9.475325395e-06
-3.589448037e-11
-3.914535497e-11
9.4753274e-06
-5.462913099e-11
1.358533624e-12
9.475457382e-06
-1.451167697e-10
-1.426088589e-10
-3.52204144e-10
-5.923981662e-10
9.475327369e-06
-4.189750967e-13
4.734356679e-13
9.47532516e-06
2.42626444e-13
2.202297286e-14
9.475325658e-06
-6.188896568e-13
-7.303386545e-13
9.475327656e-06
-7.83263336e-13
-2.289546845e-12
9.47532332e-06
-1.22839672e-12
-2.003093294e-12
9.475322708e-06
2.224589291e-12
-1.20888375e-12
9.475321573e-06
1.455449401e-12
-7.595325772e-13
9.475316546e-06
7.224425999e-13
-4.061698651e-12
9.47531064e-06
3.237285841e-12
-3.044768475e-12
9.475297519e-06
7.716501513e-12
-2.037283019e-11
9.475273087e-06
1.125724619e-11
-1.344372606e-11
9.475242448e-06
3.737415046e-11
-1.135132976e-10
9.47512806e-06
5.589319287e-11
-7.575071913e-11
9.475388827e-06
1.446316336e-10
-8.499412246e-10
3.523094699e-10
-2.543081216e-09
9.475344299e-06
4.077380959e-14
1.603111282e-12
9.475343497e-06
8.143148246e-13
2.268762009e-13
9.475344943e-06
6.002775851e-13
8.280566099e-13
9.47534344e-06
-2.320753313e-13
-4.519727299e-13
9.475345588e-06
1.761952769e-13
-4.862225313e-14
9.475343895e-06
-1.789845009e-13
-2.534838508e-12
9.47534327e-06
5.348721792e-13
-1.839569922e-12
9.475344185e-06
1.147601694e-12
-3.778164997e-12
9.475340194e-06
1.980424245e-12
-3.499747509e-12
9.475340897e-06
8.337613215e-12
-1.217369053e-11
9.475341899e-06
9.073333058e-12
-3.707235342e-12
9.475356716e-06
2.924060944e-11
-3.745250892e-11
9.475356168e-06
3.551095741e-11
2.832204912e-12
9.475488416e-06
9.000165978e-11
-1.415712672e-10
3.287241119e-10
-5.91381593e-10
9.475348179e-06
-1.672596867e-14
1.603950052e-13
9.475345224e-06
-2.536348685e-13
-1.317083935e-12
9.475343239e-06
6.321764896e-14
-3.446157158e-13
9.475343248e-06
5.371869856e-13
-2.69059617e-14
9.475344801e-06
-4.884281848e-13
-3.921992776e-13
9.475342718e-06
-1.579447724e-13
-2.005333524e-12
9.475343657e-06
1.762719339e-12
-1.32176732e-12
9.475345672e-06
2.904582257e-12
-2.809553224e-12
9.475340805e-06
3.109358579e-12
-3.032190339e-12
9.475341026e-06
7.588300958e-12
-9.595371814e-12
9.475336802e-06
9.834037721e-12
-7.793826725e-12
9.475347514e-06
2.577365105e-11
-2.825246104e-11
9.475342655e-06
3.650485942e-11
-3.485563568e-11
9.475413843e-06
5.542498985e-11
-8.96858284e-11
1.898939005e-10
-3.30454794e-10
9.475377783e-06
1.084346634e-12
-8.478781712e-13
9.475377997e-06
7.49350346e-13
-9.999382576e-14
9.475379253e-06
-3.418636774e-13
-2.328473333e-13
9.475379546e-06
1.928852856e-13
-1.338882763e-12
9.47538135e-06
2.953251602e-13
4.017914781e-13
9.475381065e-06
-4.178781998e-13
-1.606046187e-12
9.475380019e-06
9.862744651e-13
-2.266232624e-12
9.475382652e-06
2.259628578e-12
-2.388155367e-12
9.475382565e-06
2.879554381e-12
-2.709797302e-12
9.475386052e-06
4.368894573e-12
-6.065662118e-12
9.47538934e-06
5.336327675e-12
-7.334113049e-12
9.475405689e-06
1.312293834e-11
-1.413195081e-11
9.475419819e-06
1.995053268e-11
-2.128713229e-11
9.475455841e-06
2.494415859e-11
-2.921320657e-11
8.386884363e-11
-1.113686969e-10
9.475352405e-06
-1.028517379e-12
9.475351452e-06
-1.0354985e-12
9.475353863e-06
-8.377918145e-13
9.475353005e-06
-4.664818379e-13
9.47535329e-06
3.196929221e-13
9.475356036e-06
1.532135959e-13
9.475354849e-06
-1.928962668e-12
9.475356811e-06
-1.813545026e-12
9.475356093e-06
-1.039807323e-12
9.475362315e-06
-3.229113388e-12
9.475367263e-06
-6.563828051e-12
9.475378392e-06
-1.185358827e-11
9.475398225e-06
-1.912032393e-11
9.475421736e-06
-2.063623286e-11
-5.90611659e-11
9.475357483e-06
4.553846643e-13
-5.839171836e-13
9.475357238e-06
-9.801141251e-13
4.327847804e-13
9.475359961e-06
-1.401571003e-12
2.130036485e-12
9.47535844e-06
-8.353813226e-13
-5.275948268e-14
9.475358306e-06
-1.051973471e-12
-1.038053729e-12
9.475357249e-06
-1.50842738e-12
-7.681039333e-13
9.475359904e-06
4.277865902e-14
-3.719358613e-13
9.475360281e-06
-1.941215407e-12
-1.644114286e-12
9.475360438e-06
-2.298875617e-12
-2.741825786e-12
9.475365397e-06
-5.48536331e-12
-5.057479065e-12
9.475370166e-06
-6.143856825e-12
-6.652703522e-12
9.475384018e-06
-1.43278632e-11
-1.185789142e-11
9.475401461e-06
-1.577680586e-11
-2.015856821e-11
-2.188714362e-11
-2.79875809e-11
9.475357127e-06
5.131245228e-13
-5.14426713e-13
9.475355898e-06
1.229965173e-12
-3.314517467e-13
9.475355749e-06
3.227117312e-13
1.655007379e-12
9.475356212e-06
-1.726693128e-13
-5.580988698e-13
9.475356422e-06
-3.009037666e-13
-1.3351736e-12
9.47535725e-06
-6.988670717e-13
-1.421410763e-12
9.475356531e-06
-1.15390273e-12
-1.29853031e-13
9.475356727e-06
-3.593029984e-12
-2.510560446e-12
9.475357676e-06
-3.830182569e-12
-3.471992955e-12
9.47536213e-06
-1.068883878e-11
-5.415103714e-12
9.475367481e-06
-7.418170631e-12
-7.256306947e-12
9.475384955e-06
-3.129727453e-11
-1.815243478e-11
9.475399599e-06
-2.188750402e-11
-2.936539307e-11
-6.363231776e-11
-5.194021314e-11
9.475347814e-06
-1.488744767e-12
-1.330266076e-12
9.475349571e-06
-9.599358768e-14
-1.995112156e-13
9.475351304e-06
-8.553711663e-13
-2.09623248e-13
9.475350943e-06
-1.218550883e-12
-8.015839235e-13
9.475350575e-06
-1.936732227e-12
-1.708280384e-12
9.475351654e-06
-1.229120243e-12
-1.084592518e-12
9.475350462e-06
-1.350547025e-12
-1.776878276e-12
9.475349318e-06
-2.831358947e-12
-3.865297923e-12
9.475347294e-06
-2.29229599e-12
-3.546000464e-12
9.475347929e-06
-9.346287508e-12
-7.438798744e-12
9.475347628e-06
-1.591590045e-12
-9.767262037e-12
9.475362947e-06
-3.785037577e-11
-3.666133265e-11
9.475363261e-06
2.181136534e-12
-5.595473394e-11
-1.417742543e-10
-1.459691015e-10
9.475291277e-06
-8.792490412e-13
-2.886881954e-13
9.475287819e-06
-1.866878051e-12
-1.96305799e-13
9.475288829e-06
-1.474709491e-12
-1.023567733e-12
9.475287289e-06
-2.155897465e-12
-9.91616305e-13
9.475291502e-06
1.329239522e-12
-3.980127333e-13
9.475288574e-06
-5.841653847e-13
-2.162944359e-12
9.475286831e-06
-1.048499011e-12
-2.507412859e-12
9.475285971e-06
-1.272606854e-12
-4.318875885e-12
9.4752863e-06
-2.25107943e-12
-5.091339e-12
9.475289045e-06
-1.185299533e-11
-1.132971711e-11
9.475309223e-06
-1.430774584e-11
-1.327648028e-11
9.475350669e-06
-5.916038139e-11
-6.062544298e-11
9.475476125e-06
-5.890768987e-11
-6.006470498e-11
9.475723153e-06
-2.634006255e-10
-2.650736128e-10
-5.939051687e-10
9.475396354e-06
7.683233119e-13
9.999931421e-14
9.475394145e-06
3.903260731e-13
7.927436718e-13
9.475394724e-06
8.960191443e-13
-1.680487051e-13
9.475395856e-06
1.071526913e-12
-2.487885289e-15
9.47539351e-06
1.198619734e-12
-1.142102755e-12
9.475391675e-06
1.061872136e-12
-2.726170686e-12
9.475390416e-06
1.003429351e-12
-1.799537708e-12
9.475383249e-06
1.101581393e-12
-4.509514055e-12
9.475373849e-06
3.186779269e-12
-5.946355193e-12
9.475355459e-06
1.082101171e-11
-1.765425553e-11
9.47534169e-06
1.348359987e-11
-2.862867054e-11
9.475267028e-06
6.075420736e-11
-1.640726261e-10
9.475328979e-06
6.158679168e-11
-2.594942051e-10
9.475899651e-06
2.636579719e-10
-1.952964839e-09
5.933408933e-10
-4.491241301e-09
9.475358785e-06
-1.837512466e-12
-6.381765004e-13
9.475358049e-06
-7.459109596e-13
-3.45931282e-13
9.475356234e-06
-7.474605786e-13
-6.444350832e-13
9.475359755e-06
6.368382213e-13
-9.677231235e-13
9.47535889e-06
-2.663916912e-13
-2.140113527e-12
9.475358364e-06
-1.62182186e-13
-2.86916689e-12
9.475357336e-06
3.840692008e-13
-2.783903729e-12
9.475358378e-06
1.812356961e-12
-2.201625837e-12
9.47535512e-06
2.253323257e-12
-4.525469387e-12
9.475359781e-06
1.089371532e-11
-9.695919844e-12
9.475382054e-06
4.397560365e-12
-1.320662088e-11
9.475422358e-06
3.909940294e-11
-6.056154751e-11
9.475544086e-06
-1.869898036e-12
-6.002706202e-11
9.475789565e-06
1.419710689e-10
-2.636887529e-10
5.895372624e-10
-5.940712527e-10
9.475353837e-06
-8.510366438e-13
3.634202329e-13
9.475354667e-06
-5.584986889e-13
3.343486016e-13
9.475354589e-06
1.178491024e-13
-1.834871965e-13
9.475353245e-06
-1.574694845e-13
-1.306936834e-12
9.47535084e-06
-5.822571778e-14
-1.813376849e-12
9.475350731e-06
5.194979823e-13
-1.404994515e-12
9.475349771e-06
1.015477718e-12
-6.917386916e-13
9.475350053e-06
4.076874159e-12
-1.425886901e-12
9.475343847e-06
3.289946283e-12
-3.568406901e-12
9.475345048e-06
9.398809054e-12
-7.280137651e-12
9.475344417e-06
6.723276642e-12
-1.16768618e-11
9.475357478e-06
3.045564552e-11
-3.692483781e-11
9.475358139e-06
2.204594041e-11
-5.524209053e-11
9.475490869e-06
6.251073671e-11
-1.443791356e-10
2.851931823e-10
-3.518355525e-10
9.475300254e-06
8.576313099e-13
4.104960968e-13
9.475299964e-06
-3.593319251e-13
2.928416313e-13
9.475299523e-06
-1.400667975e-12
1.586908638e-13
9.475300354e-06
6.254213827e-14
1.623347801e-13
9.475298075e-06
7.600315915e-14
-6.809579425e-13
9.475300871e-06
9.70147155e-13
-1.193893519e-12
9.47530161e-06
1.24099352e-12
-1.485214761e-12
9.475303454e-06
2.820727427e-12
1.782493445e-13
9.475302479e-06
3.868990608e-12
-1.378654886e-12
9.475306575e-06
6.89407431e-12
-3.327311404e-12
9.475313121e-06
5.417817599e-12
-7.402814947e-12
9.475330563e-06
1.310750529e-11
-1.888279032e-11
9.475345351e-06
1.432373779e-11
-2.954856019e-11
9.475403522e-06
2.441178837e-11
-4.848563773e-11
1.213898021e-10
-1.147312363e-10
9.475354382e-06
-1.757886903e-13
9.475354065e-06
2.325714996e-13
9.475356733e-06
-2.961546776e-13
9.475356967e-06
3.483668926e-14
9.475356711e-06
2.135577492e-13
9.475357009e-06
-6.233841561e-13
9.475358642e-06
-1.13110486e-12
9.475359515e-06
-1.957066071e-12
9.475358683e-06
-2.644760314e-12
9.475363036e-06
-2.68199598e-12
9.475369248e-06
-5.450370197e-12
9.475383161e-06
-1.110754482e-11
9.475402087e-06
-2.005510741e-11
9.475432395e-06
-2.754659904e-11
-5.766206235e-11
9.475341592e-06
2.170181203e-14
-1.837527246e-12
9.475340978e-06
-1.217656607e-12
-3.801914066e-12
9.475339455e-06
-4.712998584e-13
-6.387735903e-13
9.475339122e-06
-2.048602781e-12
-2.767482939e-13
9.475341974e-06
-1.470882042e-12
-1.473313712e-12
9.475341044e-06
-4.473418962e-13
-1.172109193e-12
9.475340002e-06
-6.353152832e-13
-1.341464935e-12
9.475339048e-06
-2.478382466e-12
4.48740836e-13
9.475339281e-06
-2.814443474e-12
1.41217247e-12
9.475340971e-06
-7.835902769e-12
3.145862085e-12
9.475339936e-06
-8.862268518e-12
6.059185773e-12
9.475345877e-06
-3.014256988e-11
8.23442285e-12
9.475350489e-06
-4.181948047e-11
1.734754389e-11
-1.002067208e-10
2.605399217e-11
9.475327422e-06
-3.561626714e-13
-1.675969728e-12
9.475327903e-06
-3.763690953e-13
-1.970757565e-12
9.475326138e-06
-6.380114393e-13
-2.407813298e-12
9.475327813e-06
2.825686194e-13
-4.683168773e-13
9.475328704e-06
-3.550185855e-13
1.135324737e-13
9.475329436e-06
-1.686929075e-12
-1.433626806e-12
9.475324495e-06
-3.68330808e-12
-2.532142232e-12
9.475326005e-06
-5.9154386e-12
-3.326091128e-13
9.475323512e-06
-5.904027851e-12
7.590782477e-13
9.47532323e-06
-1.64647959e-11
4.788058952e-12
9.475317462e-06
-1.397455398e-11
7.084921652e-12
9.475318644e-06
-7.041389131e-11
1.677577105e-11
9.4752966e-06
-7.449399959e-11
2.794568363e-11
-3.025832327e-10
4.906276868e-11
9.475311069e-06
-4.575311175e-13
-2.358306561e-12
9.475311857e-06
-1.306900392e-13
-7.929463276e-13
9.475310404e-06
-1.683844811e-12
-1.486305249e-12
9.475309705e-06
-1.156191597e-12
-1.145033021e-12
9.475309801e-06
-7.990955496e-13
2.177406685e-14
9.475309433e-06
-1.955852764e-12
2.142606278e-13
9.475305241e-06
-1.844256835e-12
-1.181049567e-12
9.475303481e-06
-3.58790665e-12
5.499321908e-13
9.475295201e-06
-4.271406925e-12
1.652065358e-12
9.47528453e-06
-1.753840033e-11
7.84432216e-12
9.475255208e-06
-1.303582021e-11
1.080789601e-11
9.475224122e-06
-1.131833014e-10
3.648173288e-11
9.475111092e-06
-7.460733164e-11
5.612915218e-11
-8.494289859e-10
1.449220446e-10
9.475378256e-06
-3.975805683e-13
-2.258235953e-12
9.475375227e-06
-2.342287775e-13
-1.543013878e-12
9.475376524e-06
-9.237154923e-13
-1.777076125e-13
9.475373896e-06
-1.446671268e-12
7.04831763e-13
9.475373369e-06
-1.643631436e-13
6.459250912e-13
9.47537411e-06
-1.070893181e-12
3.942347815e-13
9.475369375e-06
-1.678512298e-12
-4.388813873e-13
9.475363816e-06
-2.103208232e-12
2.078842372e-12
9.47536019e-06
-3.072704272e-12
2.756982368e-12
9.475339507e-06
-1.845764419e-11
1.068088218e-11
9.47532471e-06
-2.822637696e-11
1.305539824e-11
9.475253071e-06
-1.623664408e-10
6.058948054e-11
9.475316e-06
-2.577782996e-10
6.003474391e-11
-1.95114701e-09
2.641103117e-10
9.475304997e-06
-2.898833339e-13
-1.204714163e-12
9.47530256e-06
-5.076790194e-13
-8.91676648e-13
9.475304623e-06
9.821217653e-13
1.131826086e-12
9.475305828e-06
-1.951994989e-13
3.948250271e-13
9.475303927e-06
8.700513082e-13
1.598475833e-12
9.475303251e-06
6.852356488e-13
2.16537209e-12
9.475298547e-06
2.020613788e-13
1.320714814e-12
9.475284462e-06
3.575735302e-12
2.804981306e-12
9.47526433e-06
5.136524376e-12
4.156766346e-12
9.475185066e-06
1.953168976e-11
1.842904479e-11
9.475067876e-06
2.83322676e-11
2.931224906e-11
9.474411154e-06
1.636534095e-10
1.632625435e-10
9.473377483e-06
2.597969444e-10
2.585098455e-10
9.465563927e-06
1.95268429e-09
1.952256155e-09
4.491237401e-09
9.47535845e-06
1.544771108e-13
-2.741520223e-13
9.475359422e-06
1.162076001e-13
3.494846845e-13
9.475357861e-06
-9.277944676e-13
-1.482438956e-14
9.475358708e-06
3.71815844e-13
-4.714168758e-13
9.475355196e-06
-9.292328486e-13
-2.602276613e-13
9.475355176e-06
1.186556274e-12
1.003383472e-12
9.47535479e-06
2.969129983e-12
6.81507889e-13
9.475345174e-06
3.448737527e-12
1.244180259e-12
9.475338586e-06
4.407568884e-12
2.497310033e-12
9.47531612e-06
1.84150177e-11
1.094494578e-11
9.4753061e-06
1.453472671e-11
1.513871861e-11
9.475234247e-06
1.151954917e-10
6.11440878e-11
9.475295052e-06
7.662450507e-11
6.069648146e-11
9.475866924e-06
8.508543526e-10
2.643103241e-10
2.541861668e-09
9.475318822e-06
-1.082181378e-12
-1.163426807e-13
9.475318569e-06
-2.21696426e-13
5.825864816e-13
9.475318516e-06
1.30164728e-13
-1.27291294e-12
9.475319164e-06
9.306274105e-13
-7.956859365e-13
9.475321377e-06
1.346608849e-12
8.44338709e-13
9.475320995e-06
7.319572606e-13
6.05490252e-13
9.475318409e-06
6.798752812e-13
2.95827493e-13
9.475317526e-06
5.355667702e-12
2.447837104e-12
9.475309642e-06
5.053654922e-12
2.602249319e-12
9.475298505e-06
1.696276773e-11
1.01932521e-11
9.475271991e-06
1.52797154e-11
1.322906113e-11
9.475240058e-06
7.098389755e-11
3.671170745e-11
9.475122282e-06
7.465274176e-11
5.574758911e-11
9.475381024e-06
3.036942326e-10
1.441582121e-10
9.256126731e-10
3.542895799e-10
9.475305157e-06
-1.976138039e-13
-4.212778741e-13
9.475303516e-06
-8.191992477e-13
-1.31996622e-12
9.475303973e-06
-2.140773315e-12
-2.240444956e-12
9.47530459e-06
-2.122038514e-13
-5.327376551e-13
9.475304919e-06
1.366393576e-12
1.812454358e-13
9.475304638e-06
1.102232922e-12
-3.593977494e-13
9.475305496e-06
2.012557218e-12
2.629008787e-13
9.47530199e-06
1.88903702e-12
1.564423804e-12
9.475301246e-06
3.806244767e-12
3.285281048e-12
9.47529825e-06
9.807423909e-12
6.027786391e-12
9.475292385e-06
9.873972579e-12
9.333562191e-12
9.475296379e-06
3.020912217e-11
1.771863921e-11
9.475275296e-06
4.075370361e-11
2.925110238e-11
9.475378733e-06
1.000440719e-10
4.915917219e-11
3.292527884e-10
1.150000206e-10
9.475351144e-06
-1.114830207e-12
9.475348819e-06
-1.162908789e-12
9.475351893e-06
-2.198375093e-13
9.47535178e-06
-4.388338928e-13
9.475348478e-06
-5.272420455e-13
9.475348409e-06
-1.140454281e-12
9.475351174e-06
7.832539796e-14
9.475351589e-06
9.732515517e-13
9.475349556e-06
4.582420903e-13
9.475348482e-06
3.468498688e-12
9.475348337e-06
6.985090732e-12
9.475355843e-06
1.220586594e-11
9.475361e-06
2.105706861e-11
9.475402975e-06
2.772264051e-11
5.759232652e-11
9.475286973e-06
6.095321298e-13
-1.329825101e-12
9.47529075e-06
5.356399596e-13
-1.062374872e-12
9.475287626e-06
-2.554484003e-12
-2.010826457e-12
9.475285365e-06
-1.298525193e-12
-5.00264426e-13
9.475287651e-06
-3.00386173e-13
9.08275219e-13
9.475287174e-06
-1.423630714e-12
6.149809431e-14
9.475291185e-06
-1.873610596e-12
7.443381754e-13
9.475291138e-06
-2.187244826e-12
2.118713211e-12
9.475293173e-06
-3.77906377e-12
1.213541226e-12
9.475298344e-06
-4.958140589e-12
5.389309363e-12
9.475300611e-06
-5.958734665e-12
6.252687463e-12
9.475319296e-06
-1.39929802e-11
1.280905394e-11
9.475335724e-06
-1.604228725e-11
1.883760314e-11
-2.335280246e-11
1.966638905e-11
9.475333306e-06
-3.628083048e-13
-1.301391729e-12
9.47533425e-06
6.076933457e-13
-9.559409802e-13
9.475332902e-06
-3.40026857e-13
-1.386899935e-12
9.475331642e-06
-9.857719256e-13
-7.919219711e-13
9.475332449e-06
-1.479976254e-12
-5.364758131e-13
9.475334878e-06
-1.659226241e-13
-3.398488334e-14
9.475335456e-06
-1.386581981e-12
1.272412939e-13
9.475334418e-06
-4.104663747e-12
1.801459986e-12
9.475338878e-06
-4.146938885e-12
3.835900855e-12
9.475341887e-06
-1.062681138e-11
6.096555561e-12
9.475347634e-06
-7.020879795e-12
7.865487418e-12
9.47536846e-06
-2.990393312e-11
1.758287559e-11
9.475382137e-06
-2.014218548e-11
2.302057229e-11
-6.164797037e-11
2.957457974e-11
9.475323662e-06
-7.147095304e-13
1.280111113e-13
9.47532186e-06
-7.362144312e-13
-1.421888719e-12
9.47532038e-06
-2.592094204e-13
-1.252216035e-12
9.475321674e-06
1.884384481e-13
1.094425637e-13
9.475322358e-06
1.839793748e-13
3.039963465e-13
9.475321023e-06
-1.214052466e-12
6.739486058e-13
9.475320248e-06
-1.512727409e-13
1.708889873e-12
9.475319072e-06
-2.325412818e-12
2.665942805e-12
9.47531773e-06
-1.676254173e-12
3.079667299e-12
9.475319032e-06
-9.851262394e-12
8.957251179e-12
9.475316493e-06
-2.605816202e-12
8.467982964e-12
9.475331686e-06
-3.60954103e-11
3.127883105e-11
9.475332811e-06
2.840728809e-12
3.637663474e-11
-1.416911056e-10
9.168294896e-11
9.475338124e-06
1.952015617e-13
-1.452725179e-13
9.475338452e-06
5.247818867e-13
-1.952932674e-13
9.475337741e-06
7.809588299e-13
-1.734946353e-12
9.475336278e-06
-1.107338015e-12
-1.367210645e-12
9.475336813e-06
-2.969263318e-13
-4.823230786e-13
9.475337557e-06
5.982245819e-14
2.360684426e-13
9.475335377e-06
-4.708400314e-14
4.71408251e-14
9.475334267e-06
-2.605470515e-12
3.470349086e-12
9.47533673e-06
-1.243961591e-12
2.851871434e-12
9.475337615e-06
-1.096827719e-11
9.631743188e-12
9.475358846e-06
-1.229992406e-11
1.764472588e-12
9.475399589e-06
-5.983332384e-11
3.873376159e-11
9.475523595e-06
-5.981288478e-11
-2.152461776e-13
-2.632207677e-10
1.420908151e-10
9.475285024e-06
1.510964774e-12
9.968497044e-13
9.475283019e-06
5.177796663e-13
4.813649948e-13
9.475282397e-06
-1.654130742e-13
-3.497612363e-13
9.475283616e-06
-7.001488984e-13
1.958236248e-13
9.475282455e-06
-6.68001601e-13
4.713539539e-14
9.475282225e-06
-5.643640023e-13
-3.483787591e-13
9.475279507e-06
-7.870830025e-13
7.256332212e-13
9.475274686e-06
2.542164082e-12
4.03277385e-12
9.475266213e-06
3.64822814e-12
4.56536073e-12
9.47524711e-06
1.12346125e-11
1.843321274e-11
9.47523279e-06
1.307204867e-11
1.317407092e-11
9.475161124e-06
6.067558591e-11
1.146858355e-10
9.475224961e-06
6.187028412e-11
7.628016561e-11
2.645094121e-10
8.512430996e-10
9.475382257e-06
2.887798622e-13
-3.118483952e-13
9.475382464e-06
-1.558959308e-13
-7.968312203e-13
9.475379083e-06
-1.032857816e-12
6.149993917e-15
9.475382147e-06
-6.107610049e-14
1.15692846e-12
9.475382447e-06
4.563226195e-13
1.488026574e-12
9.475380146e-06
1.373294507e-12
4.972482201e-13
9.475382453e-06
2.330952364e-12
1.80753783e-12
9.475379351e-06
3.083696221e-12
4.28636636e-12
9.47537963e-06
3.923462816e-12
3.540762958e-12
9.475381682e-06
1.218871049e-11
1.125253383e-11
9.475401867e-06
2.936558232e-12
4.624376222e-12
9.475441979e-06
3.819573908e-11
3.935056695e-11
9.47556547e-06
-1.235988496e-12
-2.17154074e-12
1.412682427e-10
1.402077188e-10
9.475336496e-06
-2.26282349e-12
-8.944564011e-14
9.47533415e-06
-2.441882701e-12
-4.476138005e-13
9.475336831e-06
-3.361195431e-13
2.380261232e-13
9.475338898e-06
1.909788866e-12
1.308729677e-14
9.475338373e-06
3.338690572e-13
-8.236030515e-13
9.475338647e-06
4.552395807e-13
-3.732649017e-13
9.475337561e-06
1.853931708e-14
1.427742939e-13
9.475337844e-06
4.442505712e-12
4.220333798e-12
9.475337757e-06
3.930274662e-12
4.256525335e-12
9.475336073e-06
8.973723905e-12
8.130831227e-12
9.475335021e-06
8.101055566e-12
9.032308283e-12
9.475350941e-06
3.07071682e-11
3.021613584e-11
9.475349019e-06
2.140800391e-11
3.55409302e-11
9.475482808e-06
6.334916023e-11
8.93805547e-11
2.839709092e-10
9.475283842e-06
-6.611141338e-13
-8.154056805e-13
9.475283365e-06
-5.790524972e-13
-5.076082904e-14
9.475284375e-06
-2.020713688e-13
-6.841918757e-13
9.475282798e-06
1.746131154e-13
-1.057483027e-12
9.475283646e-06
1.942698936e-13
-2.071485731e-12
9.475285925e-06
1.165841836e-12
-7.959204284e-13
9.475289285e-06
1.563377695e-12
6.495313497e-13
9.475287755e-06
1.629652348e-12
3.241656188e-12
9.475288565e-06
1.330969462e-12
2.457512189e-12
9.475291409e-06
5.711105911e-12
5.353859539e-12
9.475295218e-06
5.466373952e-12
7.359389724e-12
9.475316806e-06
1.461379294e-11
1.590115274e-11
9.475330573e-06
1.578488127e-11
2.224230299e-11
9.47538932e-06
2.380897313e-11
3.024774159e-11
1.207194755e-10
1.109901549e-10
9.475333357e-06
5.758802152e-13
9.47533258e-06
1.468592539e-12
9.475333823e-06
4.84831458e-13
9.475333085e-06
-2.947718278e-13
9.475332462e-06
-3.014624041e-13
9.475334108e-06
1.354843623e-12
9.475334922e-06
1.605899293e-12
9.475336349e-06
3.034677458e-12
9.475340378e-06
3.025032347e-12
9.475343675e-06
4.318308165e-12
9.475347861e-06
6.781717778e-12
9.475362453e-06
1.226219459e-11
9.475380396e-06
1.99363753e-11
9.475410686e-06
2.161984518e-11
6.064048694e-11
9.475351236e-06
6.036684623e-13
5.414929947e-13
9.475353313e-06
-3.17271613e-13
5.402901463e-13
9.475352773e-06
-1.192358582e-12
-1.528774763e-12
9.47535087e-06
-1.116484708e-12
-2.110397489e-12
9.475352691e-06
-6.614790337e-13
-1.23836105e-12
9.475353633e-06
-1.86468015e-12
7.974991011e-13
9.475354276e-06
-2.120517994e-12
-1.874638968e-13
9.475351508e-06
-3.07780085e-12
1.54905674e-12
9.475356759e-06
-1.959675608e-12
4.53291349e-12
9.475357502e-06
-6.148436407e-12
4.892201443e-12
9.47536348e-06
-6.03213538e-12
8.405539614e-12
9.475374866e-06
-1.218170171e-11
1.211734371e-11
9.475394437e-06
-1.93780788e-11
2.027916933e-11
-2.445076963e-11
2.070245375e-11
9.475384229e-06
1.228757684e-12
7.852918085e-13
9.475384558e-06
3.849641928e-13
9.987852136e-13
9.475384093e-06
-1.069211634e-12
-1.844382169e-12
9.475383209e-06
-8.845033711e-13
-4.977583269e-13
9.475383332e-06
-1.338335213e-12
-8.860709653e-13
9.475383561e-06
1.591046518e-13
8.979353085e-13
9.475385087e-06
-9.488324665e-13
2.349599124e-12
9.47538602e-06
-3.588780681e-12
3.757499483e-12
9.475387287e-06
-4.554451968e-12
4.743424433e-12
9.475389269e-06
-9.012548519e-12
6.868788836e-12
9.475391785e-06
-1.024770786e-11
9.559939541e-12
9.475401936e-06
-2.656132236e-11
1.512636772e-11
9.475419333e-06
-3.429584957e-11
2.367782043e-11
-5.388613277e-11
2.494065561e-11
9.475316732e-06
-1.069809565e-12
-7.183919005e-13
9.475314976e-06
-6.017036963e-13
-1.034584521e-12
9.475315679e-06
1.437472761e-13
-1.064805144e-13
9.475315832e-06
-5.746515311e-14
-9.248880328e-13
9.475316055e-06
-1.343759207e-13
3.37358374e-13
9.475313918e-06
-1.996681335e-12
7.958706369e-13
9.47531364e-06
-2.345344925e-12
1.011311542e-12
9.475313504e-06
-1.713873466e-12
3.712082161e-12
9.475311524e-06
-2.502598973e-12
5.338834748e-12
9.475311015e-06
-8.506342215e-12
9.569066808e-12
9.475306725e-06
-8.323296523e-12
1.23473814e-11
9.475317358e-06
-2.925775017e-11
2.69592072e-11
9.475313733e-06
-3.386397156e-11
3.575353269e-11
-8.956251087e-11
5.647578912e-11
9.475334263e-06
1.911104382e-12
4.010341868e-13
9.475331838e-06
2.147731182e-12
5.634863879e-13
9.475332292e-06
1.018124699e-12
-9.733239697e-13
9.475332361e-06
1.823601084e-13
-8.040296259e-13
9.475330978e-06
7.946901523e-13
-3.030006963e-13
9.475330333e-06
-1.618755106e-13
1.187458007e-12
9.475330583e-06
1.199555492e-12
2.490500418e-12
9.475326935e-06
-1.27508089e-12
3.852697196e-12
9.475325132e-06
-6.211389673e-13
4.210126652e-12
9.475325333e-06
-7.227857826e-12
1.111020074e-11
9.475325045e-06
-9.639698603e-12
9.185957649e-12
9.47533969e-06
-3.645022299e-11
3.135810165e-11
9.475337719e-06
-5.704368225e-11
2.193830276e-11
-1.438259504e-10
6.418320943e-11
9.475309258e-06
-2.483785166e-14
5.703504098e-13
9.475308077e-06
-7.806059697e-13
-1.555338403e-12
9.475307401e-06
8.16460067e-14
-1.473430026e-12
9.475308854e-06
6.927857885e-14
1.609846306e-14
9.475307674e-06
1.251429306e-12
-3.746338155e-13
9.475309844e-06
-1.44484944e-13
3.367905122e-13
9.475307722e-06
3.88391303e-13
1.105516138e-12
9.475302606e-06
3.005585137e-12
3.594871244e-12
9.475293398e-06
3.53108755e-12
4.507660732e-12
9.475283787e-06
8.615536903e-12
1.538256389e-11
9.475256822e-06
1.27943136e-11
1.5130562e-11
9.475225276e-06
3.760782317e-11
7.029501353e-11
9.475112788e-06
5.615666007e-11
7.577645627e-11
1.425965392e-10
3.028757945e-10
9.475351251e-06
3.930149271e-13
4.667078031e-13
9.475350361e-06
9.299703243e-13
-1.121015959e-12
9.475348589e-06
-7.820999841e-13
-1.998752528e-12
9.475347932e-06
-1.514349538e-12
-2.385082745e-13
9.475346608e-06
-9.232995977e-13
-1.547583071e-13
9.475348339e-06
7.384532901e-13
-5.513502516e-13
9.475347556e-06
7.956753873e-13
8.736195858e-13
9.475346585e-06
2.862571444e-12
2.891655269e-12
9.475344918e-06
3.400541047e-12
1.966812563e-12
9.475346483e-06
9.945559898e-12
9.368320586e-12
9.475343272e-06
7.835996481e-12
7.496554346e-12
9.475358419e-06
3.017271158e-11
3.16293388e-11
9.475358503e-06
3.604849521e-11
2.222298338e-11
9.158133591e-11
6.435836087e-11
9.475339785e-06
-1.519999595e-12
-1.079047916e-12
9.47533782e-06
-7.094422026e-13
-1.373609732e-12
9.475336463e-06
-1.179382883e-12
-1.743301165e-12
9.47533823e-06
-5.97716498e-14
-1.721808265e-13
9.475339484e-06
-6.539544318e-13
1.163338537e-13
9.475339569e-06
-2.814403149e-13
-2.128636091e-13
9.47534158e-06
1.436045134e-12
1.945222592e-12
9.475338425e-06
2.509049754e-12
1.445664365e-12
9.475337117e-06
3.428264067e-12
1.710684917e-12
9.475336786e-06
8.736146022e-12
6.990329398e-12
9.475333233e-06
1.038348594e-11
9.79877083e-12
9.475340832e-06
2.428955273e-11
2.361515434e-11
9.475338395e-06
3.53450989e-11
3.631057431e-11
5.680709562e-11
5.675041442e-11
9.475336103e-06
2.103757104e-13
-6.876575703e-13
9.475337344e-06
3.437293088e-13
-7.451253693e-13
9.47533759e-06
5.066789125e-13
6.232311938e-13
9.475336391e-06
9.813194364e-14
6.545934647e-13
9.475337428e-06
1.497045877e-12
3.706713035e-13
9.475339212e-06
2.466389168e-12
1.922419014e-12
9.475340314e-06
1.313943702e-12
9.641949498e-13
9.475338419e-06
1.457929197e-12
-2.770394489e-13
9.475339216e-06
8.228534562e-13
1.233986135e-12
9.475342272e-06
4.084096337e-12
5.123635694e-12
9.475342844e-06
5.296316752e-12
7.25222737e-12
9.475359117e-06
1.424942762e-11
1.444179015e-11
9.475373716e-06
2.09361291e-11
2.207762871e-11
9.475410748e-06
2.438428072e-11
2.523004106e-11
8.411236106e-11
9.475357397e-06
-1.093922323e-12
9.475355053e-06
-3.723941187e-14
9.475355103e-06
7.811210945e-13
9.475357833e-06
3.647287503e-13
9.475356411e-06
1.360083119e-13
9.475358649e-06
6.587066417e-13
9.475361567e-06
4.808708469e-13
9.475358905e-06
1.331476039e-12
9.475363322e-06
2.737013282e-12
9.475366014e-06
4.620378486e-12
9.475369283e-06
7.877911775e-12
9.475382143e-06
1.054168722e-11
9.475401186e-06
1.897636306e-11
9.475425707e-06
1.943597324e-11
4.838146313e-11
9.475333792e-06
6.493755422e-13
-5.513006526e-13
9.475333704e-06
1.889779325e-13
-6.364455887e-13
9.475332528e-06
-1.645311302e-12
6.713884679e-13
9.475333116e-06
1.043349486e-12
1.523219903e-12
9.475334993e-06
-1.213393522e-13
3.636024611e-13
9.475333773e-06
-1.346886694e-12
-9.249397695e-13
9.475340627e-06
5.601792079e-13
5.579213542e-13
9.475341041e-06
-1.141963353e-12
-5.868476291e-13
9.475345201e-06
-1.304527623e-12
1.687328426e-12
9.475350057e-06
-4.158933883e-12
2.347994765e-12
9.475357206e-06
-4.531517432e-12
4.465836563e-12
9.475370187e-06
-7.500046736e-12
6.231824136e-12
9.475391405e-06
-1.268701481e-11
1.092297878e-11
-1.056051732e-11
1.00457817e-11
9.475332429e-06
-5.556871946e-13
-3.295120154e-13
9.475331296e-06
-1.288361636e-12
-1.647280131e-12
9.47533631e-06
-3.423602307e-14
4.078368564e-13
9.475333532e-06
-1.393769192e-12
-2.781999592e-13
9.475335267e-06
-2.567683092e-13
-1.5637085e-13
9.475335621e-06
3.013942049e-13
8.663188529e-13
9.475338295e-06
-1.049779287e-12
1.107234461e-12
9.475337529e-06
-4.015342995e-12
5.99883896e-13
9.475339588e-06
-3.815738069e-12
1.779726389e-12
9.475347883e-06
-5.81129744e-12
4.110454037e-12
9.475353398e-06
-7.53810807e-12
4.741517341e-12
9.475367376e-06
-1.509871658e-11
6.666984969e-12
9.475389463e-06
-2.165794225e-11
1.186224563e-11
-2.243959459e-11
1.17412478e-11
9.47536176e-06
-3.791515244e-13
-6.671150256e-14
9.475361106e-06
5.518644126e-13
-1.301384053e-12
9.475360787e-06
-4.699852369e-13
1.03260028e-12
9.47536048e-06
-1.117285728e-13
-6.249830966e-14
9.475359769e-06
-1.278099806e-12
-6.999365657e-13
9.475358381e-06
-1.297351651e-12
-8.686016136e-13
9.47535923e-06
-1.309207051e-12
-7.951891268e-13
9.475360794e-06
-1.51582916e-12
2.557894622e-12
9.475360867e-06
-3.512172315e-12
2.86112122e-12
9.475364404e-06
-5.786872033e-12
6.320296968e-12
9.475365355e-06
-7.451029442e-12
7.634564954e-12
9.475379578e-06
-1.489100542e-11
1.265186217e-11
9.475393458e-06
-2.036161052e-11
1.981009737e-11
-2.91726241e-11
2.52209314e-11
9.475315886e-06
1.875428772e-12
-4.208404077e-13
9.475313814e-06
-9.478648517e-15
-7.760163385e-13
9.475315163e-06
1.208734545e-12
5.208878239e-13
9.475314482e-06
-5.155229757e-15
9.559198939e-13
9.475315811e-06
3.122458574e-13
1.244592572e-12
9.475314006e-06
-1.390791708e-12
1.807792338e-13
9.475315426e-06
-7.420200323e-14
-1.810845817e-13
9.475315773e-06
-1.052829593e-12
2.69683067e-12
9.475318511e-06
-1.383524436e-12
4.258329421e-12
9.475321955e-06
-5.266179759e-12
6.126339478e-12
9.475325369e-06
-7.976916526e-12
6.168600522e-12
9.475344343e-06
-1.851014948e-11
1.359440031e-11
9.475357232e-06
-2.933556805e-11
1.63309987e-11
-5.071920921e-11
2.483127324e-11
9.475321955e-06
1.303718403e-13
-1.711126821e-12
9.475322275e-06
3.106505263e-13
4.071624398e-13
9.475322983e-06
-5.783508187e-13
4.140019269e-13
9.475322305e-06
-1.018164192e-12
-5.499078976e-13
9.475323595e-06
4.999439986e-13
5.118677089e-13
9.475324192e-06
-1.00684251e-12
1.507814638e-12
9.475323079e-06
3.853457362e-14
7.075747334e-13
9.475322293e-06
1.210030146e-12
2.538799145e-12
9.475319865e-06
2.313270337e-12
3.991003018e-12
9.475318248e-06
5.48148919e-12
9.32487634e-12
9.475309535e-06
9.24281918e-12
8.890935537e-12
9.475312874e-06
1.944028178e-11
3.095033339e-11
9.475289654e-06
3.012614173e-11
4.31541545e-11
5.002624292e-11
1.003744051e-10
9.475310829e-06
-1.025255754e-12
-8.862240683e-13
9.475311789e-06
-4.267678559e-13
4.653824198e-13
9.475312093e-06
3.15106359e-13
7.653013581e-13
9.47531247e-06
1.31974817e-13
7.028012279e-13
9.475310949e-06
-4.696948241e-13
-1.062676936e-12
9.475314664e-06
9.358818356e-13
1.494024499e-12
9.47531493e-06
7.9850341e-13
1.326061993e-12
9.475315525e-06
1.974541969e-12
2.995046235e-12
9.475314853e-06
2.061532303e-12
3.969358445e-12
9.475320055e-06
5.843513299e-12
6.086551778e-12
9.47532174e-06
6.250420916e-12
3.319346648e-12
9.475338203e-06
1.324436818e-11
1.13678003e-11
9.475352167e-06
2.167011041e-11
1.417635239e-11
3.03210086e-11
2.342894288e-11
9.475401143e-06
-2.009852098e-12
1.282942011e-12
9.475402453e-06
-1.777280227e-13
8.102194283e-13
9.475402279e-06
1.315823626e-12
9.52691825e-14
9.475403636e-06
2.020641994e-12
1.794769047e-13
9.475402668e-06
8.876459353e-15
-1.465065431e-12
9.475405929e-06
1.191000717e-12
9.793977747e-13
9.475404958e-06
-5.304618563e-13
1.266713772e-12
9.475404105e-06
8.287684828e-13
2.004858791e-12
9.475406397e-06
3.970576611e-12
3.132672295e-12
9.475409979e-06
6.153126356e-12
4.638666951e-12
9.475410832e-06
7.31379456e-12
4.836138274e-12
9.475427055e-06
1.499561343e-11
1.213438589e-11
9.475440724e-06
2.239675058e-11
2.000812872e-11
2.569606293e-11
2.265922744e-11
9.475398473e-06
5.336064386e-13
1.863485392e-12
9.475397272e-06
1.273497606e-12
1.719191054e-12
9.475396434e-06
2.619596346e-13
6.456487124e-13
9.475395986e-06
1.76797764e-13
-4.213638845e-14
9.475398296e-06
1.45513162e-12
2.112036839e-13
9.47540011e-06
1.024206131e-12
1.010407335e-12
9.475401287e-06
1.189928476e-12
1.310064691e-12
9.475402542e-06
2.79734035e-12
1.729100181e-12
9.475405325e-06
1.612642639e-12
2.468482168e-12
9.475411063e-06
3.260128869e-12
3.392404037e-12
9.47541559e-06
5.174728272e-12
2.454803445e-12
9.475433438e-06
8.458893865e-12
7.573205461e-12
9.47545382e-06
1.346618501e-11
1.317238926e-11
1.063191972e-11
9.363690129e-12
9.47535816e-06
7.821372575e-13
9.475356701e-06
8.403195843e-14
9.475355545e-06
5.407675821e-13
9.475355504e-06
1.094846179e-13
9.475356332e-06
-2.100483438e-13
9.475357229e-06
1.255972748e-12
9.475360035e-06
9.265353054e-13
9.475360685e-06
-1.652214474e-13
9.475363921e-06
7.404960367e-13
9.475371318e-06
2.743209767e-12
9.475377566e-06
3.450748335e-12
9.475394157e-06
7.129194166e-12
9.475413719e-06
1.120744506e-11
9.475434384e-06
1.017349134e-11
9.475371286e-06
4.742898957e-13
9.47537315e-06
-1.205173189e-13
9.475371494e-06
-9.111043807e-13
9.475370249e-06
-1.204784621e-12
9.475371577e-06
-1.122430021e-12
9.475373524e-06
-2.472442174e-13
9.47537699e-06
-2.003320132e-14
9.475376943e-06
-1.187520934e-12
9.475379447e-06
-1.401072735e-12
9.475386085e-06
-4.261012177e-12
9.475394966e-06
-4.889922766e-12
9.475410018e-06
-6.564493305e-12
9.475430366e-06
-1.12319376e-11
-8.957942062e-12
9.475308408e-06
-4.957188669e-13
9.475307687e-06
-2.126845947e-13
9.475308756e-06
5.634549938e-13
9.475309373e-06
7.872981629e-15
9.475311561e-06
-1.277253965e-12
9.475310629e-06
-1.182227707e-12
9.475312539e-06
-2.615724619e-12
9.475315394e-06
-2.85297641e-12
9.475318456e-06
-3.61284898e-12
9.475323586e-06
-3.990083431e-12
9.475328599e-06
-6.003279348e-12
9.475341419e-06
-1.159313391e-11
9.475364581e-06
-1.85579185e-11
-1.818171593e-11
9.475333162e-06
-2.593503608e-13
9.475335177e-06
1.319856053e-12
9.475333628e-06
-1.35427912e-13
9.475331855e-06
4.04993969e-13
9.475335737e-06
2.519867762e-13
9.475333567e-06
-1.199650198e-12
9.47533731e-06
-1.384174825e-12
9.475335912e-06
-1.082342377e-12
9.475339812e-06
-2.254194953e-12
9.475343229e-06
-6.090795295e-12
9.475343182e-06
-7.109194199e-12
9.475359047e-06
-1.206258296e-11
9.475377822e-06
-1.717095797e-11
-1.925072481e-11
9.475355066e-06
1.285119739e-12
9.475355682e-06
1.389114982e-12
9.475355737e-06
7.341970129e-13
9.475354005e-06
-6.150883807e-13
9.475357631e-06
3.298131569e-13
9.475355495e-06
1.396135356e-13
9.475357784e-06
-1.44850826e-14
9.475357147e-06
-9.070457922e-13
9.475358074e-06
-1.720014312e-12
9.475364176e-06
-2.965480362e-12
9.47536567e-06
-8.002158759e-12
9.475383258e-06
-1.234559187e-11
9.475398971e-06
-1.924035716e-11
-2.943237585e-11
9.475365506e-06
2.754331033e-13
9.475364946e-06
-1.51714188e-13
9.475364647e-06
-5.720504258e-13
9.4753654e-06
7.867465741e-13
9.475365908e-06
-2.306937292e-13
9.475365606e-06
-2.203989751e-15
9.475366121e-06
1.309319606e-12
9.475366035e-06
1.080194522e-12
9.475366133e-06
2.502289188e-12
9.475364818e-06
2.817143562e-12
9.475363442e-06
5.831517124e-12
9.47537177e-06
1.141432992e-11
9.47537211e-06
1.841858912e-11
2.702029594e-11
9.475370472e-06
3.350051859e-13
9.475369343e-06
-5.967787217e-13
9.475369766e-06
2.902345823e-13
9.475369064e-06
-6.066535473e-13
9.475370667e-06
-3.506133401e-13
9.475372742e-06
4.870818339e-13
9.475373003e-06
1.221873392e-12
9.475373315e-06
1.748507005e-12
9.475373018e-06
1.369819254e-12
9.475378747e-06
4.644378297e-12
9.475382921e-06
7.171447018e-12
9.475398009e-06
1.205324187e-11
9.475414216e-06
2.007115563e-11
2.007535668e-11
9.475338551e-06
-4.445182388e-13
9.475340482e-06
9.527713977e-13
9.475340781e-06
1.698931216e-12
9.475340808e-06
1.603311298e-12
9.475343167e-06
1.401204885e-12
9.475345674e-06
1.631888714e-12
9.475344815e-06
-9.200851413e-14
9.475345917e-06
1.354996799e-12
9.475348075e-06
3.961124311e-12
9.475351483e-06
5.323436368e-12
9.475356645e-06
6.15158516e-12
9.475371993e-06
1.213672692e-11
9.475388282e-06
1.932552369e-11
2.006472038e-11
9.475312586e-06
-7.913948182e-13
9.475313459e-06
-1.022505734e-12
9.475312924e-06
-2.431348154e-14
9.475313624e-06
-6.88000803e-15
9.475315882e-06
8.254817465e-13
9.475316418e-06
1.726343383e-12
9.47531922e-06
1.028603658e-12
9.475318693e-06
1.215495901e-12
9.475320842e-06
1.022932236e-12
9.475323557e-06
2.438559464e-12
9.475333768e-06
6.796798953e-12
9.475347966e-06
6.820144308e-12
9.475369848e-06
1.088439165e-11
1.111851731e-11
9.475359267e-06
9.475358193e-06
9.475358554e-06
9.475358227e-06
9.475359975e-06
9.475358359e-06
9.475361331e-06
9.475362538e-06
9.475365984e-06
9.475373075e-06
9.475380058e-06
9.475394862e-06
9.475415303e-06
)
;

boundaryField
{
    top
    {
        type            calculated;
        value           uniform 0;
    }
    bottom
    {
        type            calculated;
        value           uniform 0;
    }
    side-walls
    {
        type            calculated;
        value           uniform 0;
    }
    inlet
    {
        type            calculated;
        value           nonuniform List<scalar> 
81
(
-9.475331166e-06
-9.475288277e-06
-9.475339001e-06
-9.47536204e-06
-9.47536252e-06
-9.475331015e-06
-9.475324197e-06
-9.475345909e-06
-9.475331447e-06
-9.475316333e-06
-9.475384683e-06
-9.475378628e-06
-9.475297668e-06
-9.475281467e-06
-9.475327555e-06
-9.475338979e-06
-9.475301332e-06
-9.475329955e-06
-9.475328356e-06
-9.475293743e-06
-9.475308911e-06
-9.475312769e-06
-9.475326253e-06
-9.475343447e-06
-9.475347373e-06
-9.475377168e-06
-9.47535235e-06
-9.475357814e-06
-9.475356622e-06
-9.475349165e-06
-9.475290545e-06
-9.475395569e-06
-9.475359316e-06
-9.475353321e-06
-9.475299332e-06
-9.47535519e-06
-9.47534082e-06
-9.475327072e-06
-9.475311206e-06
-9.475377433e-06
-9.475304397e-06
-9.475358919e-06
-9.475319846e-06
-9.475305646e-06
-9.475351066e-06
-9.475287495e-06
-9.475332245e-06
-9.475323233e-06
-9.475336249e-06
-9.475283533e-06
-9.475382803e-06
-9.47533586e-06
-9.475284259e-06
-9.475332184e-06
-9.475351016e-06
-9.475383767e-06
-9.475316367e-06
-9.475333031e-06
-9.475307435e-06
-9.475350869e-06
-9.475340491e-06
-9.475336127e-06
-9.475356141e-06
-9.475332719e-06
-9.475332448e-06
-9.475361547e-06
-9.475314488e-06
-9.475323394e-06
-9.475312879e-06
-9.475401692e-06
-9.475396618e-06
-9.475356538e-06
-9.475371087e-06
-9.475308324e-06
-9.47533325e-06
-9.475355205e-06
-9.475365118e-06
-9.475370451e-06
-9.475341176e-06
-9.475312645e-06
-9.475358425e-06
)
;
    }
    outlet
    {
        type            calculated;
        value           nonuniform 0();
    }
    procBoundary0to1
    {
        type            processor;
        value           nonuniform List<scalar> 
97
(
9.475454791e-06
-2.319766509e-11
9.475424856e-06
9.475507195e-06
9.475560489e-06
9.475627736e-06
9.475525776e-06
9.475491375e-06
9.47547846e-06
9.475456626e-06
9.475392457e-06
3.726914608e-11
9.475544128e-06
-7.798299222e-11
9.47559511e-06
9.475569667e-06
9.475717957e-06
9.475597091e-06
9.475550292e-06
9.47545973e-06
9.475467661e-06
9.475396587e-06
9.475367805e-06
1.885799628e-10
9.475655609e-06
-3.309292584e-10
9.47578853e-06
9.476301813e-06
9.475820475e-06
9.47569261e-06
9.47559538e-06
9.47551796e-06
9.475432962e-06
9.475456683e-06
9.475493013e-06
5.891330697e-10
9.475731639e-06
-5.947743702e-10
9.476661086e-06
9.475800141e-06
9.475825813e-06
9.475568534e-06
9.475552602e-06
9.475395522e-06
9.475401953e-06
9.475371048e-06
9.475886408e-06
4.489273654e-09
9.490413851e-06
4.4911679e-09
9.476628191e-06
5.958358972e-10
9.476295099e-06
9.47574505e-06
9.475614813e-06
9.475366803e-06
9.475441268e-06
9.475465297e-06
9.475770088e-06
9.475798872e-06
9.475811774e-06
-5.904920516e-10
9.475811974e-06
3.282502725e-10
9.475556306e-06
9.475530442e-06
9.475420368e-06
9.475457296e-06
9.475385851e-06
9.475471622e-06
9.475372849e-06
9.475494681e-06
9.475411506e-06
-1.89922683e-10
9.475552267e-06
7.811728161e-11
9.475520366e-06
9.475413384e-06
9.475414179e-06
9.475429351e-06
9.475413798e-06
9.475395946e-06
9.475413205e-06
9.475477764e-06
9.47547575e-06
-3.661510541e-11
9.475495486e-06
2.495342075e-11
9.475450591e-06
9.475385733e-06
9.475402055e-06
9.475429058e-06
9.47542082e-06
9.475448208e-06
9.475414453e-06
9.475390391e-06
9.475433008e-06
)
;
    }
}


// ************************************************************************* //
