/*--------------------------------*- C++ -*----------------------------------*\
| =========                 |                                                 |
| \\      /  F ield         | OpenFOAM: The Open Source CFD Toolbox           |
|  \\    /   O peration     | Version:  4.x                                   |
|   \\  /    A nd           | Web:      www.OpenFOAM.org                      |
|    \\/     M anipulation  |                                                 |
\*---------------------------------------------------------------------------*/
FoamFile
{
    version     2.0;
    format      ascii;
    class       volScalarField;
    location    "8000";
    object      X_CO;
}
// * * * * * * * * * * * * * * * * * * * * * * * * * * * * * * * * * * * * * //

dimensions      [0 0 0 0 0 0 0];

internalField   nonuniform List<scalar> 
1175
(
0.4000291306
0.4000291306
0.4000291306
0.4000291306
0.4000291306
0.4000291305
0.4000291303
0.4000291296
0.4000291273
0.4000291205
0.4000291012
0.4000290498
0.4000289243
0.4000286469
0.4000281009
0.4000291306
0.4000291306
0.4000291306
0.4000291306
0.4000291306
0.4000291305
0.4000291302
0.4000291292
0.4000291259
0.4000291156
0.4000290852
0.400029001
0.4000287883
0.400028308
0.4000273623
0.4000291306
0.4000291306
0.4000291306
0.4000291306
0.4000291306
0.4000291304
0.40002913
0.4000291285
0.4000291233
0.4000291063
0.4000290534
0.4000289003
0.4000284969
0.4000275592
0.4000257083
0.4000291306
0.4000291306
0.4000291306
0.4000291306
0.4000291305
0.4000291304
0.4000291298
0.4000291277
0.4000291204
0.4000290953
0.4000290139
0.4000287677
0.4000280904
0.4000264614
0.4000232228
0.4000291306
0.4000291306
0.4000291306
0.4000291306
0.4000291305
0.4000291304
0.4000291297
0.4000291274
0.4000291189
0.4000290895
0.4000289918
0.4000286875
0.4000278229
0.4000256771
0.4000213571
0.4000291306
0.4000291306
0.4000291306
0.4000291306
0.4000291305
0.4000291304
0.4000291298
0.4000291277
0.4000291204
0.4000290953
0.4000290139
0.4000287677
0.4000280904
0.4000264614
0.4000232229
0.4000291306
0.4000291306
0.4000291306
0.4000291306
0.4000291306
0.4000291304
0.40002913
0.4000291285
0.4000291233
0.4000291063
0.4000290534
0.4000289003
0.4000284969
0.4000275592
0.4000257084
0.4000291306
0.4000291306
0.4000291306
0.4000291306
0.4000291306
0.4000291305
0.4000291302
0.4000291292
0.4000291259
0.4000291156
0.4000290852
0.400029001
0.4000287883
0.4000283081
0.4000273624
0.4000291306
0.4000291306
0.4000291306
0.4000291306
0.4000291306
0.4000291305
0.4000291303
0.4000291296
0.4000291273
0.4000291205
0.4000291012
0.4000290498
0.4000289243
0.400028647
0.400028101
0.4000291306
0.4000291306
0.4000291306
0.4000291306
0.4000291306
0.4000291305
0.4000291302
0.4000291292
0.4000291259
0.4000291156
0.4000290852
0.400029001
0.4000287883
0.400028308
0.4000291306
0.4000291306
0.4000291306
0.4000291306
0.4000291306
0.4000291304
0.40002913
0.4000291286
0.4000291235
0.4000291068
0.4000290544
0.4000289014
0.4000284947
0.4000275436
0.4000256646
0.4000291306
0.4000291306
0.4000291306
0.4000291306
0.4000291305
0.4000291304
0.4000291297
0.4000291274
0.4000291188
0.4000290887
0.4000289883
0.4000286753
0.4000277907
0.4000256195
0.4000212858
0.4000291306
0.4000291306
0.4000291306
0.4000291306
0.4000291305
0.4000291303
0.4000291294
0.400029126
0.4000291131
0.4000290654
0.4000288965
0.4000283349
0.4000266353
0.4000221981
0.400013121
0.4000291306
0.4000291306
0.4000291306
0.4000291306
0.4000291305
0.4000291303
0.4000291293
0.4000291254
0.4000291101
0.4000290519
0.4000288376
0.4000280891
0.4000256835
0.400018968
0.4000045949
0.4000291306
0.4000291306
0.4000291306
0.4000291306
0.4000291305
0.4000291303
0.4000291294
0.400029126
0.4000291131
0.4000290654
0.4000288966
0.400028335
0.4000266353
0.4000221982
0.4000131214
0.4000291306
0.4000291306
0.4000291306
0.4000291306
0.4000291305
0.4000291304
0.4000291297
0.4000291274
0.4000291188
0.4000290887
0.4000289883
0.4000286753
0.4000277907
0.4000256196
0.4000212861
0.4000291306
0.4000291306
0.4000291306
0.4000291306
0.4000291306
0.4000291304
0.40002913
0.4000291286
0.4000291235
0.4000291068
0.4000290544
0.4000289014
0.4000284948
0.4000275437
0.4000256649
0.4000291306
0.4000291306
0.4000291306
0.4000291306
0.4000291306
0.4000291305
0.4000291302
0.4000291292
0.4000291259
0.4000291156
0.4000290852
0.400029001
0.4000287883
0.4000283081
0.4000273624
0.4000291306
0.4000291306
0.4000291306
0.4000291306
0.4000291306
0.4000291304
0.40002913
0.4000291285
0.4000291233
0.4000291063
0.4000290534
0.4000289003
0.4000284969
0.400027559
0.4000291306
0.4000291306
0.4000291306
0.4000291306
0.4000291305
0.4000291304
0.4000291297
0.4000291274
0.4000291188
0.4000290887
0.4000289883
0.4000286753
0.4000277906
0.4000256193
0.4000291306
0.4000291306
0.4000291306
0.4000291306
0.4000291305
0.4000291303
0.4000291292
0.4000291252
0.4000291095
0.4000290503
0.4000288359
0.4000281084
0.4000258664
0.4000199325
0.4000077428
0.4000291306
0.4000291306
0.4000291306
0.4000291306
0.4000291305
0.4000291301
0.4000291287
0.4000291226
0.4000290974
0.4000289956
0.4000285975
0.4000271182
0.4000220749
0.4000072772
0.3999748407
0.4000291306
0.4000291306
0.4000291306
0.4000291306
0.4000291305
0.4000291301
0.4000291284
0.4000291211
0.4000290902
0.4000289596
0.4000284176
0.4000262423
0.4000180353
0.3999906921
0.3999226931
0.4000291306
0.4000291306
0.4000291306
0.4000291306
0.4000291305
0.4000291301
0.4000291287
0.4000291226
0.4000290974
0.4000289956
0.4000285975
0.4000271182
0.4000220751
0.4000072777
0.3999748423
0.4000291306
0.4000291306
0.4000291306
0.4000291306
0.4000291305
0.4000291303
0.4000291292
0.4000291252
0.4000291095
0.4000290503
0.4000288359
0.4000281084
0.4000258665
0.4000199331
0.4000077443
0.4000291306
0.4000291306
0.4000291306
0.4000291306
0.4000291305
0.4000291304
0.4000291297
0.4000291274
0.4000291188
0.4000290887
0.4000289883
0.4000286753
0.4000277907
0.4000256196
0.4000212861
0.4000291306
0.4000291306
0.4000291306
0.4000291306
0.4000291306
0.4000291304
0.40002913
0.4000291285
0.4000291233
0.4000291063
0.4000290534
0.4000289003
0.4000284969
0.4000275592
0.4000257084
0.4000291306
0.4000291306
0.4000291306
0.4000291306
0.4000291305
0.4000291304
0.4000291298
0.4000291277
0.4000291204
0.4000290953
0.4000290139
0.4000287677
0.4000280903
0.4000264611
0.4000291306
0.4000291306
0.4000291306
0.4000291306
0.4000291305
0.4000291303
0.4000291294
0.400029126
0.4000291131
0.4000290654
0.4000288965
0.4000283349
0.4000266352
0.4000221976
0.4000291306
0.4000291306
0.4000291306
0.4000291306
0.4000291305
0.4000291301
0.4000291287
0.4000291226
0.4000290974
0.4000289956
0.4000285974
0.4000271182
0.4000220747
0.4000072759
0.4000291306
0.4000291306
0.4000291306
0.4000291306
0.4000291305
0.40002913
0.4000291278
0.4000291181
0.4000290752
0.4000288863
0.4000280672
0.4000246241
0.4000110322
0.3999638711
0.3998433914
0.4000291306
0.4000291306
0.4000291306
0.4000291306
0.4000291304
0.4000291299
0.4000291273
0.4000291155
0.4000290607
0.4000288039
0.40002759
0.4000218449
0.3999951174
0.3998786676
0.3994747324
0.4000291306
0.4000291306
0.4000291306
0.4000291306
0.4000291305
0.40002913
0.4000291278
0.4000291181
0.4000290752
0.4000288863
0.4000280672
0.4000246242
0.4000110327
0.3999638735
0.3998434012
0.4000291306
0.4000291306
0.4000291306
0.4000291306
0.4000291305
0.4000291301
0.4000291287
0.4000291226
0.4000290974
0.4000289956
0.4000285975
0.4000271182
0.400022075
0.4000072776
0.3999748422
0.4000291306
0.4000291306
0.4000291306
0.4000291306
0.4000291305
0.4000291303
0.4000291294
0.400029126
0.4000291131
0.4000290654
0.4000288965
0.4000283349
0.4000266353
0.4000221982
0.4000131213
0.4000291306
0.4000291306
0.4000291306
0.4000291306
0.4000291305
0.4000291304
0.4000291298
0.4000291277
0.4000291204
0.4000290953
0.4000290139
0.4000287677
0.4000280904
0.4000264614
0.4000232229
0.4000291306
0.4000291306
0.4000291306
0.4000291306
0.4000291305
0.4000291304
0.4000291297
0.4000291274
0.4000291189
0.4000290895
0.4000289918
0.4000286875
0.4000278228
0.4000256768
0.4000291306
0.4000291306
0.4000291306
0.4000291306
0.4000291305
0.4000291303
0.4000291293
0.4000291254
0.4000291101
0.4000290519
0.4000288376
0.4000280891
0.4000256832
0.4000189671
0.4000291306
0.4000291306
0.4000291306
0.4000291306
0.4000291305
0.4000291301
0.4000291284
0.4000291211
0.4000290902
0.4000289596
0.4000284176
0.4000262421
0.4000180345
0.3999906887
0.4000291306
0.4000291306
0.4000291306
0.4000291306
0.4000291304
0.4000291299
0.4000291273
0.4000291155
0.4000290607
0.4000288039
0.40002759
0.4000218446
0.3999951158
0.3998786569
0.4000291306
0.4000291306
0.4000291306
0.4000291306
0.4000291304
0.4000291298
0.4000291267
0.400029112
0.4000290397
0.4000286716
0.4000267068
0.4000156055
0.3999485497
0.3995126226
0.3964435688
0.4000291306
0.4000291306
0.4000291306
0.4000291306
0.4000291304
0.4000291299
0.4000291273
0.4000291155
0.4000290607
0.4000288039
0.40002759
0.4000218447
0.3999951169
0.3998786656
0.3994747298
0.4000291306
0.4000291306
0.4000291306
0.4000291306
0.4000291305
0.4000291301
0.4000291284
0.4000291211
0.4000290902
0.4000289596
0.4000284176
0.4000262422
0.4000180351
0.3999906914
0.3999226924
0.4000291306
0.4000291306
0.4000291306
0.4000291306
0.4000291305
0.4000291303
0.4000291293
0.4000291254
0.4000291101
0.4000290519
0.4000288376
0.4000280891
0.4000256834
0.4000189679
0.4000045948
0.4000291306
0.4000291306
0.4000291306
0.4000291306
0.4000291305
0.4000291304
0.4000291297
0.4000291274
0.4000291189
0.4000290895
0.4000289918
0.4000286875
0.4000278229
0.4000256771
0.400021357
0.4000291306
0.4000291306
0.4000291306
0.4000291306
0.4000291305
0.4000291304
0.4000291298
0.4000291277
0.4000291204
0.4000290953
0.4000290139
0.4000287677
0.4000280903
0.4000264611
0.4000291306
0.4000291306
0.4000291306
0.4000291306
0.4000291305
0.4000291303
0.4000291294
0.400029126
0.4000291131
0.4000290654
0.4000288965
0.4000283349
0.4000266351
0.4000221976
0.4000291306
0.4000291306
0.4000291306
0.4000291306
0.4000291305
0.4000291301
0.4000291287
0.4000291226
0.4000290974
0.4000289956
0.4000285974
0.4000271181
0.4000220745
0.4000072756
0.4000291306
0.4000291306
0.4000291306
0.4000291306
0.4000291305
0.40002913
0.4000291278
0.4000291181
0.4000290752
0.4000288863
0.4000280672
0.4000246239
0.4000110314
0.3999638679
0.4000291306
0.4000291306
0.4000291306
0.4000291306
0.4000291304
0.4000291299
0.4000291273
0.4000291155
0.4000290607
0.4000288038
0.4000275899
0.4000218444
0.3999951151
0.3998786547
0.4000291306
0.4000291306
0.4000291306
0.4000291306
0.4000291305
0.40002913
0.4000291278
0.4000291181
0.4000290752
0.4000288863
0.4000280672
0.400024624
0.4000110317
0.3999638689
0.4000291306
0.4000291306
0.4000291306
0.4000291306
0.4000291305
0.4000291301
0.4000291287
0.4000291226
0.4000290974
0.4000289956
0.4000285974
0.4000271182
0.4000220747
0.4000072766
0.399974839
0.4000291306
0.4000291306
0.4000291306
0.4000291306
0.4000291305
0.4000291303
0.4000291294
0.400029126
0.4000291131
0.4000290654
0.4000288965
0.4000283349
0.4000266352
0.4000221979
0.4000131207
0.4000291306
0.4000291306
0.4000291306
0.4000291306
0.4000291305
0.4000291304
0.4000291298
0.4000291277
0.4000291204
0.4000290953
0.4000290139
0.4000287677
0.4000280904
0.4000264613
0.4000232227
0.4000291306
0.4000291306
0.4000291306
0.4000291306
0.4000291306
0.4000291304
0.40002913
0.4000291285
0.4000291233
0.4000291063
0.4000290534
0.4000289003
0.4000284969
0.400027559
0.4000291306
0.4000291306
0.4000291306
0.4000291306
0.4000291305
0.4000291304
0.4000291297
0.4000291274
0.4000291188
0.4000290887
0.4000289883
0.4000286753
0.4000277906
0.4000256193
0.4000291306
0.4000291306
0.4000291306
0.4000291306
0.4000291305
0.4000291303
0.4000291292
0.4000291252
0.4000291095
0.4000290502
0.4000288359
0.4000281084
0.4000258662
0.4000199321
0.4000291306
0.4000291306
0.4000291306
0.4000291306
0.4000291305
0.4000291301
0.4000291287
0.4000291226
0.4000290974
0.4000289956
0.4000285974
0.4000271181
0.4000220744
0.4000072756
0.4000291306
0.4000291306
0.4000291306
0.4000291306
0.4000291305
0.4000291301
0.4000291284
0.4000291211
0.4000290902
0.4000289595
0.4000284176
0.4000262421
0.4000180343
0.3999906883
0.4000291306
0.4000291306
0.4000291306
0.4000291306
0.4000291305
0.4000291301
0.4000291287
0.4000291226
0.4000290974
0.4000289956
0.4000285974
0.4000271181
0.4000220745
0.4000072758
0.4000291306
0.4000291306
0.4000291306
0.4000291306
0.4000291305
0.4000291303
0.4000291292
0.4000291252
0.4000291095
0.4000290502
0.4000288359
0.4000281084
0.4000258663
0.4000199322
0.4000291306
0.4000291306
0.4000291306
0.4000291306
0.4000291305
0.4000291304
0.4000291297
0.4000291274
0.4000291188
0.4000290887
0.4000289883
0.4000286753
0.4000277906
0.4000256194
0.4000212855
0.4000291306
0.4000291306
0.4000291306
0.4000291306
0.4000291306
0.4000291304
0.40002913
0.4000291285
0.4000291233
0.4000291063
0.4000290534
0.4000289003
0.4000284969
0.4000275591
0.4000257082
0.4000291306
0.4000291306
0.4000291306
0.4000291306
0.4000291306
0.4000291305
0.4000291302
0.4000291292
0.4000291259
0.4000291156
0.4000290852
0.400029001
0.4000287883
0.400028308
0.4000291306
0.4000291306
0.4000291306
0.4000291306
0.4000291306
0.4000291304
0.40002913
0.4000291286
0.4000291235
0.4000291068
0.4000290544
0.4000289014
0.4000284947
0.4000275435
0.4000291306
0.4000291306
0.4000291306
0.4000291306
0.4000291305
0.4000291304
0.4000291297
0.4000291274
0.4000291188
0.4000290887
0.4000289883
0.4000286753
0.4000277906
0.4000256193
0.4000291306
0.4000291306
0.4000291306
0.4000291306
0.4000291305
0.4000291303
0.4000291294
0.400029126
0.4000291131
0.4000290654
0.4000288965
0.4000283349
0.4000266351
0.4000221975
0.4000291306
0.4000291306
0.4000291306
0.4000291306
0.4000291305
0.4000291303
0.4000291293
0.4000291254
0.4000291101
0.4000290519
0.4000288376
0.400028089
0.4000256832
0.400018967
0.4000291306
0.4000291306
0.4000291306
0.4000291306
0.4000291305
0.4000291303
0.4000291294
0.400029126
0.4000291131
0.4000290654
0.4000288965
0.4000283349
0.4000266351
0.4000221976
0.4000291306
0.4000291306
0.4000291306
0.4000291306
0.4000291305
0.4000291304
0.4000291297
0.4000291274
0.4000291188
0.4000290887
0.4000289883
0.4000286753
0.4000277906
0.4000256193
0.4000291306
0.4000291306
0.4000291306
0.4000291306
0.4000291306
0.4000291304
0.40002913
0.4000291286
0.4000291235
0.4000291068
0.4000290544
0.4000289014
0.4000284947
0.4000275435
0.4000291306
0.4000291306
0.4000291306
0.4000291306
0.4000291306
0.4000291305
0.4000291302
0.4000291292
0.4000291259
0.4000291156
0.4000290852
0.400029001
0.4000287883
0.400028308
0.4000273623
0.4000291306
0.4000291306
0.4000291306
0.4000291306
0.4000291306
0.4000291305
0.4000291303
0.4000291296
0.4000291273
0.4000291205
0.4000291012
0.4000290498
0.4000289243
0.4000286469
0.4000291306
0.4000291306
0.4000291306
0.4000291306
0.4000291306
0.4000291305
0.4000291302
0.4000291292
0.4000291259
0.4000291156
0.4000290852
0.400029001
0.4000287883
0.400028308
0.4000291306
0.4000291306
0.4000291306
0.4000291306
0.4000291306
0.4000291304
0.40002913
0.4000291285
0.4000291233
0.4000291063
0.4000290534
0.4000289003
0.4000284968
0.400027559
0.4000291306
0.4000291306
0.4000291306
0.4000291306
0.4000291305
0.4000291304
0.4000291298
0.4000291277
0.4000291204
0.4000290953
0.4000290139
0.4000287677
0.4000280903
0.4000264611
0.4000291306
0.4000291306
0.4000291306
0.4000291306
0.4000291305
0.4000291304
0.4000291297
0.4000291274
0.4000291189
0.4000290895
0.4000289918
0.4000286875
0.4000278228
0.4000256768
0.4000291306
0.4000291306
0.4000291306
0.4000291306
0.4000291305
0.4000291304
0.4000291298
0.4000291277
0.4000291204
0.4000290953
0.4000290139
0.4000287677
0.4000280903
0.4000264611
0.4000291306
0.4000291306
0.4000291306
0.4000291306
0.4000291306
0.4000291304
0.40002913
0.4000291285
0.4000291233
0.4000291063
0.4000290534
0.4000289003
0.4000284969
0.400027559
0.4000291306
0.4000291306
0.4000291306
0.4000291306
0.4000291306
0.4000291305
0.4000291302
0.4000291292
0.4000291259
0.4000291156
0.4000290852
0.400029001
0.4000287883
0.400028308
0.4000291306
0.4000291306
0.4000291306
0.4000291306
0.4000291306
0.4000291305
0.4000291303
0.4000291296
0.4000291273
0.4000291205
0.4000291012
0.4000290498
0.4000289243
0.4000286469
)
;

boundaryField
{
    top
    {
        type            calculated;
        value           nonuniform List<scalar> 
134
(
0.4000291306
0.4000291306
0.4000291306
0.4000291306
0.4000291306
0.4000291306
0.4000291306
0.4000291306
0.4000291306
0.4000291306
0.4000291306
0.4000291306
0.4000291306
0.4000291306
0.4000291306
0.4000291306
0.4000291306
0.4000291306
0.4000291306
0.4000291306
0.4000291306
0.4000291306
0.4000291306
0.4000291306
0.4000291306
0.4000291306
0.4000291306
0.4000291306
0.4000291306
0.4000291306
0.4000291306
0.4000291306
0.4000291306
0.4000291306
0.4000291306
0.4000291306
0.4000291306
0.4000291306
0.4000291306
0.4000291305
0.4000291305
0.4000291305
0.4000291306
0.4000291306
0.4000291306
0.4000291305
0.4000291305
0.4000291304
0.4000291304
0.4000291304
0.4000291304
0.4000291304
0.4000291305
0.4000291305
0.4000291303
0.4000291302
0.40002913
0.4000291298
0.4000291297
0.4000291298
0.40002913
0.4000291302
0.4000291303
0.4000291296
0.4000291292
0.4000291285
0.4000291277
0.4000291274
0.4000291277
0.4000291285
0.4000291292
0.4000291296
0.4000291273
0.4000291259
0.4000291233
0.4000291204
0.4000291189
0.4000291204
0.4000291233
0.4000291259
0.4000291273
0.4000291205
0.4000291156
0.4000291063
0.4000290953
0.4000290895
0.4000290953
0.4000291063
0.4000291156
0.4000291205
0.4000291012
0.4000290852
0.4000290534
0.4000290139
0.4000289918
0.4000290139
0.4000290534
0.4000290852
0.4000291012
0.4000290498
0.400029001
0.4000289003
0.4000287677
0.4000286875
0.4000287677
0.4000289003
0.400029001
0.4000290498
0.4000289243
0.4000287883
0.4000284969
0.4000280904
0.4000278229
0.4000280904
0.4000284969
0.4000287883
0.4000289243
0.400028647
0.4000283081
0.4000275592
0.4000264614
0.4000256771
0.4000264613
0.4000275591
0.400028308
0.4000286469
0.400028101
0.4000273624
0.4000257084
0.4000232229
0.400021357
0.4000232227
0.4000257082
0.4000273623
)
;
    }
    bottom
    {
        type            calculated;
        value           nonuniform List<scalar> 
127
(
0.4000291306
0.4000291306
0.4000291306
0.4000291306
0.4000291306
0.4000291306
0.4000291306
0.4000291306
0.4000291306
0.4000291306
0.4000291306
0.4000291306
0.4000291306
0.4000291306
0.4000291306
0.4000291306
0.4000291306
0.4000291306
0.4000291306
0.4000291306
0.4000291306
0.4000291306
0.4000291306
0.4000291306
0.4000291306
0.4000291306
0.4000291306
0.4000291306
0.4000291306
0.4000291306
0.4000291306
0.4000291306
0.4000291306
0.4000291306
0.4000291306
0.4000291306
0.4000291306
0.4000291306
0.4000291306
0.4000291305
0.4000291305
0.4000291305
0.4000291306
0.4000291306
0.4000291306
0.4000291305
0.4000291305
0.4000291304
0.4000291304
0.4000291304
0.4000291304
0.4000291304
0.4000291305
0.4000291305
0.4000291303
0.4000291302
0.40002913
0.4000291298
0.4000291297
0.4000291298
0.40002913
0.4000291302
0.4000291303
0.4000291296
0.4000291292
0.4000291285
0.4000291277
0.4000291274
0.4000291277
0.4000291285
0.4000291292
0.4000291296
0.4000291273
0.4000291259
0.4000291233
0.4000291204
0.4000291189
0.4000291204
0.4000291233
0.4000291259
0.4000291273
0.4000291205
0.4000291156
0.4000291063
0.4000290953
0.4000290895
0.4000290953
0.4000291063
0.4000291156
0.4000291205
0.4000291012
0.4000290852
0.4000290534
0.4000290139
0.4000289918
0.4000290139
0.4000290534
0.4000290852
0.4000291012
0.4000290498
0.400029001
0.4000289003
0.4000287677
0.4000286875
0.4000287677
0.4000289003
0.400029001
0.4000290498
0.4000289243
0.4000287883
0.4000284969
0.4000280903
0.4000278228
0.4000280903
0.4000284969
0.4000287883
0.4000289243
0.4000286469
0.400028308
0.400027559
0.4000264611
0.4000256768
0.4000264611
0.400027559
0.400028308
0.4000286469
0.4000281009
)
;
    }
    side-walls
    {
        type            calculated;
        value           nonuniform List<scalar> 
261
(
0.4000291306
0.4000291306
0.4000291306
0.4000291306
0.4000291306
0.4000291306
0.4000291306
0.4000291306
0.4000291306
0.4000291306
0.4000291306
0.4000291306
0.4000291306
0.4000291306
0.4000291306
0.4000291306
0.4000291306
0.4000291306
0.4000291306
0.4000291306
0.4000291306
0.4000291306
0.4000291306
0.4000291306
0.4000291306
0.4000291306
0.4000291306
0.4000291306
0.4000291306
0.4000291306
0.4000291306
0.4000291306
0.4000291306
0.4000291306
0.4000291306
0.4000291306
0.4000291306
0.4000291306
0.4000291306
0.4000291305
0.4000291305
0.4000291305
0.4000291306
0.4000291306
0.4000291306
0.4000291305
0.4000291305
0.4000291304
0.4000291304
0.4000291304
0.4000291304
0.4000291304
0.4000291305
0.4000291305
0.4000291303
0.4000291302
0.40002913
0.4000291298
0.4000291297
0.4000291298
0.40002913
0.4000291302
0.4000291303
0.4000291296
0.4000291292
0.4000291285
0.4000291277
0.4000291274
0.4000291277
0.4000291285
0.4000291292
0.4000291296
0.4000291273
0.4000291259
0.4000291233
0.4000291204
0.4000291189
0.4000291204
0.4000291233
0.4000291259
0.4000291273
0.4000291205
0.4000291156
0.4000291063
0.4000290953
0.4000290895
0.4000290953
0.4000291063
0.4000291156
0.4000291205
0.4000291012
0.4000290852
0.4000290534
0.4000290139
0.4000289918
0.4000290139
0.4000290534
0.4000290852
0.4000291012
0.4000290498
0.400029001
0.4000289003
0.4000287677
0.4000286875
0.4000287677
0.4000289003
0.400029001
0.4000290498
0.4000289243
0.4000287883
0.4000284969
0.4000280904
0.4000278229
0.4000280904
0.4000284969
0.4000287883
0.4000289243
0.4000286469
0.400028308
0.4000275592
0.4000264614
0.4000256771
0.4000264614
0.4000275592
0.4000283081
0.400028647
0.4000281009
0.4000273623
0.4000257083
0.4000232228
0.4000213571
0.4000232229
0.4000257084
0.4000273624
0.400028101
0.4000291306
0.4000291306
0.4000291306
0.4000291306
0.4000291306
0.4000291306
0.4000291306
0.4000291306
0.4000291306
0.4000291306
0.4000291306
0.4000291306
0.4000291306
0.4000291306
0.4000291306
0.4000291306
0.4000291306
0.4000291306
0.4000291306
0.4000291306
0.4000291306
0.4000291306
0.4000291306
0.4000291306
0.4000291306
0.4000291306
0.4000291306
0.4000291306
0.4000291306
0.4000291306
0.4000291306
0.4000291306
0.4000291306
0.4000291306
0.4000291306
0.4000291306
0.4000291306
0.4000291306
0.4000291306
0.4000291305
0.4000291305
0.4000291305
0.4000291306
0.4000291306
0.4000291306
0.4000291305
0.4000291305
0.4000291304
0.4000291304
0.4000291304
0.4000291304
0.4000291304
0.4000291305
0.4000291305
0.4000291303
0.4000291302
0.40002913
0.4000291298
0.4000291297
0.4000291298
0.40002913
0.4000291302
0.4000291303
0.4000291296
0.4000291292
0.4000291285
0.4000291277
0.4000291274
0.4000291277
0.4000291285
0.4000291292
0.4000291296
0.4000291273
0.4000291259
0.4000291233
0.4000291204
0.4000291189
0.4000291204
0.4000291233
0.4000291259
0.4000291273
0.4000291205
0.4000291156
0.4000291063
0.4000290953
0.4000290895
0.4000290953
0.4000291063
0.4000291156
0.4000291205
0.4000291012
0.4000290852
0.4000290534
0.4000290139
0.4000289918
0.4000290139
0.4000290534
0.4000290852
0.4000291012
0.4000290498
0.400029001
0.4000289003
0.4000287677
0.4000286875
0.4000287677
0.4000289003
0.400029001
0.4000290498
0.4000289243
0.4000287883
0.4000284968
0.4000280903
0.4000278228
0.4000280903
0.4000284969
0.4000287883
0.4000289243
0.4000286469
0.400028308
0.400027559
0.4000264611
0.4000256768
0.4000264611
0.400027559
0.400028308
0.4000286469
)
;
    }
    inlet
    {
        type            calculated;
        value           nonuniform List<scalar> 
81
(
0.4000291306
0.4000291306
0.4000291306
0.4000291306
0.4000291306
0.4000291306
0.4000291306
0.4000291306
0.4000291306
0.4000291306
0.4000291306
0.4000291306
0.4000291306
0.4000291306
0.4000291306
0.4000291306
0.4000291306
0.4000291306
0.4000291306
0.4000291306
0.4000291306
0.4000291306
0.4000291306
0.4000291306
0.4000291306
0.4000291306
0.4000291306
0.4000291306
0.4000291306
0.4000291306
0.4000291306
0.4000291306
0.4000291306
0.4000291306
0.4000291306
0.4000291306
0.4000291306
0.4000291306
0.4000291306
0.4000291306
0.4000291306
0.4000291306
0.4000291306
0.4000291306
0.4000291306
0.4000291306
0.4000291306
0.4000291306
0.4000291306
0.4000291306
0.4000291306
0.4000291306
0.4000291306
0.4000291306
0.4000291306
0.4000291306
0.4000291306
0.4000291306
0.4000291306
0.4000291306
0.4000291306
0.4000291306
0.4000291306
0.4000291306
0.4000291306
0.4000291306
0.4000291306
0.4000291306
0.4000291306
0.4000291306
0.4000291306
0.4000291306
0.4000291306
0.4000291306
0.4000291306
0.4000291306
0.4000291306
0.4000291306
0.4000291306
0.4000291306
0.4000291306
)
;
    }
    outlet
    {
        type            calculated;
        value           nonuniform 0();
    }
    procBoundary0to1
    {
        type            processor;
        value           nonuniform List<scalar> 
97
(
0.40002715
0.4000273623
0.4000257622
0.4000226955
0.4000182
0.4000149885
0.4000182001
0.4000226956
0.4000257623
0.4000271501
0.4000273623
0.4000273623
0.4000226319
0.4000212854
0.4000147525
0.4000007407
0.3999875132
0.4000007411
0.4000147528
0.4000226321
0.4000257623
0.4000257082
0.4000212854
0.4000212854
0.3999914631
0.3999748383
0.3999396291
0.3998716954
0.3999396305
0.3999914643
0.4000147528
0.4000226956
0.4000232227
0.4000131206
0.3999748383
0.3999748383
0.3997618026
0.399474704
0.3994125187
0.3997618074
0.3999396304
0.400000741
0.4000182001
0.4000213569
0.400004594
0.3999226884
0.399474704
0.399474704
0.3979067354
0.3994747024
0.399412518
0.3998433928
0.399871695
0.3999875131
0.4000149885
0.4000232227
0.4000131208
0.39997484
0.3998433936
0.3994747024
0.3998433928
0.3998433928
0.3999396292
0.4000077429
0.4000007406
0.4000181999
0.4000257083
0.4000212858
0.4000077434
0.39997484
0.399922688
0.3999748402
0.4000077429
0.4000077429
0.4000147525
0.4000256646
0.4000226955
0.4000273624
0.4000256648
0.4000212858
0.4000131207
0.400004594
0.4000131208
0.4000212858
0.4000256646
0.4000256646
0.4000257622
0.4000281009
0.4000281009
0.4000273624
0.4000257083
0.4000232227
0.4000213569
0.4000232227
0.4000257083
0.4000273623
0.4000281009
)
;
    }
}


// ************************************************************************* //
