/*--------------------------------*- C++ -*----------------------------------*\
| =========                 |                                                 |
| \\      /  F ield         | OpenFOAM: The Open Source CFD Toolbox           |
|  \\    /   O peration     | Version:  4.x                                   |
|   \\  /    A nd           | Web:      www.OpenFOAM.org                      |
|    \\/     M anipulation  |                                                 |
\*---------------------------------------------------------------------------*/
FoamFile
{
    version     2.0;
    format      ascii;
    class       labelList;
    note        "nPoints: 6688 nCells: 4725 nFaces: 16038 nInternalFaces: 12312";
    location    "constant/polyMesh";
    object      neighbour;
}
// * * * * * * * * * * * * * * * * * * * * * * * * * * * * * * * * * * * * * //


12312
(
1
9
675
2025
2
10
676
3
11
677
4
12
678
5
13
679
6
14
680
7
15
681
8
16
682
17
683
10
18
684
2026
11
19
685
12
20
686
13
21
687
14
22
688
15
23
689
16
24
690
17
25
691
26
692
19
27
693
2027
20
28
694
21
29
695
22
30
696
23
31
697
24
32
698
25
33
699
26
34
700
35
701
28
36
702
2028
29
37
703
30
38
704
31
39
705
32
40
706
33
41
707
34
42
708
35
43
709
44
710
37
45
711
2029
38
46
712
39
47
713
40
48
714
41
49
715
42
50
716
43
51
717
44
52
718
53
719
46
54
720
2030
47
55
721
48
56
722
49
57
723
50
58
724
51
59
725
52
60
726
53
61
727
62
728
55
63
729
2031
56
64
730
57
65
731
58
66
732
59
67
733
60
68
734
61
69
735
62
70
736
71
737
64
72
738
2032
65
73
739
66
74
740
67
75
741
68
76
742
69
77
743
70
78
744
71
79
745
80
746
73
81
747
2033
74
82
748
75
83
749
76
84
750
77
85
751
78
86
752
79
87
753
80
88
754
89
755
82
90
756
2034
83
91
757
84
92
758
85
93
759
86
94
760
87
95
761
88
96
762
89
97
763
98
764
91
99
765
2035
92
100
766
93
101
767
94
102
768
95
103
769
96
104
770
97
105
771
98
106
772
107
773
100
108
774
2036
101
109
775
102
110
776
103
111
777
104
112
778
105
113
779
106
114
780
107
115
781
116
782
109
117
783
2037
110
118
784
111
119
785
112
120
786
113
121
787
114
122
788
115
123
789
116
124
790
125
791
118
126
792
2038
119
127
793
120
128
794
121
129
795
122
130
796
123
131
797
124
132
798
125
133
799
134
800
127
135
801
2039
128
136
802
129
137
803
130
138
804
131
139
805
132
140
806
133
141
807
134
142
808
143
809
136
144
810
2040
137
145
811
138
146
812
139
147
813
140
148
814
141
149
815
142
150
816
143
151
817
152
818
145
153
819
2041
146
154
820
147
155
821
148
156
822
149
157
823
150
158
824
151
159
825
152
160
826
161
827
154
162
828
2042
155
163
829
156
164
830
157
165
831
158
166
832
159
167
833
160
168
834
161
169
835
170
836
163
171
837
2043
164
172
838
165
173
839
166
174
840
167
175
841
168
176
842
169
177
843
170
178
844
179
845
172
180
846
2044
173
181
847
174
182
848
175
183
849
176
184
850
177
185
851
178
186
852
179
187
853
188
854
181
189
855
2045
182
190
856
183
191
857
184
192
858
185
193
859
186
194
860
187
195
861
188
196
862
197
863
190
198
864
2046
191
199
865
192
200
866
193
201
867
194
202
868
195
203
869
196
204
870
197
205
871
206
872
199
207
873
2047
200
208
874
201
209
875
202
210
876
203
211
877
204
212
878
205
213
879
206
214
880
215
881
208
216
882
2048
209
217
883
210
218
884
211
219
885
212
220
886
213
221
887
214
222
888
215
223
889
224
890
217
225
891
2049
218
226
892
219
227
893
220
228
894
221
229
895
222
230
896
223
231
897
224
232
898
233
899
226
234
900
2050
227
235
901
228
236
902
229
237
903
230
238
904
231
239
905
232
240
906
233
241
907
242
908
235
243
909
2051
236
244
910
237
245
911
238
246
912
239
247
913
240
248
914
241
249
915
242
250
916
251
917
244
252
918
2052
245
253
919
246
254
920
247
255
921
248
256
922
249
257
923
250
258
924
251
259
925
260
926
253
261
927
2053
254
262
928
255
263
929
256
264
930
257
265
931
258
266
932
259
267
933
260
268
934
269
935
262
270
936
2054
263
271
937
264
272
938
265
273
939
266
274
940
267
275
941
268
276
942
269
277
943
278
944
271
279
945
2055
272
280
946
273
281
947
274
282
948
275
283
949
276
284
950
277
285
951
278
286
952
287
953
280
288
954
2056
281
289
955
282
290
956
283
291
957
284
292
958
285
293
959
286
294
960
287
295
961
296
962
289
297
963
2057
290
298
964
291
299
965
292
300
966
293
301
967
294
302
968
295
303
969
296
304
970
305
971
298
306
972
2058
299
307
973
300
308
974
301
309
975
302
310
976
303
311
977
304
312
978
305
313
979
314
980
307
315
981
2059
308
316
982
309
317
983
310
318
984
311
319
985
312
320
986
313
321
987
314
322
988
323
989
316
324
990
2060
317
325
991
318
326
992
319
327
993
320
328
994
321
329
995
322
330
996
323
331
997
332
998
325
333
999
2061
326
334
1000
327
335
1001
328
336
1002
329
337
1003
330
338
1004
331
339
1005
332
340
1006
341
1007
334
342
1008
2062
335
343
1009
336
344
1010
337
345
1011
338
346
1012
339
347
1013
340
348
1014
341
349
1015
350
1016
343
351
1017
2063
344
352
1018
345
353
1019
346
354
1020
347
355
1021
348
356
1022
349
357
1023
350
358
1024
359
1025
352
360
1026
2064
353
361
1027
354
362
1028
355
363
1029
356
364
1030
357
365
1031
358
366
1032
359
367
1033
368
1034
361
369
1035
2065
362
370
1036
363
371
1037
364
372
1038
365
373
1039
366
374
1040
367
375
1041
368
376
1042
377
1043
370
378
1044
2066
371
379
1045
372
380
1046
373
381
1047
374
382
1048
375
383
1049
376
384
1050
377
385
1051
386
1052
379
387
1053
2067
380
388
1054
381
389
1055
382
390
1056
383
391
1057
384
392
1058
385
393
1059
386
394
1060
395
1061
388
396
1062
2068
389
397
1063
390
398
1064
391
399
1065
392
400
1066
393
401
1067
394
402
1068
395
403
1069
404
1070
397
405
1071
2069
398
406
1072
399
407
1073
400
408
1074
401
409
1075
402
410
1076
403
411
1077
404
412
1078
413
1079
406
414
1080
2070
407
415
1081
408
416
1082
409
417
1083
410
418
1084
411
419
1085
412
420
1086
413
421
1087
422
1088
415
423
1089
2071
416
424
1090
417
425
1091
418
426
1092
419
427
1093
420
428
1094
421
429
1095
422
430
1096
431
1097
424
432
1098
2072
425
433
1099
426
434
1100
427
435
1101
428
436
1102
429
437
1103
430
438
1104
431
439
1105
440
1106
433
441
1107
2073
434
442
1108
435
443
1109
436
444
1110
437
445
1111
438
446
1112
439
447
1113
440
448
1114
449
1115
442
450
1116
2074
443
451
1117
444
452
1118
445
453
1119
446
454
1120
447
455
1121
448
456
1122
449
457
1123
458
1124
451
459
1125
2075
452
460
1126
453
461
1127
454
462
1128
455
463
1129
456
464
1130
457
465
1131
458
466
1132
467
1133
460
468
1134
2076
461
469
1135
462
470
1136
463
471
1137
464
472
1138
465
473
1139
466
474
1140
467
475
1141
476
1142
469
477
1143
2077
470
478
1144
471
479
1145
472
480
1146
473
481
1147
474
482
1148
475
483
1149
476
484
1150
485
1151
478
486
1152
2078
479
487
1153
480
488
1154
481
489
1155
482
490
1156
483
491
1157
484
492
1158
485
493
1159
494
1160
487
495
1161
2079
488
496
1162
489
497
1163
490
498
1164
491
499
1165
492
500
1166
493
501
1167
494
502
1168
503
1169
496
504
1170
2080
497
505
1171
498
506
1172
499
507
1173
500
508
1174
501
509
1175
502
510
1176
503
511
1177
512
1178
505
513
1179
2081
506
514
1180
507
515
1181
508
516
1182
509
517
1183
510
518
1184
511
519
1185
512
520
1186
521
1187
514
522
1188
2082
515
523
1189
516
524
1190
517
525
1191
518
526
1192
519
527
1193
520
528
1194
521
529
1195
530
1196
523
531
1197
2083
524
532
1198
525
533
1199
526
534
1200
527
535
1201
528
536
1202
529
537
1203
530
538
1204
539
1205
532
540
1206
2084
533
541
1207
534
542
1208
535
543
1209
536
544
1210
537
545
1211
538
546
1212
539
547
1213
548
1214
541
549
1215
2085
542
550
1216
543
551
1217
544
552
1218
545
553
1219
546
554
1220
547
555
1221
548
556
1222
557
1223
550
558
1224
2086
551
559
1225
552
560
1226
553
561
1227
554
562
1228
555
563
1229
556
564
1230
557
565
1231
566
1232
559
567
1233
2087
560
568
1234
561
569
1235
562
570
1236
563
571
1237
564
572
1238
565
573
1239
566
574
1240
575
1241
568
576
1242
2088
569
577
1243
570
578
1244
571
579
1245
572
580
1246
573
581
1247
574
582
1248
575
583
1249
584
1250
577
585
1251
2089
578
586
1252
579
587
1253
580
588
1254
581
589
1255
582
590
1256
583
591
1257
584
592
1258
593
1259
586
594
1260
2090
587
595
1261
588
596
1262
589
597
1263
590
598
1264
591
599
1265
592
600
1266
593
601
1267
602
1268
595
603
1269
2091
596
604
1270
597
605
1271
598
606
1272
599
607
1273
600
608
1274
601
609
1275
602
610
1276
611
1277
604
612
1278
2092
605
613
1279
606
614
1280
607
615
1281
608
616
1282
609
617
1283
610
618
1284
611
619
1285
620
1286
613
621
1287
2093
614
622
1288
615
623
1289
616
624
1290
617
625
1291
618
626
1292
619
627
1293
620
628
1294
629
1295
622
630
1296
2094
623
631
1297
624
632
1298
625
633
1299
626
634
1300
627
635
1301
628
636
1302
629
637
1303
638
1304
631
639
1305
2095
632
640
1306
633
641
1307
634
642
1308
635
643
1309
636
644
1310
637
645
1311
638
646
1312
647
1313
640
648
1314
2096
641
649
1315
642
650
1316
643
651
1317
644
652
1318
645
653
1319
646
654
1320
647
655
1321
656
1322
649
657
1323
2097
650
658
1324
651
659
1325
652
660
1326
653
661
1327
654
662
1328
655
663
1329
656
664
1330
665
1331
658
666
1332
2098
659
667
1333
660
668
1334
661
669
1335
662
670
1336
663
671
1337
664
672
1338
665
673
1339
674
1340
667
1341
2099
668
1342
669
1343
670
1344
671
1345
672
1346
673
1347
674
1348
1349
676
684
1350
2250
677
685
1351
678
686
1352
679
687
1353
680
688
1354
681
689
1355
682
690
1356
683
691
1357
692
1358
685
693
1359
2251
686
694
1360
687
695
1361
688
696
1362
689
697
1363
690
698
1364
691
699
1365
692
700
1366
701
1367
694
702
1368
2252
695
703
1369
696
704
1370
697
705
1371
698
706
1372
699
707
1373
700
708
1374
701
709
1375
710
1376
703
711
1377
2253
704
712
1378
705
713
1379
706
714
1380
707
715
1381
708
716
1382
709
717
1383
710
718
1384
719
1385
712
720
1386
2254
713
721
1387
714
722
1388
715
723
1389
716
724
1390
717
725
1391
718
726
1392
719
727
1393
728
1394
721
729
1395
2255
722
730
1396
723
731
1397
724
732
1398
725
733
1399
726
734
1400
727
735
1401
728
736
1402
737
1403
730
738
1404
2256
731
739
1405
732
740
1406
733
741
1407
734
742
1408
735
743
1409
736
744
1410
737
745
1411
746
1412
739
747
1413
2257
740
748
1414
741
749
1415
742
750
1416
743
751
1417
744
752
1418
745
753
1419
746
754
1420
755
1421
748
756
1422
2258
749
757
1423
750
758
1424
751
759
1425
752
760
1426
753
761
1427
754
762
1428
755
763
1429
764
1430
757
765
1431
2259
758
766
1432
759
767
1433
760
768
1434
761
769
1435
762
770
1436
763
771
1437
764
772
1438
773
1439
766
774
1440
2260
767
775
1441
768
776
1442
769
777
1443
770
778
1444
771
779
1445
772
780
1446
773
781
1447
782
1448
775
783
1449
2261
776
784
1450
777
785
1451
778
786
1452
779
787
1453
780
788
1454
781
789
1455
782
790
1456
791
1457
784
792
1458
2262
785
793
1459
786
794
1460
787
795
1461
788
796
1462
789
797
1463
790
798
1464
791
799
1465
800
1466
793
801
1467
2263
794
802
1468
795
803
1469
796
804
1470
797
805
1471
798
806
1472
799
807
1473
800
808
1474
809
1475
802
810
1476
2264
803
811
1477
804
812
1478
805
813
1479
806
814
1480
807
815
1481
808
816
1482
809
817
1483
818
1484
811
819
1485
2265
812
820
1486
813
821
1487
814
822
1488
815
823
1489
816
824
1490
817
825
1491
818
826
1492
827
1493
820
828
1494
2266
821
829
1495
822
830
1496
823
831
1497
824
832
1498
825
833
1499
826
834
1500
827
835
1501
836
1502
829
837
1503
2267
830
838
1504
831
839
1505
832
840
1506
833
841
1507
834
842
1508
835
843
1509
836
844
1510
845
1511
838
846
1512
2268
839
847
1513
840
848
1514
841
849
1515
842
850
1516
843
851
1517
844
852
1518
845
853
1519
854
1520
847
855
1521
2269
848
856
1522
849
857
1523
850
858
1524
851
859
1525
852
860
1526
853
861
1527
854
862
1528
863
1529
856
864
1530
2270
857
865
1531
858
866
1532
859
867
1533
860
868
1534
861
869
1535
862
870
1536
863
871
1537
872
1538
865
873
1539
2271
866
874
1540
867
875
1541
868
876
1542
869
877
1543
870
878
1544
871
879
1545
872
880
1546
881
1547
874
882
1548
2272
875
883
1549
876
884
1550
877
885
1551
878
886
1552
879
887
1553
880
888
1554
881
889
1555
890
1556
883
891
1557
2273
884
892
1558
885
893
1559
886
894
1560
887
895
1561
888
896
1562
889
897
1563
890
898
1564
899
1565
892
900
1566
2274
893
901
1567
894
902
1568
895
903
1569
896
904
1570
897
905
1571
898
906
1572
899
907
1573
908
1574
901
909
1575
2275
902
910
1576
903
911
1577
904
912
1578
905
913
1579
906
914
1580
907
915
1581
908
916
1582
917
1583
910
918
1584
2276
911
919
1585
912
920
1586
913
921
1587
914
922
1588
915
923
1589
916
924
1590
917
925
1591
926
1592
919
927
1593
2277
920
928
1594
921
929
1595
922
930
1596
923
931
1597
924
932
1598
925
933
1599
926
934
1600
935
1601
928
936
1602
2278
929
937
1603
930
938
1604
931
939
1605
932
940
1606
933
941
1607
934
942
1608
935
943
1609
944
1610
937
945
1611
2279
938
946
1612
939
947
1613
940
948
1614
941
949
1615
942
950
1616
943
951
1617
944
952
1618
953
1619
946
954
1620
2280
947
955
1621
948
956
1622
949
957
1623
950
958
1624
951
959
1625
952
960
1626
953
961
1627
962
1628
955
963
1629
2281
956
964
1630
957
965
1631
958
966
1632
959
967
1633
960
968
1634
961
969
1635
962
970
1636
971
1637
964
972
1638
2282
965
973
1639
966
974
1640
967
975
1641
968
976
1642
969
977
1643
970
978
1644
971
979
1645
980
1646
973
981
1647
2283
974
982
1648
975
983
1649
976
984
1650
977
985
1651
978
986
1652
979
987
1653
980
988
1654
989
1655
982
990
1656
2284
983
991
1657
984
992
1658
985
993
1659
986
994
1660
987
995
1661
988
996
1662
989
997
1663
998
1664
991
999
1665
2285
992
1000
1666
993
1001
1667
994
1002
1668
995
1003
1669
996
1004
1670
997
1005
1671
998
1006
1672
1007
1673
1000
1008
1674
2286
1001
1009
1675
1002
1010
1676
1003
1011
1677
1004
1012
1678
1005
1013
1679
1006
1014
1680
1007
1015
1681
1016
1682
1009
1017
1683
2287
1010
1018
1684
1011
1019
1685
1012
1020
1686
1013
1021
1687
1014
1022
1688
1015
1023
1689
1016
1024
1690
1025
1691
1018
1026
1692
2288
1019
1027
1693
1020
1028
1694
1021
1029
1695
1022
1030
1696
1023
1031
1697
1024
1032
1698
1025
1033
1699
1034
1700
1027
1035
1701
2289
1028
1036
1702
1029
1037
1703
1030
1038
1704
1031
1039
1705
1032
1040
1706
1033
1041
1707
1034
1042
1708
1043
1709
1036
1044
1710
2290
1037
1045
1711
1038
1046
1712
1039
1047
1713
1040
1048
1714
1041
1049
1715
1042
1050
1716
1043
1051
1717
1052
1718
1045
1053
1719
2291
1046
1054
1720
1047
1055
1721
1048
1056
1722
1049
1057
1723
1050
1058
1724
1051
1059
1725
1052
1060
1726
1061
1727
1054
1062
1728
2292
1055
1063
1729
1056
1064
1730
1057
1065
1731
1058
1066
1732
1059
1067
1733
1060
1068
1734
1061
1069
1735
1070
1736
1063
1071
1737
2293
1064
1072
1738
1065
1073
1739
1066
1074
1740
1067
1075
1741
1068
1076
1742
1069
1077
1743
1070
1078
1744
1079
1745
1072
1080
1746
2294
1073
1081
1747
1074
1082
1748
1075
1083
1749
1076
1084
1750
1077
1085
1751
1078
1086
1752
1079
1087
1753
1088
1754
1081
1089
1755
2295
1082
1090
1756
1083
1091
1757
1084
1092
1758
1085
1093
1759
1086
1094
1760
1087
1095
1761
1088
1096
1762
1097
1763
1090
1098
1764
2296
1091
1099
1765
1092
1100
1766
1093
1101
1767
1094
1102
1768
1095
1103
1769
1096
1104
1770
1097
1105
1771
1106
1772
1099
1107
1773
2297
1100
1108
1774
1101
1109
1775
1102
1110
1776
1103
1111
1777
1104
1112
1778
1105
1113
1779
1106
1114
1780
1115
1781
1108
1116
1782
2298
1109
1117
1783
1110
1118
1784
1111
1119
1785
1112
1120
1786
1113
1121
1787
1114
1122
1788
1115
1123
1789
1124
1790
1117
1125
1791
2299
1118
1126
1792
1119
1127
1793
1120
1128
1794
1121
1129
1795
1122
1130
1796
1123
1131
1797
1124
1132
1798
1133
1799
1126
1134
1800
2300
1127
1135
1801
1128
1136
1802
1129
1137
1803
1130
1138
1804
1131
1139
1805
1132
1140
1806
1133
1141
1807
1142
1808
1135
1143
1809
2301
1136
1144
1810
1137
1145
1811
1138
1146
1812
1139
1147
1813
1140
1148
1814
1141
1149
1815
1142
1150
1816
1151
1817
1144
1152
1818
2302
1145
1153
1819
1146
1154
1820
1147
1155
1821
1148
1156
1822
1149
1157
1823
1150
1158
1824
1151
1159
1825
1160
1826
1153
1161
1827
2303
1154
1162
1828
1155
1163
1829
1156
1164
1830
1157
1165
1831
1158
1166
1832
1159
1167
1833
1160
1168
1834
1169
1835
1162
1170
1836
2304
1163
1171
1837
1164
1172
1838
1165
1173
1839
1166
1174
1840
1167
1175
1841
1168
1176
1842
1169
1177
1843
1178
1844
1171
1179
1845
2305
1172
1180
1846
1173
1181
1847
1174
1182
1848
1175
1183
1849
1176
1184
1850
1177
1185
1851
1178
1186
1852
1187
1853
1180
1188
1854
2306
1181
1189
1855
1182
1190
1856
1183
1191
1857
1184
1192
1858
1185
1193
1859
1186
1194
1860
1187
1195
1861
1196
1862
1189
1197
1863
2307
1190
1198
1864
1191
1199
1865
1192
1200
1866
1193
1201
1867
1194
1202
1868
1195
1203
1869
1196
1204
1870
1205
1871
1198
1206
1872
2308
1199
1207
1873
1200
1208
1874
1201
1209
1875
1202
1210
1876
1203
1211
1877
1204
1212
1878
1205
1213
1879
1214
1880
1207
1215
1881
2309
1208
1216
1882
1209
1217
1883
1210
1218
1884
1211
1219
1885
1212
1220
1886
1213
1221
1887
1214
1222
1888
1223
1889
1216
1224
1890
2310
1217
1225
1891
1218
1226
1892
1219
1227
1893
1220
1228
1894
1221
1229
1895
1222
1230
1896
1223
1231
1897
1232
1898
1225
1233
1899
2311
1226
1234
1900
1227
1235
1901
1228
1236
1902
1229
1237
1903
1230
1238
1904
1231
1239
1905
1232
1240
1906
1241
1907
1234
1242
1908
2312
1235
1243
1909
1236
1244
1910
1237
1245
1911
1238
1246
1912
1239
1247
1913
1240
1248
1914
1241
1249
1915
1250
1916
1243
1251
1917
2313
1244
1252
1918
1245
1253
1919
1246
1254
1920
1247
1255
1921
1248
1256
1922
1249
1257
1923
1250
1258
1924
1259
1925
1252
1260
1926
2314
1253
1261
1927
1254
1262
1928
1255
1263
1929
1256
1264
1930
1257
1265
1931
1258
1266
1932
1259
1267
1933
1268
1934
1261
1269
1935
2315
1262
1270
1936
1263
1271
1937
1264
1272
1938
1265
1273
1939
1266
1274
1940
1267
1275
1941
1268
1276
1942
1277
1943
1270
1278
1944
2316
1271
1279
1945
1272
1280
1946
1273
1281
1947
1274
1282
1948
1275
1283
1949
1276
1284
1950
1277
1285
1951
1286
1952
1279
1287
1953
2317
1280
1288
1954
1281
1289
1955
1282
1290
1956
1283
1291
1957
1284
1292
1958
1285
1293
1959
1286
1294
1960
1295
1961
1288
1296
1962
2318
1289
1297
1963
1290
1298
1964
1291
1299
1965
1292
1300
1966
1293
1301
1967
1294
1302
1968
1295
1303
1969
1304
1970
1297
1305
1971
2319
1298
1306
1972
1299
1307
1973
1300
1308
1974
1301
1309
1975
1302
1310
1976
1303
1311
1977
1304
1312
1978
1313
1979
1306
1314
1980
2320
1307
1315
1981
1308
1316
1982
1309
1317
1983
1310
1318
1984
1311
1319
1985
1312
1320
1986
1313
1321
1987
1322
1988
1315
1323
1989
2321
1316
1324
1990
1317
1325
1991
1318
1326
1992
1319
1327
1993
1320
1328
1994
1321
1329
1995
1322
1330
1996
1331
1997
1324
1332
1998
2322
1325
1333
1999
1326
1334
2000
1327
1335
2001
1328
1336
2002
1329
1337
2003
1330
1338
2004
1331
1339
2005
1340
2006
1333
1341
2007
2323
1334
1342
2008
1335
1343
2009
1336
1344
2010
1337
1345
2011
1338
1346
2012
1339
1347
2013
1340
1348
2014
1349
2015
1342
2016
2324
1343
2017
1344
2018
1345
2019
1346
2020
1347
2021
1348
2022
1349
2023
2024
1351
1359
2475
1352
1360
1353
1361
1354
1362
1355
1363
1356
1364
1357
1365
1358
1366
1367
1360
1368
2476
1361
1369
1362
1370
1363
1371
1364
1372
1365
1373
1366
1374
1367
1375
1376
1369
1377
2477
1370
1378
1371
1379
1372
1380
1373
1381
1374
1382
1375
1383
1376
1384
1385
1378
1386
2478
1379
1387
1380
1388
1381
1389
1382
1390
1383
1391
1384
1392
1385
1393
1394
1387
1395
2479
1388
1396
1389
1397
1390
1398
1391
1399
1392
1400
1393
1401
1394
1402
1403
1396
1404
2480
1397
1405
1398
1406
1399
1407
1400
1408
1401
1409
1402
1410
1403
1411
1412
1405
1413
2481
1406
1414
1407
1415
1408
1416
1409
1417
1410
1418
1411
1419
1412
1420
1421
1414
1422
2482
1415
1423
1416
1424
1417
1425
1418
1426
1419
1427
1420
1428
1421
1429
1430
1423
1431
2483
1424
1432
1425
1433
1426
1434
1427
1435
1428
1436
1429
1437
1430
1438
1439
1432
1440
2484
1433
1441
1434
1442
1435
1443
1436
1444
1437
1445
1438
1446
1439
1447
1448
1441
1449
2485
1442
1450
1443
1451
1444
1452
1445
1453
1446
1454
1447
1455
1448
1456
1457
1450
1458
2486
1451
1459
1452
1460
1453
1461
1454
1462
1455
1463
1456
1464
1457
1465
1466
1459
1467
2487
1460
1468
1461
1469
1462
1470
1463
1471
1464
1472
1465
1473
1466
1474
1475
1468
1476
2488
1469
1477
1470
1478
1471
1479
1472
1480
1473
1481
1474
1482
1475
1483
1484
1477
1485
2489
1478
1486
1479
1487
1480
1488
1481
1489
1482
1490
1483
1491
1484
1492
1493
1486
1494
2490
1487
1495
1488
1496
1489
1497
1490
1498
1491
1499
1492
1500
1493
1501
1502
1495
1503
2491
1496
1504
1497
1505
1498
1506
1499
1507
1500
1508
1501
1509
1502
1510
1511
1504
1512
2492
1505
1513
1506
1514
1507
1515
1508
1516
1509
1517
1510
1518
1511
1519
1520
1513
1521
2493
1514
1522
1515
1523
1516
1524
1517
1525
1518
1526
1519
1527
1520
1528
1529
1522
1530
2494
1523
1531
1524
1532
1525
1533
1526
1534
1527
1535
1528
1536
1529
1537
1538
1531
1539
2495
1532
1540
1533
1541
1534
1542
1535
1543
1536
1544
1537
1545
1538
1546
1547
1540
1548
2496
1541
1549
1542
1550
1543
1551
1544
1552
1545
1553
1546
1554
1547
1555
1556
1549
1557
2497
1550
1558
1551
1559
1552
1560
1553
1561
1554
1562
1555
1563
1556
1564
1565
1558
1566
2498
1559
1567
1560
1568
1561
1569
1562
1570
1563
1571
1564
1572
1565
1573
1574
1567
1575
2499
1568
1576
1569
1577
1570
1578
1571
1579
1572
1580
1573
1581
1574
1582
1583
1576
1584
2500
1577
1585
1578
1586
1579
1587
1580
1588
1581
1589
1582
1590
1583
1591
1592
1585
1593
2501
1586
1594
1587
1595
1588
1596
1589
1597
1590
1598
1591
1599
1592
1600
1601
1594
1602
2502
1595
1603
1596
1604
1597
1605
1598
1606
1599
1607
1600
1608
1601
1609
1610
1603
1611
2503
1604
1612
1605
1613
1606
1614
1607
1615
1608
1616
1609
1617
1610
1618
1619
1612
1620
2504
1613
1621
1614
1622
1615
1623
1616
1624
1617
1625
1618
1626
1619
1627
1628
1621
1629
2505
1622
1630
1623
1631
1624
1632
1625
1633
1626
1634
1627
1635
1628
1636
1637
1630
1638
2506
1631
1639
1632
1640
1633
1641
1634
1642
1635
1643
1636
1644
1637
1645
1646
1639
1647
2507
1640
1648
1641
1649
1642
1650
1643
1651
1644
1652
1645
1653
1646
1654
1655
1648
1656
2508
1649
1657
1650
1658
1651
1659
1652
1660
1653
1661
1654
1662
1655
1663
1664
1657
1665
2509
1658
1666
1659
1667
1660
1668
1661
1669
1662
1670
1663
1671
1664
1672
1673
1666
1674
2510
1667
1675
1668
1676
1669
1677
1670
1678
1671
1679
1672
1680
1673
1681
1682
1675
1683
2511
1676
1684
1677
1685
1678
1686
1679
1687
1680
1688
1681
1689
1682
1690
1691
1684
1692
2512
1685
1693
1686
1694
1687
1695
1688
1696
1689
1697
1690
1698
1691
1699
1700
1693
1701
2513
1694
1702
1695
1703
1696
1704
1697
1705
1698
1706
1699
1707
1700
1708
1709
1702
1710
2514
1703
1711
1704
1712
1705
1713
1706
1714
1707
1715
1708
1716
1709
1717
1718
1711
1719
2515
1712
1720
1713
1721
1714
1722
1715
1723
1716
1724
1717
1725
1718
1726
1727
1720
1728
2516
1721
1729
1722
1730
1723
1731
1724
1732
1725
1733
1726
1734
1727
1735
1736
1729
1737
2517
1730
1738
1731
1739
1732
1740
1733
1741
1734
1742
1735
1743
1736
1744
1745
1738
1746
2518
1739
1747
1740
1748
1741
1749
1742
1750
1743
1751
1744
1752
1745
1753
1754
1747
1755
2519
1748
1756
1749
1757
1750
1758
1751
1759
1752
1760
1753
1761
1754
1762
1763
1756
1764
2520
1757
1765
1758
1766
1759
1767
1760
1768
1761
1769
1762
1770
1763
1771
1772
1765
1773
2521
1766
1774
1767
1775
1768
1776
1769
1777
1770
1778
1771
1779
1772
1780
1781
1774
1782
2522
1775
1783
1776
1784
1777
1785
1778
1786
1779
1787
1780
1788
1781
1789
1790
1783
1791
2523
1784
1792
1785
1793
1786
1794
1787
1795
1788
1796
1789
1797
1790
1798
1799
1792
1800
2524
1793
1801
1794
1802
1795
1803
1796
1804
1797
1805
1798
1806
1799
1807
1808
1801
1809
2525
1802
1810
1803
1811
1804
1812
1805
1813
1806
1814
1807
1815
1808
1816
1817
1810
1818
2526
1811
1819
1812
1820
1813
1821
1814
1822
1815
1823
1816
1824
1817
1825
1826
1819
1827
2527
1820
1828
1821
1829
1822
1830
1823
1831
1824
1832
1825
1833
1826
1834
1835
1828
1836
2528
1829
1837
1830
1838
1831
1839
1832
1840
1833
1841
1834
1842
1835
1843
1844
1837
1845
2529
1838
1846
1839
1847
1840
1848
1841
1849
1842
1850
1843
1851
1844
1852
1853
1846
1854
2530
1847
1855
1848
1856
1849
1857
1850
1858
1851
1859
1852
1860
1853
1861
1862
1855
1863
2531
1856
1864
1857
1865
1858
1866
1859
1867
1860
1868
1861
1869
1862
1870
1871
1864
1872
2532
1865
1873
1866
1874
1867
1875
1868
1876
1869
1877
1870
1878
1871
1879
1880
1873
1881
2533
1874
1882
1875
1883
1876
1884
1877
1885
1878
1886
1879
1887
1880
1888
1889
1882
1890
2534
1883
1891
1884
1892
1885
1893
1886
1894
1887
1895
1888
1896
1889
1897
1898
1891
1899
2535
1892
1900
1893
1901
1894
1902
1895
1903
1896
1904
1897
1905
1898
1906
1907
1900
1908
2536
1901
1909
1902
1910
1903
1911
1904
1912
1905
1913
1906
1914
1907
1915
1916
1909
1917
2537
1910
1918
1911
1919
1912
1920
1913
1921
1914
1922
1915
1923
1916
1924
1925
1918
1926
2538
1919
1927
1920
1928
1921
1929
1922
1930
1923
1931
1924
1932
1925
1933
1934
1927
1935
2539
1928
1936
1929
1937
1930
1938
1931
1939
1932
1940
1933
1941
1934
1942
1943
1936
1944
2540
1937
1945
1938
1946
1939
1947
1940
1948
1941
1949
1942
1950
1943
1951
1952
1945
1953
2541
1946
1954
1947
1955
1948
1956
1949
1957
1950
1958
1951
1959
1952
1960
1961
1954
1962
2542
1955
1963
1956
1964
1957
1965
1958
1966
1959
1967
1960
1968
1961
1969
1970
1963
1971
2543
1964
1972
1965
1973
1966
1974
1967
1975
1968
1976
1969
1977
1970
1978
1979
1972
1980
2544
1973
1981
1974
1982
1975
1983
1976
1984
1977
1985
1978
1986
1979
1987
1988
1981
1989
2545
1982
1990
1983
1991
1984
1992
1985
1993
1986
1994
1987
1995
1988
1996
1997
1990
1998
2546
1991
1999
1992
2000
1993
2001
1994
2002
1995
2003
1996
2004
1997
2005
2006
1999
2007
2547
2000
2008
2001
2009
2002
2010
2003
2011
2004
2012
2005
2013
2006
2014
2015
2008
2016
2548
2009
2017
2010
2018
2011
2019
2012
2020
2013
2021
2014
2022
2015
2023
2024
2017
2549
2018
2019
2020
2021
2022
2023
2024
2026
2100
2250
2027
2101
2251
2028
2102
2252
2029
2103
2253
2030
2104
2254
2031
2105
2255
2032
2106
2256
2033
2107
2257
2034
2108
2258
2035
2109
2259
2036
2110
2260
2037
2111
2261
2038
2112
2262
2039
2113
2263
2040
2114
2264
2041
2115
2265
2042
2116
2266
2043
2117
2267
2044
2118
2268
2045
2119
2269
2046
2120
2270
2047
2121
2271
2048
2122
2272
2049
2123
2273
2050
2124
2274
2051
2125
2275
2052
2126
2276
2053
2127
2277
2054
2128
2278
2055
2129
2279
2056
2130
2280
2057
2131
2281
2058
2132
2282
2059
2133
2283
2060
2134
2284
2061
2135
2285
2062
2136
2286
2063
2137
2287
2064
2138
2288
2065
2139
2289
2066
2140
2290
2067
2141
2291
2068
2142
2292
2069
2143
2293
2070
2144
2294
2071
2145
2295
2072
2146
2296
2073
2147
2297
2074
2148
2298
2075
2149
2299
2076
2150
2300
2077
2151
2301
2078
2152
2302
2079
2153
2303
2080
2154
2304
2081
2155
2305
2082
2156
2306
2083
2157
2307
2084
2158
2308
2085
2159
2309
2086
2160
2310
2087
2161
2311
2088
2162
2312
2089
2163
2313
2090
2164
2314
2091
2165
2315
2092
2166
2316
2093
2167
2317
2094
2168
2318
2095
2169
2319
2096
2170
2320
2097
2171
2321
2098
2172
2322
2099
2173
2323
2174
2324
2101
2175
2325
2102
2176
2326
2103
2177
2327
2104
2178
2328
2105
2179
2329
2106
2180
2330
2107
2181
2331
2108
2182
2332
2109
2183
2333
2110
2184
2334
2111
2185
2335
2112
2186
2336
2113
2187
2337
2114
2188
2338
2115
2189
2339
2116
2190
2340
2117
2191
2341
2118
2192
2342
2119
2193
2343
2120
2194
2344
2121
2195
2345
2122
2196
2346
2123
2197
2347
2124
2198
2348
2125
2199
2349
2126
2200
2350
2127
2201
2351
2128
2202
2352
2129
2203
2353
2130
2204
2354
2131
2205
2355
2132
2206
2356
2133
2207
2357
2134
2208
2358
2135
2209
2359
2136
2210
2360
2137
2211
2361
2138
2212
2362
2139
2213
2363
2140
2214
2364
2141
2215
2365
2142
2216
2366
2143
2217
2367
2144
2218
2368
2145
2219
2369
2146
2220
2370
2147
2221
2371
2148
2222
2372
2149
2223
2373
2150
2224
2374
2151
2225
2375
2152
2226
2376
2153
2227
2377
2154
2228
2378
2155
2229
2379
2156
2230
2380
2157
2231
2381
2158
2232
2382
2159
2233
2383
2160
2234
2384
2161
2235
2385
2162
2236
2386
2163
2237
2387
2164
2238
2388
2165
2239
2389
2166
2240
2390
2167
2241
2391
2168
2242
2392
2169
2243
2393
2170
2244
2394
2171
2245
2395
2172
2246
2396
2173
2247
2397
2174
2248
2398
2249
2399
2176
2400
2700
2177
2401
2701
2178
2402
2702
2179
2403
2703
2180
2404
2704
2181
2405
2705
2182
2406
2706
2183
2407
2707
2184
2408
2708
2185
2409
2709
2186
2410
2710
2187
2411
2711
2188
2412
2712
2189
2413
2713
2190
2414
2714
2191
2415
2715
2192
2416
2716
2193
2417
2717
2194
2418
2718
2195
2419
2719
2196
2420
2720
2197
2421
2721
2198
2422
2722
2199
2423
2723
2200
2424
2724
2201
2425
2725
2202
2426
2726
2203
2427
2727
2204
2428
2728
2205
2429
2729
2206
2430
2730
2207
2431
2731
2208
2432
2732
2209
2433
2733
2210
2434
2734
2211
2435
2735
2212
2436
2736
2213
2437
2737
2214
2438
2738
2215
2439
2739
2216
2440
2740
2217
2441
2741
2218
2442
2742
2219
2443
2743
2220
2444
2744
2221
2445
2745
2222
2446
2746
2223
2447
2747
2224
2448
2748
2225
2449
2749
2226
2450
2750
2227
2451
2751
2228
2452
2752
2229
2453
2753
2230
2454
2754
2231
2455
2755
2232
2456
2756
2233
2457
2757
2234
2458
2758
2235
2459
2759
2236
2460
2760
2237
2461
2761
2238
2462
2762
2239
2463
2763
2240
2464
2764
2241
2465
2765
2242
2466
2766
2243
2467
2767
2244
2468
2768
2245
2469
2769
2246
2470
2770
2247
2471
2771
2248
2472
2772
2249
2473
2773
2474
2774
2251
2325
2475
2252
2326
2476
2253
2327
2477
2254
2328
2478
2255
2329
2479
2256
2330
2480
2257
2331
2481
2258
2332
2482
2259
2333
2483
2260
2334
2484
2261
2335
2485
2262
2336
2486
2263
2337
2487
2264
2338
2488
2265
2339
2489
2266
2340
2490
2267
2341
2491
2268
2342
2492
2269
2343
2493
2270
2344
2494
2271
2345
2495
2272
2346
2496
2273
2347
2497
2274
2348
2498
2275
2349
2499
2276
2350
2500
2277
2351
2501
2278
2352
2502
2279
2353
2503
2280
2354
2504
2281
2355
2505
2282
2356
2506
2283
2357
2507
2284
2358
2508
2285
2359
2509
2286
2360
2510
2287
2361
2511
2288
2362
2512
2289
2363
2513
2290
2364
2514
2291
2365
2515
2292
2366
2516
2293
2367
2517
2294
2368
2518
2295
2369
2519
2296
2370
2520
2297
2371
2521
2298
2372
2522
2299
2373
2523
2300
2374
2524
2301
2375
2525
2302
2376
2526
2303
2377
2527
2304
2378
2528
2305
2379
2529
2306
2380
2530
2307
2381
2531
2308
2382
2532
2309
2383
2533
2310
2384
2534
2311
2385
2535
2312
2386
2536
2313
2387
2537
2314
2388
2538
2315
2389
2539
2316
2390
2540
2317
2391
2541
2318
2392
2542
2319
2393
2543
2320
2394
2544
2321
2395
2545
2322
2396
2546
2323
2397
2547
2324
2398
2548
2399
2549
2326
2400
2550
2327
2401
2551
2328
2402
2552
2329
2403
2553
2330
2404
2554
2331
2405
2555
2332
2406
2556
2333
2407
2557
2334
2408
2558
2335
2409
2559
2336
2410
2560
2337
2411
2561
2338
2412
2562
2339
2413
2563
2340
2414
2564
2341
2415
2565
2342
2416
2566
2343
2417
2567
2344
2418
2568
2345
2419
2569
2346
2420
2570
2347
2421
2571
2348
2422
2572
2349
2423
2573
2350
2424
2574
2351
2425
2575
2352
2426
2576
2353
2427
2577
2354
2428
2578
2355
2429
2579
2356
2430
2580
2357
2431
2581
2358
2432
2582
2359
2433
2583
2360
2434
2584
2361
2435
2585
2362
2436
2586
2363
2437
2587
2364
2438
2588
2365
2439
2589
2366
2440
2590
2367
2441
2591
2368
2442
2592
2369
2443
2593
2370
2444
2594
2371
2445
2595
2372
2446
2596
2373
2447
2597
2374
2448
2598
2375
2449
2599
2376
2450
2600
2377
2451
2601
2378
2452
2602
2379
2453
2603
2380
2454
2604
2381
2455
2605
2382
2456
2606
2383
2457
2607
2384
2458
2608
2385
2459
2609
2386
2460
2610
2387
2461
2611
2388
2462
2612
2389
2463
2613
2390
2464
2614
2391
2465
2615
2392
2466
2616
2393
2467
2617
2394
2468
2618
2395
2469
2619
2396
2470
2620
2397
2471
2621
2398
2472
2622
2399
2473
2623
2474
2624
2401
2625
3375
2402
2626
3376
2403
2627
3377
2404
2628
3378
2405
2629
3379
2406
2630
3380
2407
2631
3381
2408
2632
3382
2409
2633
3383
2410
2634
3384
2411
2635
3385
2412
2636
3386
2413
2637
3387
2414
2638
3388
2415
2639
3389
2416
2640
3390
2417
2641
3391
2418
2642
3392
2419
2643
3393
2420
2644
3394
2421
2645
3395
2422
2646
3396
2423
2647
3397
2424
2648
3398
2425
2649
3399
2426
2650
3400
2427
2651
3401
2428
2652
3402
2429
2653
3403
2430
2654
3404
2431
2655
3405
2432
2656
3406
2433
2657
3407
2434
2658
3408
2435
2659
3409
2436
2660
3410
2437
2661
3411
2438
2662
3412
2439
2663
3413
2440
2664
3414
2441
2665
3415
2442
2666
3416
2443
2667
3417
2444
2668
3418
2445
2669
3419
2446
2670
3420
2447
2671
3421
2448
2672
3422
2449
2673
3423
2450
2674
3424
2451
2675
3425
2452
2676
3426
2453
2677
3427
2454
2678
3428
2455
2679
3429
2456
2680
3430
2457
2681
3431
2458
2682
3432
2459
2683
3433
2460
2684
3434
2461
2685
3435
2462
2686
3436
2463
2687
3437
2464
2688
3438
2465
2689
3439
2466
2690
3440
2467
2691
3441
2468
2692
3442
2469
2693
3443
2470
2694
3444
2471
2695
3445
2472
2696
3446
2473
2697
3447
2474
2698
3448
2699
3449
2476
2550
2477
2551
2478
2552
2479
2553
2480
2554
2481
2555
2482
2556
2483
2557
2484
2558
2485
2559
2486
2560
2487
2561
2488
2562
2489
2563
2490
2564
2491
2565
2492
2566
2493
2567
2494
2568
2495
2569
2496
2570
2497
2571
2498
2572
2499
2573
2500
2574
2501
2575
2502
2576
2503
2577
2504
2578
2505
2579
2506
2580
2507
2581
2508
2582
2509
2583
2510
2584
2511
2585
2512
2586
2513
2587
2514
2588
2515
2589
2516
2590
2517
2591
2518
2592
2519
2593
2520
2594
2521
2595
2522
2596
2523
2597
2524
2598
2525
2599
2526
2600
2527
2601
2528
2602
2529
2603
2530
2604
2531
2605
2532
2606
2533
2607
2534
2608
2535
2609
2536
2610
2537
2611
2538
2612
2539
2613
2540
2614
2541
2615
2542
2616
2543
2617
2544
2618
2545
2619
2546
2620
2547
2621
2548
2622
2549
2623
2624
2551
2625
2552
2626
2553
2627
2554
2628
2555
2629
2556
2630
2557
2631
2558
2632
2559
2633
2560
2634
2561
2635
2562
2636
2563
2637
2564
2638
2565
2639
2566
2640
2567
2641
2568
2642
2569
2643
2570
2644
2571
2645
2572
2646
2573
2647
2574
2648
2575
2649
2576
2650
2577
2651
2578
2652
2579
2653
2580
2654
2581
2655
2582
2656
2583
2657
2584
2658
2585
2659
2586
2660
2587
2661
2588
2662
2589
2663
2590
2664
2591
2665
2592
2666
2593
2667
2594
2668
2595
2669
2596
2670
2597
2671
2598
2672
2599
2673
2600
2674
2601
2675
2602
2676
2603
2677
2604
2678
2605
2679
2606
2680
2607
2681
2608
2682
2609
2683
2610
2684
2611
2685
2612
2686
2613
2687
2614
2688
2615
2689
2616
2690
2617
2691
2618
2692
2619
2693
2620
2694
2621
2695
2622
2696
2623
2697
2624
2698
2699
2626
4050
2627
4051
2628
4052
2629
4053
2630
4054
2631
4055
2632
4056
2633
4057
2634
4058
2635
4059
2636
4060
2637
4061
2638
4062
2639
4063
2640
4064
2641
4065
2642
4066
2643
4067
2644
4068
2645
4069
2646
4070
2647
4071
2648
4072
2649
4073
2650
4074
2651
4075
2652
4076
2653
4077
2654
4078
2655
4079
2656
4080
2657
4081
2658
4082
2659
4083
2660
4084
2661
4085
2662
4086
2663
4087
2664
4088
2665
4089
2666
4090
2667
4091
2668
4092
2669
4093
2670
4094
2671
4095
2672
4096
2673
4097
2674
4098
2675
4099
2676
4100
2677
4101
2678
4102
2679
4103
2680
4104
2681
4105
2682
4106
2683
4107
2684
4108
2685
4109
2686
4110
2687
4111
2688
4112
2689
4113
2690
4114
2691
4115
2692
4116
2693
4117
2694
4118
2695
4119
2696
4120
2697
4121
2698
4122
2699
4123
4124
2701
2775
3375
2702
2776
3376
2703
2777
3377
2704
2778
3378
2705
2779
3379
2706
2780
3380
2707
2781
3381
2708
2782
3382
2709
2783
3383
2710
2784
3384
2711
2785
3385
2712
2786
3386
2713
2787
3387
2714
2788
3388
2715
2789
3389
2716
2790
3390
2717
2791
3391
2718
2792
3392
2719
2793
3393
2720
2794
3394
2721
2795
3395
2722
2796
3396
2723
2797
3397
2724
2798
3398
2725
2799
3399
2726
2800
3400
2727
2801
3401
2728
2802
3402
2729
2803
3403
2730
2804
3404
2731
2805
3405
2732
2806
3406
2733
2807
3407
2734
2808
3408
2735
2809
3409
2736
2810
3410
2737
2811
3411
2738
2812
3412
2739
2813
3413
2740
2814
3414
2741
2815
3415
2742
2816
3416
2743
2817
3417
2744
2818
3418
2745
2819
3419
2746
2820
3420
2747
2821
3421
2748
2822
3422
2749
2823
3423
2750
2824
3424
2751
2825
3425
2752
2826
3426
2753
2827
3427
2754
2828
3428
2755
2829
3429
2756
2830
3430
2757
2831
3431
2758
2832
3432
2759
2833
3433
2760
2834
3434
2761
2835
3435
2762
2836
3436
2763
2837
3437
2764
2838
3438
2765
2839
3439
2766
2840
3440
2767
2841
3441
2768
2842
3442
2769
2843
3443
2770
2844
3444
2771
2845
3445
2772
2846
3446
2773
2847
3447
2774
2848
3448
2849
3449
2776
2850
3450
2777
2851
3451
2778
2852
3452
2779
2853
3453
2780
2854
3454
2781
2855
3455
2782
2856
3456
2783
2857
3457
2784
2858
3458
2785
2859
3459
2786
2860
3460
2787
2861
3461
2788
2862
3462
2789
2863
3463
2790
2864
3464
2791
2865
3465
2792
2866
3466
2793
2867
3467
2794
2868
3468
2795
2869
3469
2796
2870
3470
2797
2871
3471
2798
2872
3472
2799
2873
3473
2800
2874
3474
2801
2875
3475
2802
2876
3476
2803
2877
3477
2804
2878
3478
2805
2879
3479
2806
2880
3480
2807
2881
3481
2808
2882
3482
2809
2883
3483
2810
2884
3484
2811
2885
3485
2812
2886
3486
2813
2887
3487
2814
2888
3488
2815
2889
3489
2816
2890
3490
2817
2891
3491
2818
2892
3492
2819
2893
3493
2820
2894
3494
2821
2895
3495
2822
2896
3496
2823
2897
3497
2824
2898
3498
2825
2899
3499
2826
2900
3500
2827
2901
3501
2828
2902
3502
2829
2903
3503
2830
2904
3504
2831
2905
3505
2832
2906
3506
2833
2907
3507
2834
2908
3508
2835
2909
3509
2836
2910
3510
2837
2911
3511
2838
2912
3512
2839
2913
3513
2840
2914
3514
2841
2915
3515
2842
2916
3516
2843
2917
3517
2844
2918
3518
2845
2919
3519
2846
2920
3520
2847
2921
3521
2848
2922
3522
2849
2923
3523
2924
3524
2851
2925
3525
2852
2926
3526
2853
2927
3527
2854
2928
3528
2855
2929
3529
2856
2930
3530
2857
2931
3531
2858
2932
3532
2859
2933
3533
2860
2934
3534
2861
2935
3535
2862
2936
3536
2863
2937
3537
2864
2938
3538
2865
2939
3539
2866
2940
3540
2867
2941
3541
2868
2942
3542
2869
2943
3543
2870
2944
3544
2871
2945
3545
2872
2946
3546
2873
2947
3547
2874
2948
3548
2875
2949
3549
2876
2950
3550
2877
2951
3551
2878
2952
3552
2879
2953
3553
2880
2954
3554
2881
2955
3555
2882
2956
3556
2883
2957
3557
2884
2958
3558
2885
2959
3559
2886
2960
3560
2887
2961
3561
2888
2962
3562
2889
2963
3563
2890
2964
3564
2891
2965
3565
2892
2966
3566
2893
2967
3567
2894
2968
3568
2895
2969
3569
2896
2970
3570
2897
2971
3571
2898
2972
3572
2899
2973
3573
2900
2974
3574
2901
2975
3575
2902
2976
3576
2903
2977
3577
2904
2978
3578
2905
2979
3579
2906
2980
3580
2907
2981
3581
2908
2982
3582
2909
2983
3583
2910
2984
3584
2911
2985
3585
2912
2986
3586
2913
2987
3587
2914
2988
3588
2915
2989
3589
2916
2990
3590
2917
2991
3591
2918
2992
3592
2919
2993
3593
2920
2994
3594
2921
2995
3595
2922
2996
3596
2923
2997
3597
2924
2998
3598
2999
3599
2926
3000
3600
2927
3001
3601
2928
3002
3602
2929
3003
3603
2930
3004
3604
2931
3005
3605
2932
3006
3606
2933
3007
3607
2934
3008
3608
2935
3009
3609
2936
3010
3610
2937
3011
3611
2938
3012
3612
2939
3013
3613
2940
3014
3614
2941
3015
3615
2942
3016
3616
2943
3017
3617
2944
3018
3618
2945
3019
3619
2946
3020
3620
2947
3021
3621
2948
3022
3622
2949
3023
3623
2950
3024
3624
2951
3025
3625
2952
3026
3626
2953
3027
3627
2954
3028
3628
2955
3029
3629
2956
3030
3630
2957
3031
3631
2958
3032
3632
2959
3033
3633
2960
3034
3634
2961
3035
3635
2962
3036
3636
2963
3037
3637
2964
3038
3638
2965
3039
3639
2966
3040
3640
2967
3041
3641
2968
3042
3642
2969
3043
3643
2970
3044
3644
2971
3045
3645
2972
3046
3646
2973
3047
3647
2974
3048
3648
2975
3049
3649
2976
3050
3650
2977
3051
3651
2978
3052
3652
2979
3053
3653
2980
3054
3654
2981
3055
3655
2982
3056
3656
2983
3057
3657
2984
3058
3658
2985
3059
3659
2986
3060
3660
2987
3061
3661
2988
3062
3662
2989
3063
3663
2990
3064
3664
2991
3065
3665
2992
3066
3666
2993
3067
3667
2994
3068
3668
2995
3069
3669
2996
3070
3670
2997
3071
3671
2998
3072
3672
2999
3073
3673
3074
3674
3001
3075
3675
3002
3076
3676
3003
3077
3677
3004
3078
3678
3005
3079
3679
3006
3080
3680
3007
3081
3681
3008
3082
3682
3009
3083
3683
3010
3084
3684
3011
3085
3685
3012
3086
3686
3013
3087
3687
3014
3088
3688
3015
3089
3689
3016
3090
3690
3017
3091
3691
3018
3092
3692
3019
3093
3693
3020
3094
3694
3021
3095
3695
3022
3096
3696
3023
3097
3697
3024
3098
3698
3025
3099
3699
3026
3100
3700
3027
3101
3701
3028
3102
3702
3029
3103
3703
3030
3104
3704
3031
3105
3705
3032
3106
3706
3033
3107
3707
3034
3108
3708
3035
3109
3709
3036
3110
3710
3037
3111
3711
3038
3112
3712
3039
3113
3713
3040
3114
3714
3041
3115
3715
3042
3116
3716
3043
3117
3717
3044
3118
3718
3045
3119
3719
3046
3120
3720
3047
3121
3721
3048
3122
3722
3049
3123
3723
3050
3124
3724
3051
3125
3725
3052
3126
3726
3053
3127
3727
3054
3128
3728
3055
3129
3729
3056
3130
3730
3057
3131
3731
3058
3132
3732
3059
3133
3733
3060
3134
3734
3061
3135
3735
3062
3136
3736
3063
3137
3737
3064
3138
3738
3065
3139
3739
3066
3140
3740
3067
3141
3741
3068
3142
3742
3069
3143
3743
3070
3144
3744
3071
3145
3745
3072
3146
3746
3073
3147
3747
3074
3148
3748
3149
3749
3076
3150
3750
3077
3151
3751
3078
3152
3752
3079
3153
3753
3080
3154
3754
3081
3155
3755
3082
3156
3756
3083
3157
3757
3084
3158
3758
3085
3159
3759
3086
3160
3760
3087
3161
3761
3088
3162
3762
3089
3163
3763
3090
3164
3764
3091
3165
3765
3092
3166
3766
3093
3167
3767
3094
3168
3768
3095
3169
3769
3096
3170
3770
3097
3171
3771
3098
3172
3772
3099
3173
3773
3100
3174
3774
3101
3175
3775
3102
3176
3776
3103
3177
3777
3104
3178
3778
3105
3179
3779
3106
3180
3780
3107
3181
3781
3108
3182
3782
3109
3183
3783
3110
3184
3784
3111
3185
3785
3112
3186
3786
3113
3187
3787
3114
3188
3788
3115
3189
3789
3116
3190
3790
3117
3191
3791
3118
3192
3792
3119
3193
3793
3120
3194
3794
3121
3195
3795
3122
3196
3796
3123
3197
3797
3124
3198
3798
3125
3199
3799
3126
3200
3800
3127
3201
3801
3128
3202
3802
3129
3203
3803
3130
3204
3804
3131
3205
3805
3132
3206
3806
3133
3207
3807
3134
3208
3808
3135
3209
3809
3136
3210
3810
3137
3211
3811
3138
3212
3812
3139
3213
3813
3140
3214
3814
3141
3215
3815
3142
3216
3816
3143
3217
3817
3144
3218
3818
3145
3219
3819
3146
3220
3820
3147
3221
3821
3148
3222
3822
3149
3223
3823
3224
3824
3151
3225
3825
3152
3226
3826
3153
3227
3827
3154
3228
3828
3155
3229
3829
3156
3230
3830
3157
3231
3831
3158
3232
3832
3159
3233
3833
3160
3234
3834
3161
3235
3835
3162
3236
3836
3163
3237
3837
3164
3238
3838
3165
3239
3839
3166
3240
3840
3167
3241
3841
3168
3242
3842
3169
3243
3843
3170
3244
3844
3171
3245
3845
3172
3246
3846
3173
3247
3847
3174
3248
3848
3175
3249
3849
3176
3250
3850
3177
3251
3851
3178
3252
3852
3179
3253
3853
3180
3254
3854
3181
3255
3855
3182
3256
3856
3183
3257
3857
3184
3258
3858
3185
3259
3859
3186
3260
3860
3187
3261
3861
3188
3262
3862
3189
3263
3863
3190
3264
3864
3191
3265
3865
3192
3266
3866
3193
3267
3867
3194
3268
3868
3195
3269
3869
3196
3270
3870
3197
3271
3871
3198
3272
3872
3199
3273
3873
3200
3274
3874
3201
3275
3875
3202
3276
3876
3203
3277
3877
3204
3278
3878
3205
3279
3879
3206
3280
3880
3207
3281
3881
3208
3282
3882
3209
3283
3883
3210
3284
3884
3211
3285
3885
3212
3286
3886
3213
3287
3887
3214
3288
3888
3215
3289
3889
3216
3290
3890
3217
3291
3891
3218
3292
3892
3219
3293
3893
3220
3294
3894
3221
3295
3895
3222
3296
3896
3223
3297
3897
3224
3298
3898
3299
3899
3226
3300
3900
3227
3301
3901
3228
3302
3902
3229
3303
3903
3230
3304
3904
3231
3305
3905
3232
3306
3906
3233
3307
3907
3234
3308
3908
3235
3309
3909
3236
3310
3910
3237
3311
3911
3238
3312
3912
3239
3313
3913
3240
3314
3914
3241
3315
3915
3242
3316
3916
3243
3317
3917
3244
3318
3918
3245
3319
3919
3246
3320
3920
3247
3321
3921
3248
3322
3922
3249
3323
3923
3250
3324
3924
3251
3325
3925
3252
3326
3926
3253
3327
3927
3254
3328
3928
3255
3329
3929
3256
3330
3930
3257
3331
3931
3258
3332
3932
3259
3333
3933
3260
3334
3934
3261
3335
3935
3262
3336
3936
3263
3337
3937
3264
3338
3938
3265
3339
3939
3266
3340
3940
3267
3341
3941
3268
3342
3942
3269
3343
3943
3270
3344
3944
3271
3345
3945
3272
3346
3946
3273
3347
3947
3274
3348
3948
3275
3349
3949
3276
3350
3950
3277
3351
3951
3278
3352
3952
3279
3353
3953
3280
3354
3954
3281
3355
3955
3282
3356
3956
3283
3357
3957
3284
3358
3958
3285
3359
3959
3286
3360
3960
3287
3361
3961
3288
3362
3962
3289
3363
3963
3290
3364
3964
3291
3365
3965
3292
3366
3966
3293
3367
3967
3294
3368
3968
3295
3369
3969
3296
3370
3970
3297
3371
3971
3298
3372
3972
3299
3373
3973
3374
3974
3301
3975
3302
3976
3303
3977
3304
3978
3305
3979
3306
3980
3307
3981
3308
3982
3309
3983
3310
3984
3311
3985
3312
3986
3313
3987
3314
3988
3315
3989
3316
3990
3317
3991
3318
3992
3319
3993
3320
3994
3321
3995
3322
3996
3323
3997
3324
3998
3325
3999
3326
4000
3327
4001
3328
4002
3329
4003
3330
4004
3331
4005
3332
4006
3333
4007
3334
4008
3335
4009
3336
4010
3337
4011
3338
4012
3339
4013
3340
4014
3341
4015
3342
4016
3343
4017
3344
4018
3345
4019
3346
4020
3347
4021
3348
4022
3349
4023
3350
4024
3351
4025
3352
4026
3353
4027
3354
4028
3355
4029
3356
4030
3357
4031
3358
4032
3359
4033
3360
4034
3361
4035
3362
4036
3363
4037
3364
4038
3365
4039
3366
4040
3367
4041
3368
4042
3369
4043
3370
4044
3371
4045
3372
4046
3373
4047
3374
4048
4049
3376
3450
4050
3377
3451
4051
3378
3452
4052
3379
3453
4053
3380
3454
4054
3381
3455
4055
3382
3456
4056
3383
3457
4057
3384
3458
4058
3385
3459
4059
3386
3460
4060
3387
3461
4061
3388
3462
4062
3389
3463
4063
3390
3464
4064
3391
3465
4065
3392
3466
4066
3393
3467
4067
3394
3468
4068
3395
3469
4069
3396
3470
4070
3397
3471
4071
3398
3472
4072
3399
3473
4073
3400
3474
4074
3401
3475
4075
3402
3476
4076
3403
3477
4077
3404
3478
4078
3405
3479
4079
3406
3480
4080
3407
3481
4081
3408
3482
4082
3409
3483
4083
3410
3484
4084
3411
3485
4085
3412
3486
4086
3413
3487
4087
3414
3488
4088
3415
3489
4089
3416
3490
4090
3417
3491
4091
3418
3492
4092
3419
3493
4093
3420
3494
4094
3421
3495
4095
3422
3496
4096
3423
3497
4097
3424
3498
4098
3425
3499
4099
3426
3500
4100
3427
3501
4101
3428
3502
4102
3429
3503
4103
3430
3504
4104
3431
3505
4105
3432
3506
4106
3433
3507
4107
3434
3508
4108
3435
3509
4109
3436
3510
4110
3437
3511
4111
3438
3512
4112
3439
3513
4113
3440
3514
4114
3441
3515
4115
3442
3516
4116
3443
3517
4117
3444
3518
4118
3445
3519
4119
3446
3520
4120
3447
3521
4121
3448
3522
4122
3449
3523
4123
3524
4124
3451
3525
4125
3452
3526
4126
3453
3527
4127
3454
3528
4128
3455
3529
4129
3456
3530
4130
3457
3531
4131
3458
3532
4132
3459
3533
4133
3460
3534
4134
3461
3535
4135
3462
3536
4136
3463
3537
4137
3464
3538
4138
3465
3539
4139
3466
3540
4140
3467
3541
4141
3468
3542
4142
3469
3543
4143
3470
3544
4144
3471
3545
4145
3472
3546
4146
3473
3547
4147
3474
3548
4148
3475
3549
4149
3476
3550
4150
3477
3551
4151
3478
3552
4152
3479
3553
4153
3480
3554
4154
3481
3555
4155
3482
3556
4156
3483
3557
4157
3484
3558
4158
3485
3559
4159
3486
3560
4160
3487
3561
4161
3488
3562
4162
3489
3563
4163
3490
3564
4164
3491
3565
4165
3492
3566
4166
3493
3567
4167
3494
3568
4168
3495
3569
4169
3496
3570
4170
3497
3571
4171
3498
3572
4172
3499
3573
4173
3500
3574
4174
3501
3575
4175
3502
3576
4176
3503
3577
4177
3504
3578
4178
3505
3579
4179
3506
3580
4180
3507
3581
4181
3508
3582
4182
3509
3583
4183
3510
3584
4184
3511
3585
4185
3512
3586
4186
3513
3587
4187
3514
3588
4188
3515
3589
4189
3516
3590
4190
3517
3591
4191
3518
3592
4192
3519
3593
4193
3520
3594
4194
3521
3595
4195
3522
3596
4196
3523
3597
4197
3524
3598
4198
3599
4199
3526
3600
4200
3527
3601
4201
3528
3602
4202
3529
3603
4203
3530
3604
4204
3531
3605
4205
3532
3606
4206
3533
3607
4207
3534
3608
4208
3535
3609
4209
3536
3610
4210
3537
3611
4211
3538
3612
4212
3539
3613
4213
3540
3614
4214
3541
3615
4215
3542
3616
4216
3543
3617
4217
3544
3618
4218
3545
3619
4219
3546
3620
4220
3547
3621
4221
3548
3622
4222
3549
3623
4223
3550
3624
4224
3551
3625
4225
3552
3626
4226
3553
3627
4227
3554
3628
4228
3555
3629
4229
3556
3630
4230
3557
3631
4231
3558
3632
4232
3559
3633
4233
3560
3634
4234
3561
3635
4235
3562
3636
4236
3563
3637
4237
3564
3638
4238
3565
3639
4239
3566
3640
4240
3567
3641
4241
3568
3642
4242
3569
3643
4243
3570
3644
4244
3571
3645
4245
3572
3646
4246
3573
3647
4247
3574
3648
4248
3575
3649
4249
3576
3650
4250
3577
3651
4251
3578
3652
4252
3579
3653
4253
3580
3654
4254
3581
3655
4255
3582
3656
4256
3583
3657
4257
3584
3658
4258
3585
3659
4259
3586
3660
4260
3587
3661
4261
3588
3662
4262
3589
3663
4263
3590
3664
4264
3591
3665
4265
3592
3666
4266
3593
3667
4267
3594
3668
4268
3595
3669
4269
3596
3670
4270
3597
3671
4271
3598
3672
4272
3599
3673
4273
3674
4274
3601
3675
4275
3602
3676
4276
3603
3677
4277
3604
3678
4278
3605
3679
4279
3606
3680
4280
3607
3681
4281
3608
3682
4282
3609
3683
4283
3610
3684
4284
3611
3685
4285
3612
3686
4286
3613
3687
4287
3614
3688
4288
3615
3689
4289
3616
3690
4290
3617
3691
4291
3618
3692
4292
3619
3693
4293
3620
3694
4294
3621
3695
4295
3622
3696
4296
3623
3697
4297
3624
3698
4298
3625
3699
4299
3626
3700
4300
3627
3701
4301
3628
3702
4302
3629
3703
4303
3630
3704
4304
3631
3705
4305
3632
3706
4306
3633
3707
4307
3634
3708
4308
3635
3709
4309
3636
3710
4310
3637
3711
4311
3638
3712
4312
3639
3713
4313
3640
3714
4314
3641
3715
4315
3642
3716
4316
3643
3717
4317
3644
3718
4318
3645
3719
4319
3646
3720
4320
3647
3721
4321
3648
3722
4322
3649
3723
4323
3650
3724
4324
3651
3725
4325
3652
3726
4326
3653
3727
4327
3654
3728
4328
3655
3729
4329
3656
3730
4330
3657
3731
4331
3658
3732
4332
3659
3733
4333
3660
3734
4334
3661
3735
4335
3662
3736
4336
3663
3737
4337
3664
3738
4338
3665
3739
4339
3666
3740
4340
3667
3741
4341
3668
3742
4342
3669
3743
4343
3670
3744
4344
3671
3745
4345
3672
3746
4346
3673
3747
4347
3674
3748
4348
3749
4349
3676
3750
4350
3677
3751
4351
3678
3752
4352
3679
3753
4353
3680
3754
4354
3681
3755
4355
3682
3756
4356
3683
3757
4357
3684
3758
4358
3685
3759
4359
3686
3760
4360
3687
3761
4361
3688
3762
4362
3689
3763
4363
3690
3764
4364
3691
3765
4365
3692
3766
4366
3693
3767
4367
3694
3768
4368
3695
3769
4369
3696
3770
4370
3697
3771
4371
3698
3772
4372
3699
3773
4373
3700
3774
4374
3701
3775
4375
3702
3776
4376
3703
3777
4377
3704
3778
4378
3705
3779
4379
3706
3780
4380
3707
3781
4381
3708
3782
4382
3709
3783
4383
3710
3784
4384
3711
3785
4385
3712
3786
4386
3713
3787
4387
3714
3788
4388
3715
3789
4389
3716
3790
4390
3717
3791
4391
3718
3792
4392
3719
3793
4393
3720
3794
4394
3721
3795
4395
3722
3796
4396
3723
3797
4397
3724
3798
4398
3725
3799
4399
3726
3800
4400
3727
3801
4401
3728
3802
4402
3729
3803
4403
3730
3804
4404
3731
3805
4405
3732
3806
4406
3733
3807
4407
3734
3808
4408
3735
3809
4409
3736
3810
4410
3737
3811
4411
3738
3812
4412
3739
3813
4413
3740
3814
4414
3741
3815
4415
3742
3816
4416
3743
3817
4417
3744
3818
4418
3745
3819
4419
3746
3820
4420
3747
3821
4421
3748
3822
4422
3749
3823
4423
3824
4424
3751
3825
4425
3752
3826
4426
3753
3827
4427
3754
3828
4428
3755
3829
4429
3756
3830
4430
3757
3831
4431
3758
3832
4432
3759
3833
4433
3760
3834
4434
3761
3835
4435
3762
3836
4436
3763
3837
4437
3764
3838
4438
3765
3839
4439
3766
3840
4440
3767
3841
4441
3768
3842
4442
3769
3843
4443
3770
3844
4444
3771
3845
4445
3772
3846
4446
3773
3847
4447
3774
3848
4448
3775
3849
4449
3776
3850
4450
3777
3851
4451
3778
3852
4452
3779
3853
4453
3780
3854
4454
3781
3855
4455
3782
3856
4456
3783
3857
4457
3784
3858
4458
3785
3859
4459
3786
3860
4460
3787
3861
4461
3788
3862
4462
3789
3863
4463
3790
3864
4464
3791
3865
4465
3792
3866
4466
3793
3867
4467
3794
3868
4468
3795
3869
4469
3796
3870
4470
3797
3871
4471
3798
3872
4472
3799
3873
4473
3800
3874
4474
3801
3875
4475
3802
3876
4476
3803
3877
4477
3804
3878
4478
3805
3879
4479
3806
3880
4480
3807
3881
4481
3808
3882
4482
3809
3883
4483
3810
3884
4484
3811
3885
4485
3812
3886
4486
3813
3887
4487
3814
3888
4488
3815
3889
4489
3816
3890
4490
3817
3891
4491
3818
3892
4492
3819
3893
4493
3820
3894
4494
3821
3895
4495
3822
3896
4496
3823
3897
4497
3824
3898
4498
3899
4499
3826
3900
4500
3827
3901
4501
3828
3902
4502
3829
3903
4503
3830
3904
4504
3831
3905
4505
3832
3906
4506
3833
3907
4507
3834
3908
4508
3835
3909
4509
3836
3910
4510
3837
3911
4511
3838
3912
4512
3839
3913
4513
3840
3914
4514
3841
3915
4515
3842
3916
4516
3843
3917
4517
3844
3918
4518
3845
3919
4519
3846
3920
4520
3847
3921
4521
3848
3922
4522
3849
3923
4523
3850
3924
4524
3851
3925
4525
3852
3926
4526
3853
3927
4527
3854
3928
4528
3855
3929
4529
3856
3930
4530
3857
3931
4531
3858
3932
4532
3859
3933
4533
3860
3934
4534
3861
3935
4535
3862
3936
4536
3863
3937
4537
3864
3938
4538
3865
3939
4539
3866
3940
4540
3867
3941
4541
3868
3942
4542
3869
3943
4543
3870
3944
4544
3871
3945
4545
3872
3946
4546
3873
3947
4547
3874
3948
4548
3875
3949
4549
3876
3950
4550
3877
3951
4551
3878
3952
4552
3879
3953
4553
3880
3954
4554
3881
3955
4555
3882
3956
4556
3883
3957
4557
3884
3958
4558
3885
3959
4559
3886
3960
4560
3887
3961
4561
3888
3962
4562
3889
3963
4563
3890
3964
4564
3891
3965
4565
3892
3966
4566
3893
3967
4567
3894
3968
4568
3895
3969
4569
3896
3970
4570
3897
3971
4571
3898
3972
4572
3899
3973
4573
3974
4574
3901
3975
4575
3902
3976
4576
3903
3977
4577
3904
3978
4578
3905
3979
4579
3906
3980
4580
3907
3981
4581
3908
3982
4582
3909
3983
4583
3910
3984
4584
3911
3985
4585
3912
3986
4586
3913
3987
4587
3914
3988
4588
3915
3989
4589
3916
3990
4590
3917
3991
4591
3918
3992
4592
3919
3993
4593
3920
3994
4594
3921
3995
4595
3922
3996
4596
3923
3997
4597
3924
3998
4598
3925
3999
4599
3926
4000
4600
3927
4001
4601
3928
4002
4602
3929
4003
4603
3930
4004
4604
3931
4005
4605
3932
4006
4606
3933
4007
4607
3934
4008
4608
3935
4009
4609
3936
4010
4610
3937
4011
4611
3938
4012
4612
3939
4013
4613
3940
4014
4614
3941
4015
4615
3942
4016
4616
3943
4017
4617
3944
4018
4618
3945
4019
4619
3946
4020
4620
3947
4021
4621
3948
4022
4622
3949
4023
4623
3950
4024
4624
3951
4025
4625
3952
4026
4626
3953
4027
4627
3954
4028
4628
3955
4029
4629
3956
4030
4630
3957
4031
4631
3958
4032
4632
3959
4033
4633
3960
4034
4634
3961
4035
4635
3962
4036
4636
3963
4037
4637
3964
4038
4638
3965
4039
4639
3966
4040
4640
3967
4041
4641
3968
4042
4642
3969
4043
4643
3970
4044
4644
3971
4045
4645
3972
4046
4646
3973
4047
4647
3974
4048
4648
4049
4649
3976
4650
3977
4651
3978
4652
3979
4653
3980
4654
3981
4655
3982
4656
3983
4657
3984
4658
3985
4659
3986
4660
3987
4661
3988
4662
3989
4663
3990
4664
3991
4665
3992
4666
3993
4667
3994
4668
3995
4669
3996
4670
3997
4671
3998
4672
3999
4673
4000
4674
4001
4675
4002
4676
4003
4677
4004
4678
4005
4679
4006
4680
4007
4681
4008
4682
4009
4683
4010
4684
4011
4685
4012
4686
4013
4687
4014
4688
4015
4689
4016
4690
4017
4691
4018
4692
4019
4693
4020
4694
4021
4695
4022
4696
4023
4697
4024
4698
4025
4699
4026
4700
4027
4701
4028
4702
4029
4703
4030
4704
4031
4705
4032
4706
4033
4707
4034
4708
4035
4709
4036
4710
4037
4711
4038
4712
4039
4713
4040
4714
4041
4715
4042
4716
4043
4717
4044
4718
4045
4719
4046
4720
4047
4721
4048
4722
4049
4723
4724
4051
4125
4052
4126
4053
4127
4054
4128
4055
4129
4056
4130
4057
4131
4058
4132
4059
4133
4060
4134
4061
4135
4062
4136
4063
4137
4064
4138
4065
4139
4066
4140
4067
4141
4068
4142
4069
4143
4070
4144
4071
4145
4072
4146
4073
4147
4074
4148
4075
4149
4076
4150
4077
4151
4078
4152
4079
4153
4080
4154
4081
4155
4082
4156
4083
4157
4084
4158
4085
4159
4086
4160
4087
4161
4088
4162
4089
4163
4090
4164
4091
4165
4092
4166
4093
4167
4094
4168
4095
4169
4096
4170
4097
4171
4098
4172
4099
4173
4100
4174
4101
4175
4102
4176
4103
4177
4104
4178
4105
4179
4106
4180
4107
4181
4108
4182
4109
4183
4110
4184
4111
4185
4112
4186
4113
4187
4114
4188
4115
4189
4116
4190
4117
4191
4118
4192
4119
4193
4120
4194
4121
4195
4122
4196
4123
4197
4124
4198
4199
4126
4200
4127
4201
4128
4202
4129
4203
4130
4204
4131
4205
4132
4206
4133
4207
4134
4208
4135
4209
4136
4210
4137
4211
4138
4212
4139
4213
4140
4214
4141
4215
4142
4216
4143
4217
4144
4218
4145
4219
4146
4220
4147
4221
4148
4222
4149
4223
4150
4224
4151
4225
4152
4226
4153
4227
4154
4228
4155
4229
4156
4230
4157
4231
4158
4232
4159
4233
4160
4234
4161
4235
4162
4236
4163
4237
4164
4238
4165
4239
4166
4240
4167
4241
4168
4242
4169
4243
4170
4244
4171
4245
4172
4246
4173
4247
4174
4248
4175
4249
4176
4250
4177
4251
4178
4252
4179
4253
4180
4254
4181
4255
4182
4256
4183
4257
4184
4258
4185
4259
4186
4260
4187
4261
4188
4262
4189
4263
4190
4264
4191
4265
4192
4266
4193
4267
4194
4268
4195
4269
4196
4270
4197
4271
4198
4272
4199
4273
4274
4201
4275
4202
4276
4203
4277
4204
4278
4205
4279
4206
4280
4207
4281
4208
4282
4209
4283
4210
4284
4211
4285
4212
4286
4213
4287
4214
4288
4215
4289
4216
4290
4217
4291
4218
4292
4219
4293
4220
4294
4221
4295
4222
4296
4223
4297
4224
4298
4225
4299
4226
4300
4227
4301
4228
4302
4229
4303
4230
4304
4231
4305
4232
4306
4233
4307
4234
4308
4235
4309
4236
4310
4237
4311
4238
4312
4239
4313
4240
4314
4241
4315
4242
4316
4243
4317
4244
4318
4245
4319
4246
4320
4247
4321
4248
4322
4249
4323
4250
4324
4251
4325
4252
4326
4253
4327
4254
4328
4255
4329
4256
4330
4257
4331
4258
4332
4259
4333
4260
4334
4261
4335
4262
4336
4263
4337
4264
4338
4265
4339
4266
4340
4267
4341
4268
4342
4269
4343
4270
4344
4271
4345
4272
4346
4273
4347
4274
4348
4349
4276
4350
4277
4351
4278
4352
4279
4353
4280
4354
4281
4355
4282
4356
4283
4357
4284
4358
4285
4359
4286
4360
4287
4361
4288
4362
4289
4363
4290
4364
4291
4365
4292
4366
4293
4367
4294
4368
4295
4369
4296
4370
4297
4371
4298
4372
4299
4373
4300
4374
4301
4375
4302
4376
4303
4377
4304
4378
4305
4379
4306
4380
4307
4381
4308
4382
4309
4383
4310
4384
4311
4385
4312
4386
4313
4387
4314
4388
4315
4389
4316
4390
4317
4391
4318
4392
4319
4393
4320
4394
4321
4395
4322
4396
4323
4397
4324
4398
4325
4399
4326
4400
4327
4401
4328
4402
4329
4403
4330
4404
4331
4405
4332
4406
4333
4407
4334
4408
4335
4409
4336
4410
4337
4411
4338
4412
4339
4413
4340
4414
4341
4415
4342
4416
4343
4417
4344
4418
4345
4419
4346
4420
4347
4421
4348
4422
4349
4423
4424
4351
4425
4352
4426
4353
4427
4354
4428
4355
4429
4356
4430
4357
4431
4358
4432
4359
4433
4360
4434
4361
4435
4362
4436
4363
4437
4364
4438
4365
4439
4366
4440
4367
4441
4368
4442
4369
4443
4370
4444
4371
4445
4372
4446
4373
4447
4374
4448
4375
4449
4376
4450
4377
4451
4378
4452
4379
4453
4380
4454
4381
4455
4382
4456
4383
4457
4384
4458
4385
4459
4386
4460
4387
4461
4388
4462
4389
4463
4390
4464
4391
4465
4392
4466
4393
4467
4394
4468
4395
4469
4396
4470
4397
4471
4398
4472
4399
4473
4400
4474
4401
4475
4402
4476
4403
4477
4404
4478
4405
4479
4406
4480
4407
4481
4408
4482
4409
4483
4410
4484
4411
4485
4412
4486
4413
4487
4414
4488
4415
4489
4416
4490
4417
4491
4418
4492
4419
4493
4420
4494
4421
4495
4422
4496
4423
4497
4424
4498
4499
4426
4500
4427
4501
4428
4502
4429
4503
4430
4504
4431
4505
4432
4506
4433
4507
4434
4508
4435
4509
4436
4510
4437
4511
4438
4512
4439
4513
4440
4514
4441
4515
4442
4516
4443
4517
4444
4518
4445
4519
4446
4520
4447
4521
4448
4522
4449
4523
4450
4524
4451
4525
4452
4526
4453
4527
4454
4528
4455
4529
4456
4530
4457
4531
4458
4532
4459
4533
4460
4534
4461
4535
4462
4536
4463
4537
4464
4538
4465
4539
4466
4540
4467
4541
4468
4542
4469
4543
4470
4544
4471
4545
4472
4546
4473
4547
4474
4548
4475
4549
4476
4550
4477
4551
4478
4552
4479
4553
4480
4554
4481
4555
4482
4556
4483
4557
4484
4558
4485
4559
4486
4560
4487
4561
4488
4562
4489
4563
4490
4564
4491
4565
4492
4566
4493
4567
4494
4568
4495
4569
4496
4570
4497
4571
4498
4572
4499
4573
4574
4501
4575
4502
4576
4503
4577
4504
4578
4505
4579
4506
4580
4507
4581
4508
4582
4509
4583
4510
4584
4511
4585
4512
4586
4513
4587
4514
4588
4515
4589
4516
4590
4517
4591
4518
4592
4519
4593
4520
4594
4521
4595
4522
4596
4523
4597
4524
4598
4525
4599
4526
4600
4527
4601
4528
4602
4529
4603
4530
4604
4531
4605
4532
4606
4533
4607
4534
4608
4535
4609
4536
4610
4537
4611
4538
4612
4539
4613
4540
4614
4541
4615
4542
4616
4543
4617
4544
4618
4545
4619
4546
4620
4547
4621
4548
4622
4549
4623
4550
4624
4551
4625
4552
4626
4553
4627
4554
4628
4555
4629
4556
4630
4557
4631
4558
4632
4559
4633
4560
4634
4561
4635
4562
4636
4563
4637
4564
4638
4565
4639
4566
4640
4567
4641
4568
4642
4569
4643
4570
4644
4571
4645
4572
4646
4573
4647
4574
4648
4649
4576
4650
4577
4651
4578
4652
4579
4653
4580
4654
4581
4655
4582
4656
4583
4657
4584
4658
4585
4659
4586
4660
4587
4661
4588
4662
4589
4663
4590
4664
4591
4665
4592
4666
4593
4667
4594
4668
4595
4669
4596
4670
4597
4671
4598
4672
4599
4673
4600
4674
4601
4675
4602
4676
4603
4677
4604
4678
4605
4679
4606
4680
4607
4681
4608
4682
4609
4683
4610
4684
4611
4685
4612
4686
4613
4687
4614
4688
4615
4689
4616
4690
4617
4691
4618
4692
4619
4693
4620
4694
4621
4695
4622
4696
4623
4697
4624
4698
4625
4699
4626
4700
4627
4701
4628
4702
4629
4703
4630
4704
4631
4705
4632
4706
4633
4707
4634
4708
4635
4709
4636
4710
4637
4711
4638
4712
4639
4713
4640
4714
4641
4715
4642
4716
4643
4717
4644
4718
4645
4719
4646
4720
4647
4721
4648
4722
4649
4723
4724
4651
4652
4653
4654
4655
4656
4657
4658
4659
4660
4661
4662
4663
4664
4665
4666
4667
4668
4669
4670
4671
4672
4673
4674
4675
4676
4677
4678
4679
4680
4681
4682
4683
4684
4685
4686
4687
4688
4689
4690
4691
4692
4693
4694
4695
4696
4697
4698
4699
4700
4701
4702
4703
4704
4705
4706
4707
4708
4709
4710
4711
4712
4713
4714
4715
4716
4717
4718
4719
4720
4721
4722
4723
4724
)


// ************************************************************************* //
