# Fix print output for fix extra1
0.005 0.012500236537004 0.0749744854546905 0.0125000027025632
0.01 0.0125008242634914 0.074937820127603 0.0125000057085665
0.015 0.0125017363991125 0.0748894005558904 0.0125000085686985
0.02 0.0125030955810171 0.0748293754334657 0.012500011336222
0.025 0.0125050356811122 0.0747578876926561 0.0125000140282332
0.03 0.0125074877927014 0.0746748409962972 0.0125000166530117
0.035 0.0125104225816483 0.0745801058234799 0.0125000192101393
0.04 0.012513754903303 0.0744735407940129 0.0125000217085116
0.045 0.0125175252837511 0.0743555231219825 0.0125000241537116
0.05 0.012521930478137 0.0742264142387962 0.0125000284743026
0.055 0.0125269975718279 0.0740863420517428 0.0125000336529474
0.06 0.0125325329039646 0.0739360253890469 0.012500038627405
0.065 0.0125385977602697 0.0737762549205696 0.0125000434594228
0.07 0.0125455797782046 0.0736073271504496 0.0125000481668499
0.075 0.0125537851766228 0.0734290865909666 0.0125000527452892
0.08 0.0125630625073665 0.0732409404860247 0.0125000572033003
0.085 0.0125732034801647 0.0730427145072922 0.0125000615619217
0.09 0.0125844089893159 0.0728348304487263 0.0125000658765985
0.095 0.0125966130496837 0.0726181712945812 0.0125000701595304
0.1 0.0126099612333852 0.0723936364292141 0.0125000743751122
0.105 0.0126248949424391 0.0721611441612741 0.0125000784906639
0.11 0.0126412273411759 0.071919829889012 0.0125000824923991
0.115 0.0126588603744341 0.071669406427283 0.012500086427107
0.12 0.0126779381528763 0.0714107234707794 0.0125000903875093
0.125 0.0126983037600279 0.0711451959241483 0.0125000942844763
0.13 0.0127203111003721 0.0708728708124391 0.0125000980938033
0.135 0.0127437684278005 0.0705925546377452 0.0125001017792639
0.14 0.0127686989627281 0.070304029225204 0.0125001054424405
0.145 0.0127952713920198 0.0700086134835725 0.0125001091219742
0.15 0.0128236003882709 0.0697073230212197 0.0125001127063206
0.155 0.0128535047686353 0.0693992718057006 0.0125001161873494
0.16 0.0128849947011697 0.0690838278152024 0.0125001196314175
0.165 0.0129183269698995 0.0687617200140564 0.012500123121532
0.17 0.0129536162092595 0.0684336479902595 0.0125001265487077
0.175 0.0129905754387516 0.0680991942372184 0.012500129845257
0.18 0.0130292222516222 0.0677584268500641 0.0125001331538208
0.185 0.0130697868086307 0.0674116892932765 0.0125001365314108
0.19 0.0131123499851272 0.0670596102781497 0.0125001398386506
0.195 0.0131565521641094 0.0667019020271566 0.0125001430611168
0.2 0.0132024630982088 0.0663387711325004 0.0125001463409512
0.205 0.013250415615055 0.065970724763537 0.0125001496223068
0.21 0.0133001347842595 0.0655975763253727 0.0125001527649186
0.215 0.0133514475287693 0.0652192546722626 0.0125001559080522
0.22 0.0134047253218678 0.064836608999532 0.0125001590721275
0.225 0.0134600883049289 0.0644499629691857 0.012500160925067
0.23 0.0135171597497416 0.0640588397259523 0.0125001628488306
0.235 0.0135761305180943 0.0636644197528995 0.0125001649192497
0.24 0.0136374994530906 0.0632667672923028 0.0125001668463078
0.245 0.0137008376245496 0.0628650261569856 0.0125001687255208
0.25 0.0137661433326641 0.0624604210488421 0.0125001688580286
0.255 0.0138337420088005 0.0620530215278075 0.0125001564058948
0.26 0.0139033918646329 0.0616417343126657 0.0125001453975582
0.265 0.0139749592246876 0.0612277314882123 0.0125001350184401
0.27 0.0140485067970896 0.0608119929588092 0.0125001249434289
0.275 0.0141238908785528 0.0603931151903317 0.0125001150779164
0.28 0.0142012746470849 0.0599713109115894 0.0125001055296021
0.285 0.0142807107920737 0.0595473526707853 0.0125000962274644
0.29 0.0143618134396659 0.0591207700554203 0.0125000870686571
0.295 0.0144447333586024 0.0586916859844777 0.0125000781986505
0.3 0.0145297717372811 0.0582606344730173 0.012500069536778
0.305 0.0146164139641859 0.0578271077348268 0.0125000610279495
0.31 0.0147048616164272 0.0573917916653116 0.0125000527785793
0.315 0.014795633893752 0.0569552026016578 0.0125000441798509
0.32 0.0148881388375875 0.0565165949081669 0.0125000336239014
0.325 0.0149826098340301 0.0560773862672714 0.0125000236869443
0.33 0.0150795524383358 0.055636642074525 0.0125000139147652
0.335 0.0151782098493853 0.0551941799793248 0.0125000044910732
0.34 0.0152786270101278 0.0547515679023534 0.0124999953845839
0.345 0.0153809499259295 0.0543081179666983 0.0124999865631585
0.35 0.0154849972628643 0.0538629433887342 0.0124999779701198
0.355 0.0155911206131639 0.0534168883985991 0.0124999696296539
0.36 0.0156991066577023 0.0529695264159333 0.0124999615333963
0.365 0.0158088369808677 0.0525209306913246 0.0124999536269015
0.37 0.0159208891535571 0.0520714831650018 0.0124999459489351
0.375 0.0160347796740713 0.0516209040988016 0.0124999385247255
0.38 0.0161506024160376 0.0511700653538673 0.0124999312528342
0.385 0.0162690216823923 0.0507188205329724 0.0124999242913059
0.39 0.0163894255529251 0.0502664278894938 0.0124999174973055
0.395 0.0165117222435515 0.0498143110525412 0.012499910906624
0.4 0.0166361000106374 0.0493623191142034 0.0124999046196078
0.405 0.016762268381544 0.048909492554658 0.0124998985521408
0.41 0.01689055388012 0.0484567257068018 0.0124998926601439
0.415 0.0170207005936699 0.048003834548479 0.0124998870429398
0.42 0.0171523318541075 0.0475506706872609 0.012499881173656
0.425 0.0172863050550979 0.0470979635688939 0.0124998754688838
0.43 0.0174221924220287 0.0466449857223776 0.0124998683256025
0.435 0.0175600665769659 0.0461925174423796 0.0124998601125143
0.44 0.0177004326433298 0.0457405794110761 0.0124998524972478
0.445 0.0178428241951901 0.0452879883429904 0.0124998452270136
0.45 0.0179876386477771 0.0448352619375672 0.0124998381539844
0.455 0.0181352141982565 0.0443819063125223 0.0124998314336396
0.46 0.0182853140770164 0.0439275337859794 0.0124998248658528
0.465 0.0184381488396903 0.0434725218364323 0.0124998183800183
0.47 0.0185934543784464 0.0430170605615587 0.0124998122499264
0.475 0.0187507048280302 0.0425613230795601 0.0124998061263224
0.48 0.0189101130727453 0.0421060923047703 0.0124998079073218
0.485 0.019071083106515 0.0416502776187911 0.0124998101998178
0.49 0.0192327987908697 0.0411953774342269 0.0124998122868265
0.495 0.0193949977679572 0.0407427967527304 0.0124998143435091
0.5 0.0195570512228574 0.0402921442940068 0.0124998163552607
0.505 0.0197189843125321 0.0398435426100683 0.0124998182938529
0.51 0.0198810773577026 0.0393970814504694 0.0124998204779054
0.515 0.019994570114315 0.0389665795319681 0.0124998234229862
0.52 0.0199882975316302 0.0385539053972616 0.0124998358350218
0.525 0.0199777613199592 0.0381304568036815 0.0124998562496343
0.53 0.0199702589544694 0.0376994369632674 0.0124998755639476
0.535 0.0199658518117706 0.0372631319404003 0.0124998940751162
0.54 0.0199642972385542 0.0368213713249698 0.012499912132153
0.545 0.0199650687570917 0.0363746303645476 0.0124999295285615
0.55 0.0199683363855042 0.0359242671394522 0.0124999463388064
0.555 0.0199737627150851 0.0354697089006828 0.0124999627315382
0.56 0.0199812314870511 0.0350116484767019 0.0124999785584788
0.565 0.0199911152464918 0.034550925762318 0.012499993884158
0.57 0.0199997774432893 0.0340885734822495 0.0125000084035803
0.575 0.020000021670291 0.0336287522360714 0.0125000189673029
0.58 0.0200000145906293 0.0331661489775264 0.0125000253996002
0.585 0.0200000221580178 0.0327005813025746 0.0125000319353755
0.59 0.0200000268577954 0.0322336137884797 0.0125000344562526
0.595 0.0200000222984212 0.031764565116983 0.012500035300529
0.6 0.0200000238607877 0.0312937569416753 0.0125000366787521
0.605 0.0200000233620478 0.0308221133351982 0.0125000334560797
0.61 0.0200000253346994 0.0303481310067018 0.012500030322434
0.615 0.0200000283172103 0.0298724469386564 0.0125000256988973
0.62 0.0200000201639582 0.0293951226281365 0.0125000178104669
0.625 0.020000027979577 0.0289159781646444 0.0125000087159078
0.63 0.0200000302189092 0.0284358743067823 0.0125000000604898
0.635 0.0200000289541939 0.0279543281309844 0.0124999916166636
0.64 0.0200000291447319 0.0274717461081706 0.01249998336121
0.645 0.0200000241897294 0.0269885448342676 0.0124999752908733
0.65 0.0200000291526462 0.0265042663102746 0.0124999673817634
0.655 0.0200000320611571 0.026019776445703 0.0124999621004187
0.66 0.020000027684871 0.0255347368609521 0.0124999590523878
0.665 0.0200000298706519 0.0250492605669369 0.0124999560223872
0.67 0.0200000281997383 0.0245640069299325 0.0124999571339672
0.675 0.0200000300744967 0.0240783492266794 0.0124999585393535
0.68 0.0200000321416222 0.0235928831812986 0.0124999612487326
0.685 0.0200000253471013 0.0231076241212112 0.0124999667133218
0.69 0.0200000302603842 0.0226223716492295 0.0124999720247812
0.695 0.0200000302048525 0.0221377327631808 0.0124999771951639
0.7 0.0200000285204245 0.0216531749110003 0.0124999823026233
0.705 0.0200000308905368 0.0211690169863363 0.0124999881633481
0.71 0.0200000239019309 0.0206854493316259 0.012499997447839
0.715 0.0200000292424139 0.0202019735697744 0.0125000064048145
0.72 0.0200000320229518 0.0197192558004315 0.0125000126068634
0.725 0.0200000294252501 0.0192367878275742 0.0125000172208601
0.73 0.0200000296121555 0.0187546457356912 0.0125000218557824
0.735 0.0200000253845759 0.0182732295032465 0.0125000224105888
0.74 0.0200000284725664 0.0177918665468253 0.012500023164069
0.745 0.0200000303767641 0.0173110444127638 0.0125000223360184
0.75 0.0200000239378104 0.0168305293857249 0.0125000194826708
0.755 0.020000028187551 0.0163500133644174 0.0125000167763564
0.76 0.0200000273715303 0.0158700238996452 0.0125000111125664
0.765 0.0200000263615052 0.0153898930943832 0.0125000050088494
0.77 0.0200000289088896 0.0149098442066627 0.0124999984241309
0.775 0.0200000217925097 0.0144299137502431 0.0124999889644468
0.78 0.0200000275009483 0.0139495970859332 0.0124999799276292
0.785 0.0200000304019253 0.0134694529981284 0.0124999735305264
0.79 0.0200000273128698 0.0129889187017753 0.012499968719295
0.795 0.0200000281334406 0.0125080093873894 0.0124999640086841
0.8 0.0200000243233753 0.0120270870671702 0.0124999632007351
0.805 0.0200000277770125 0.011545504903701 0.0124999623310077
0.81 0.0200000298387638 0.0110637306382098 0.0124999630265471
0.815 0.0200000229922546 0.010581459778972 0.0124999656996383
0.82 0.0200000274751428 0.010098411052864 0.0124999683254566
0.825 0.0200000266043951 0.00961514105646263 0.01249997373608
0.83 0.0200000264984815 0.00913094690701687 0.012499979657182
0.835 0.0200000301978867 0.00864577472163717 0.0124999860860179
0.84 0.0200000204589622 0.00815943898255003 0.0124999951394694
0.845 0.0200000261275933 0.00767146548058978 0.0125000038739187
0.85 0.020000028558684 0.00718209029884672 0.0125000123596697
0.855 0.0200000304542313 0.00668965562604887 0.0125000206208296
0.86 0.0200000294417063 0.0061920183663158 0.0125000285210956
0.865 0.0199996912464577 0.00568696256828908 0.0125000328326685
0.87 0.0199927881025601 0.00517156649758336 0.0125000372473451
0.875 0.0199047461705017 0.00501834656330401 0.0125000378663889
0.88 0.0197774895873068 0.00505199362338826 0.0125000374876385
0.885 0.0196435360387028 0.00507940049053325 0.0125000376795458
0.89 0.0195064384652235 0.00508910949136831 0.0125000382054781
0.895 0.0193667728647738 0.00508096724509334 0.0125000390397711
0.9 0.0192253232781333 0.00505598888046871 0.0125000401064158
0.905 0.0190826060821114 0.00501477347528528 0.0125000413946173
0.91 0.0189453825389313 0.00500086938552728 0.0125000426625926
0.915 0.0188066623242529 0.0049999303876751 0.01250004402808
0.92 0.0186649797919007 0.00499992775279884 0.0125000401788541
0.925 0.0185200868927541 0.00499992757178488 0.0125000333840137
0.93 0.0183719294379067 0.00499992623255787 0.0125000268635576
0.935 0.0182204751892433 0.00499992418442955 0.012500020628951
0.94 0.0180659904116297 0.00499992463011435 0.0125000146696033
0.945 0.0179088058120785 0.00499992374239538 0.0125000089858987
0.95 0.017749030028574 0.00499992585067703 0.0125000035329877
0.955 0.017586601597158 0.0049999259668668 0.0124999982876338
0.96 0.0174214759020613 0.00499992570442972 0.0124999937753912
0.965 0.0172537240675433 0.00499992528621745 0.0124999898714066
0.97 0.0170833790625211 0.00499992289715026 0.0124999861037382
0.975 0.0169104129476638 0.00499992368648403 0.012499982462512
0.98 0.0167349378419565 0.00499992386351154 0.0124999789496762
0.985 0.0165570412236348 0.0049999245214728 0.0124999755768446
0.99 0.0163767065745796 0.00499992593219023 0.012499972343389
0.995 0.0161940064419015 0.00499992575936944 0.0124999702357602
1 0.016009084461917 0.00499992543408059 0.0124999697821278
1.005 0.015821995353473 0.00499992291327503 0.0124999694012082
1.01 0.0156327043796437 0.00499992454652736 0.0124999690729782
1.015 0.0154413546800499 0.0049999235055347 0.0124999688033041
1.02 0.0152480446881742 0.00499992500791904 0.012499968602981
1.025 0.0150528078955605 0.0049999255695991 0.012499968478853
1.03 0.0148557860437298 0.00499992519364965 0.0124999707377904
1.035 0.0146571771761245 0.00499992362668852 0.0124999736611588
1.04 0.0144570167023603 0.00499992398440815 0.0124999765866751
1.045 0.0142553337622604 0.0049999240343455 0.0124999795190988
1.05 0.0140521956601599 0.00499992424502964 0.0124999824639031
1.055 0.0138475743067653 0.00499992554072651 0.0124999854400876
1.06 0.0136415789696798 0.00499992559928171 0.0124999892415834
1.065 0.0134344337022946 0.00499992446371113 0.0124999937465263
1.07 0.0132261865323535 0.00499992381965834 0.0124999982619545
1.075 0.0130168194624405 0.00499992494664343 0.0125000027878973
1.08 0.0128063685564619 0.00499992476665945 0.0125000073108775
1.085 0.0125947772772378 0.00499992618675456 0.0125000118461842
1.09 0.0123821596188798 0.00499992624295461 0.0125000154735593
1.095 0.0121688053780041 0.00499992492392606 0.0125000186035848
1.1 0.0119548206463947 0.00499992520752216 0.0125000218009361
1.105 0.0117402160290574 0.0049999247436388 0.0125000250650195
1.11 0.0115249892022011 0.00499992610520356 0.0125000283791976
1.115 0.0113090507701567 0.004999927421785 0.0125000317378219
1.12 0.0110925001727087 0.00499992702580687 0.0125000325643638
1.125 0.0108755734512188 0.00499992613350187 0.0125000327663505
1.13 0.0106582938513725 0.00499992537737874 0.0125000331042587
1.135 0.0104406210635136 0.00499992527377176 0.0125000335634526
1.14 0.0102224107522455 0.00499992707497058 0.01250003413517
1.145 0.0100035054009143 0.00499992749907389 0.0125000348167865
1.15 0.00978404389580982 0.00499992669802562 0.0125000342755376
1.155 0.00956423155519173 0.00499992414929805 0.0125000338936762
1.16 0.00934405808474123 0.00499992548549617 0.0125000336272253
1.165 0.00912350918507384 0.00499992551242332 0.01250003347199
1.17 0.008902495913718 0.00499992776319782 0.0125000334350425
1.175 0.00868095939634464 0.00499992750043927 0.0125000327295901
1.18 0.00845907520145958 0.00499992628030759 0.0125000309306665
1.185 0.00823692752154628 0.00499992534032276 0.0125000292898246
1.19 0.00801450665530564 0.0049999262973802 0.0125000278084381
1.195 0.00779182768463592 0.00499992683383591 0.0125000264703703
1.2 0.00756882178914251 0.0049999288336261 0.0125000252768474
1.205 0.00734557642628698 0.00499992770109428 0.0125000237086516
1.21 0.00712219049895383 0.0049999269914477 0.0125000220803608
1.215 0.00689858202422644 0.00499992586675937 0.0125000205892712
1.22 0.00667462625282513 0.00499992576372959 0.012500019222236
1.225 0.00645026860411107 0.00499992929367662 0.0125000179805161
1.23 0.00622560023101008 0.00499993044343217 0.0125000168334328
1.235 0.0060010270906103 0.00499993127161701 0.0125000154615009
1.24 0.00577695176099479 0.0049999319724123 0.0125000142188661
1.245 0.00555353772677074 0.00499993239239744 0.012500013085938
1.25 0.0053305798461506 0.00499993332785019 0.0125000120574049
1.255 0.00510780458406397 0.00499993308800936 0.012500011106401
1.26 0.00500238011343646 0.00502028398766356 0.012500009415638
1.265 0.00502072657786976 0.00504836358466823 0.0125000072140034
1.27 0.00504032647557991 0.00506329295089872 0.0125000050498666
1.275 0.00505780798444304 0.00506434888155219 0.0125000028870106
1.28 0.00507315700648154 0.00505210769447159 0.0125000007225509
1.285 0.00508718886700022 0.00502786199815472 0.0124999985525426
1.29 0.00509880924286084 0.0050007370593923 0.0124999964418972
1.295 0.00510504331617029 0.00500005437566104 0.0124999944632696
1.3 0.00511290952202021 0.00499994208340815 0.0124999924408413
1.305 0.00512159297804147 0.00499994289704228 0.0124999904221749
1.31 0.00513102887736567 0.00499994321427144 0.0124999884114282
1.315 0.00514119303833935 0.00499994353458149 0.0124999864191726
1.32 0.00515198639470973 0.0049999433711435 0.0124999844662559
1.325 0.00516332195672042 0.00499994314974974 0.0124999825446163
1.33 0.00517512290488716 0.00499994315443035 0.0124999806557285
1.335 0.00518731637629085 0.00499994304693935 0.0124999787957488
1.34 0.00519983551284217 0.00499994288834828 0.0124999769560763
1.345 0.00521262754821056 0.00499994264443878 0.0124999751323084
1.35 0.00522564778642921 0.00499994225780868 0.0124999733314002
1.355 0.00523885864822241 0.00499994196601573 0.0124999715548513
1.36 0.00525221833410631 0.0049999417228807 0.0124999698032885
1.365 0.00526570343648819 0.00499994144510647 0.0124999680726943
1.37 0.00527930882907763 0.00499994116506169 0.0124999663634871
1.375 0.00529301084031281 0.00499994085559955 0.0124999646761437
1.38 0.00530677571240161 0.00499994054289766 0.0124999630097284
1.385 0.00532057152426852 0.00499994021315869 0.0124999613606743
1.39 0.0053343697439274 0.00499993984955565 0.0124999597249712
1.395 0.00534814624074857 0.00499994132421299 0.0124999580972425
1.4 0.00536189123079802 0.00499994114402403 0.012499956461107
1.405 0.00537560125543411 0.00499994081170788 0.0124999548199924
1.41 0.00538927919086364 0.00499994033774879 0.0124999531683918
1.415 0.00540293045709342 0.00499993914362034 0.0124999515055544
1.42 0.0054165542310399 0.00499993910990558 0.0124999498480984
1.425 0.00543015286608728 0.00499993894294784 0.0124999481837944
1.43 0.00544372785152407 0.00499993878786446 0.0124999465048738
1.435 0.00545727295595736 0.00499993991971353 0.0124999448135347
1.44 0.00547078202296412 0.00499994001400869 0.0124999430951259
1.445 0.00548425302531325 0.00499994006348097 0.0124999413573841
1.45 0.00549768249201571 0.00499994002703953 0.0124999395985765
1.455 0.00551106794590268 0.00499993993166579 0.0124999378208477
1.46 0.00552440965339564 0.00499994008790104 0.0124999360219961
1.465 0.00553771156198073 0.00499994064063875 0.0124999342077099
1.47 0.00555097607412681 0.0049999407324425 0.0124999323705485
1.475 0.00556420757406264 0.00499993963165738 0.0124999305171908
1.48 0.00557740816378468 0.004999939739377 0.0124999286486975
