/*--------------------------------*- C++ -*----------------------------------*\
| =========                 |                                                 |
| \\      /  F ield         | OpenFOAM: The Open Source CFD Toolbox           |
|  \\    /   O peration     | Version:  4.x                                   |
|   \\  /    A nd           | Web:      www.OpenFOAM.org                      |
|    \\/     M anipulation  |                                                 |
\*---------------------------------------------------------------------------*/
FoamFile
{
    version     2.0;
    format      ascii;
    class       surfaceScalarField;
    location    "10000";
    object      phi;
}
// * * * * * * * * * * * * * * * * * * * * * * * * * * * * * * * * * * * * * //

dimensions      [1 0 -1 0 0 0 0];

internalField   nonuniform List<scalar> 
3175
(
9.497829155e-06
-9.877840274e-13
-2.153387481e-13
9.49782803e-06
5.529652246e-13
6.262865929e-14
9.497831989e-06
3.456331081e-13
1.67138879e-13
9.49782998e-06
-2.018700358e-12
2.512839512e-13
9.497831616e-06
-1.484683306e-12
-3.414348826e-13
9.497831489e-06
-2.742558963e-12
-4.241923736e-13
9.497832649e-06
-3.022450896e-12
-1.992218536e-13
9.497836275e-06
-2.708890072e-12
-4.785129447e-13
9.49784103e-06
-3.442710511e-12
-4.271532309e-13
9.49784773e-06
-3.5527752e-12
-3.242368152e-12
9.49785456e-06
-4.766932719e-12
-4.180777172e-12
9.497867343e-06
-7.036833272e-12
-8.496488414e-12
9.497886774e-06
-9.358031772e-12
-9.624219404e-12
9.497903165e-06
-1.079852908e-11
-9.577827881e-12
-1.794147977e-11
9.497878482e-06
5.005425694e-13
2.316309761e-14
9.497874929e-06
-3.693057308e-13
-7.509228749e-13
9.497877753e-06
-1.027688556e-12
-6.264532544e-13
9.497877433e-06
-1.340291007e-12
-1.070430168e-12
9.497875921e-06
-3.387729182e-12
-9.064663974e-13
9.497877269e-06
-1.86493637e-12
-2.028489193e-13
9.49787885e-06
-3.321014138e-12
1.784635336e-13
9.497882842e-06
-3.225790769e-12
-1.31026453e-12
9.497888089e-06
-3.337154669e-12
-1.330540707e-12
9.497894784e-06
-6.54304385e-12
-3.525134962e-12
9.497900538e-06
-9.229506888e-12
-5.859899288e-12
9.497914835e-06
-1.409316524e-11
-8.506602647e-12
9.497932071e-06
-1.77980309e-11
-1.190647102e-11
9.497954183e-06
-1.916655875e-11
-9.351552467e-12
-3.725271669e-11
-2.880539701e-11
9.497844957e-06
1.767922225e-13
1.044187312e-13
9.497843923e-06
-4.302425783e-13
-4.06878811e-13
9.497845521e-06
1.3021565e-13
-5.441308683e-13
9.497845622e-06
1.043262397e-12
7.818871783e-13
9.49784841e-06
9.534096221e-13
7.10390692e-13
9.497845757e-06
-1.982065581e-12
-1.221104899e-12
9.497848271e-06
-1.716635016e-12
6.983211204e-13
9.497851335e-06
-2.20692675e-12
-1.750898076e-12
9.49785227e-06
-4.894271012e-12
-2.100660109e-12
9.497857649e-06
-5.637757965e-12
-3.570691821e-12
9.497860263e-06
-7.593481311e-12
-6.716522447e-12
9.497875717e-06
-1.2373882e-11
-1.516881696e-11
9.497891473e-06
-1.698600175e-11
-1.768778202e-11
9.497922821e-06
-1.885156834e-11
-2.238758166e-11
-4.693142584e-11
-6.823634298e-11
9.497840084e-06
1.455287883e-13
-4.083286807e-13
9.497840494e-06
3.705140027e-13
-7.290654677e-13
9.497841616e-06
6.7474954e-13
6.3015805e-13
9.49784075e-06
-8.01201404e-13
-7.641433974e-13
9.497838697e-06
-1.643641194e-12
-4.470153136e-13
9.497842343e-06
-4.772520489e-13
-9.524671055e-13
9.497844312e-06
-6.313519686e-14
1.514584169e-13
9.497844216e-06
-1.641950287e-12
-2.22204005e-12
9.497847065e-06
-1.780820464e-12
-2.588516682e-12
9.497853712e-06
-4.991742462e-12
-5.781319583e-12
9.497857916e-06
-7.075187528e-12
-6.443527758e-12
9.497874558e-06
-1.170642336e-11
-1.803406497e-11
9.497891468e-06
-1.674510562e-11
-1.596103607e-11
9.497925507e-06
-2.706588443e-11
-2.672436002e-11
-4.665100815e-11
-9.353575861e-11
9.49781006e-06
3.599303169e-13
-5.795777678e-13
9.497810364e-06
5.556641279e-13
-8.322048223e-13
9.497811703e-06
6.628258246e-13
-9.303612879e-13
9.497810864e-06
-1.250421461e-12
-1.281984091e-12
9.497810789e-06
3.204150131e-13
-2.874419145e-13
9.497811588e-06
5.218000705e-13
6.008170798e-13
9.497811365e-06
1.158873675e-12
-1.939693072e-13
9.497811489e-06
8.997929075e-13
-5.249238289e-12
9.49780937e-06
2.670719342e-12
-5.132921606e-12
9.497814009e-06
4.49949329e-12
-9.084056498e-12
9.497811986e-06
7.517061862e-12
-1.206049132e-11
9.497823479e-06
1.260488202e-11
-3.747308815e-11
9.497825407e-06
1.763729027e-11
-4.335756061e-11
9.497883959e-06
2.622671478e-11
-1.120481253e-10
4.469793222e-11
-2.640751119e-10
9.497819262e-06
4.048008872e-14
-4.386348596e-13
9.497820506e-06
7.423239791e-13
1.828200118e-13
9.497817847e-06
-3.804148751e-13
-6.227285985e-13
9.497820223e-06
9.237193757e-13
-1.662448884e-12
9.497820248e-06
6.85656641e-14
-1.014435861e-12
9.497821833e-06
7.124413722e-13
1.826134662e-15
9.497822266e-06
1.469036547e-12
-9.983223637e-13
9.49782565e-06
2.150404427e-12
-2.490257778e-12
9.497824717e-06
1.680750737e-12
-2.828975125e-12
9.49783211e-06
4.754365842e-12
-6.044474413e-12
9.497838126e-06
5.688646719e-12
-5.352731811e-12
9.49785492e-06
1.129540006e-11
-1.637487436e-11
9.497871065e-06
1.539148597e-11
-1.498166711e-11
9.497904405e-06
1.93144452e-11
-2.766427457e-11
4.70744391e-11
-9.18404937e-11
9.497833653e-06
-2.565547443e-13
-5.538613731e-14
9.497832749e-06
2.315134465e-14
-7.603643452e-13
9.497833001e-06
-5.528288029e-13
-1.101888101e-12
9.497833022e-06
1.761956961e-13
-1.521666426e-12
9.497835311e-06
2.010866086e-12
6.872752262e-13
9.497837273e-06
2.540297481e-12
9.250700137e-13
9.497838489e-06
1.417377777e-12
7.502550511e-14
9.497838378e-06
1.896715991e-12
-1.988008686e-12
9.497840627e-06
3.768833292e-12
-1.908757202e-12
9.497847669e-06
7.022846222e-12
-4.093180178e-12
9.497852962e-06
8.796812015e-12
-5.924483968e-12
9.497865393e-06
1.129018352e-11
-1.459255519e-11
9.497884872e-06
1.520678312e-11
-1.803504734e-11
9.497910714e-06
1.648626783e-11
-2.559616495e-11
3.650554096e-11
-6.685457465e-11
9.497806975e-06
3.68943292e-13
7.253089453e-13
9.497805619e-06
-1.14587025e-13
8.196477546e-13
9.49780773e-06
9.26244055e-14
6.948322365e-13
9.497807385e-06
-3.922893676e-13
-5.714571662e-13
9.497809439e-06
1.829505335e-14
-3.342466717e-13
9.497808149e-06
6.044777339e-14
-5.183026936e-13
9.497810082e-06
1.03914058e-12
-2.106965054e-14
9.497815065e-06
2.400065521e-12
-1.804592335e-12
9.497816427e-06
3.380525331e-12
-3.519856048e-12
9.497822697e-06
4.340068507e-12
-5.197314097e-12
9.49782982e-06
4.843185944e-12
-5.099798017e-12
9.497842023e-06
7.364383649e-12
-6.467154752e-12
9.497864566e-06
9.872221273e-12
-1.023138778e-11
9.497884065e-06
7.746782389e-12
-1.023771584e-11
1.821341682e-11
-2.686792652e-11
9.497802992e-06
8.627213802e-13
9.497803113e-06
1.710991282e-13
9.497804064e-06
7.855912448e-13
9.497806733e-06
1.33147126e-12
9.497806652e-06
2.000927524e-13
9.497808563e-06
-5.56227097e-14
9.497810542e-06
2.952138116e-13
9.49781546e-06
-8.306605563e-13
9.497817706e-06
-3.657944545e-12
9.497822431e-06
-2.894246237e-12
9.497830051e-06
-3.903122907e-12
9.497841865e-06
-6.349593531e-12
9.497862312e-06
-9.699157518e-12
9.497883254e-06
-7.926098853e-12
-1.70900119e-11
9.497848055e-06
-9.677172466e-13
-3.790431844e-13
9.49784707e-06
4.376016219e-13
2.173830827e-13
9.497849118e-06
5.268157032e-13
1.681013336e-13
9.497848534e-06
-1.908542083e-12
-1.075096875e-12
9.497849569e-06
-1.3916601e-12
-1.244006228e-13
9.4978501e-06
-2.2499567e-12
-6.903133596e-14
9.497851835e-06
-1.763047516e-12
-7.627285623e-13
9.497855821e-06
-3.202724091e-12
-1.644983003e-12
9.497858509e-06
-4.174507739e-12
-4.311382513e-12
9.497866063e-06
-5.501609593e-12
-6.008585264e-12
9.49787308e-06
-6.238228701e-12
-8.707030593e-12
9.497889157e-06
-7.073511223e-12
-1.400136628e-11
9.49790962e-06
-1.166235978e-11
-1.716747168e-11
-1.146315492e-11
-1.821377741e-11
9.497826434e-06
2.183022981e-13
-5.032924319e-13
9.497824094e-06
2.338635587e-13
-2.336646644e-14
9.497824721e-06
-3.963800428e-13
3.309158351e-13
9.497826586e-06
-4.259210048e-13
2.741221483e-13
9.497826437e-06
-2.012719726e-12
-4.237866148e-13
9.497826279e-06
-1.162676817e-12
1.065790977e-13
9.497824041e-06
-2.859798571e-12
1.908872743e-13
9.497829538e-06
-2.954786955e-12
-1.737188963e-12
9.49783175e-06
-3.830722582e-12
-2.742259757e-12
9.497836317e-06
-6.96320365e-12
-6.874636734e-12
9.497843593e-06
-9.333154958e-12
-1.019998022e-11
9.497857303e-06
-1.685358179e-11
-1.906500427e-11
9.497877967e-06
-2.02094359e-11
-2.156459632e-11
9.497901745e-06
-2.277148994e-11
-2.610877649e-11
-5.953125395e-11
9.497759945e-06
-3.433328281e-13
-8.029783365e-13
9.497756795e-06
-1.01676728e-12
6.594289123e-14
9.497759242e-06
3.921877152e-13
5.686473751e-13
9.497757862e-06
5.377299372e-14
-1.001809684e-14
9.49775991e-06
5.763723149e-13
8.742245654e-14
9.497760764e-06
-1.589986961e-12
-1.067152415e-12
9.497760827e-06
-1.70352947e-12
-3.729227771e-13
9.497764188e-06
-2.602272863e-12
-4.076169098e-12
9.497764875e-06
-4.953389368e-12
-6.131321546e-12
9.49776778e-06
-7.783431691e-12
-1.223370479e-11
9.497771611e-06
-9.057714725e-12
-1.383279877e-11
9.497788383e-06
-1.87706376e-11
-3.071410522e-11
9.497804745e-06
-2.071696535e-11
-3.641410885e-11
9.497842441e-06
-3.273514639e-11
-6.172041196e-11
-8.620722773e-11
-1.520532807e-10
9.497839564e-06
1.275196043e-13
-8.183383472e-13
9.497840362e-06
6.562972956e-13
4.099072049e-13
9.497839561e-06
-1.19814694e-13
-3.072412763e-13
9.49783926e-06
-1.230959348e-12
-5.998947151e-13
9.497838422e-06
-6.546179713e-13
-1.525369079e-12
9.497842768e-06
9.150825934e-13
-5.986870072e-13
9.497841075e-06
-1.197011427e-12
-1.629866217e-12
9.497842905e-06
-3.548517404e-12
-5.255224842e-12
9.49784507e-06
-3.176233332e-12
-5.244778364e-12
9.497848406e-06
-6.848384665e-12
-1.199316909e-11
9.497851785e-06
-8.885696542e-12
-1.146523119e-11
9.497874298e-06
-1.947002875e-11
-3.574590966e-11
9.497888673e-06
-2.800400823e-11
-2.484053787e-11
9.497950001e-06
-5.075484796e-11
-7.11450299e-11
-9.006278829e-11
-2.16309405e-10
9.497800185e-06
6.804053099e-13
-3.353206254e-13
9.497801203e-06
6.666724527e-13
-1.567750487e-12
9.497800147e-06
2.257249702e-14
-1.62694316e-12
9.497801185e-06
-1.335062621e-12
-2.119197827e-12
9.497801401e-06
-8.674642929e-13
-1.771115706e-12
9.497800355e-06
-1.432120125e-12
-2.604940049e-12
9.497799404e-06
4.608105265e-13
-1.928457186e-12
9.497802717e-06
1.788937604e-12
-4.932526569e-12
9.497801227e-06
4.111655894e-12
-6.45528029e-12
9.49780038e-06
5.642704111e-12
-1.85102828e-11
9.497795408e-06
9.373573011e-12
-2.067021696e-11
9.497801784e-06
2.027208674e-11
-8.447369882e-11
9.497784825e-06
2.707290576e-11
-8.427304664e-11
9.497912858e-06
4.890456062e-11
-3.406330914e-10
8.904122819e-11
-7.382183444e-10
9.497878444e-06
1.770476405e-13
-3.860441445e-14
9.497879597e-06
1.86323745e-13
-1.272114839e-12
9.497877914e-06
-3.312437177e-13
-6.288389626e-13
9.497882482e-06
1.051154239e-12
-1.120370449e-13
9.497881473e-06
1.462887573e-12
-9.040298563e-13
9.49787856e-06
2.049055509e-12
-1.18492625e-12
9.497878539e-06
3.334234471e-12
-5.936690127e-13
9.497883675e-06
4.522473684e-12
-2.581761179e-12
9.497881828e-06
2.568662651e-12
-5.611769223e-12
9.497887896e-06
6.265639913e-12
-1.193713591e-11
9.497891802e-06
6.932922753e-12
-1.018794784e-11
9.497912391e-06
1.58929942e-11
-3.810598031e-11
9.497926716e-06
1.920311666e-11
-2.475111367e-11
9.497991944e-06
3.192936825e-11
-6.979659278e-11
8.62369465e-11
-2.167882535e-10
9.497767321e-06
2.141897403e-13
-1.351569539e-12
9.497765141e-06
1.842285139e-13
-7.438019799e-13
9.497766555e-06
8.88479788e-13
3.001487692e-13
9.497766077e-06
1.260813434e-12
-6.820173011e-13
9.497766882e-06
8.025712265e-13
-1.336649007e-12
9.497766743e-06
1.098281097e-12
-1.231665154e-12
9.497767815e-06
1.350793752e-12
-1.474868052e-12
9.497770167e-06
1.619756146e-12
-4.157556433e-12
9.497770987e-06
2.650884474e-12
-5.116502718e-12
9.497775623e-06
6.263151855e-12
-1.116436546e-11
9.497779767e-06
9.378050485e-12
-1.190026263e-11
9.497795092e-06
1.672197549e-11
-2.905854418e-11
9.497810837e-06
2.035314817e-11
-3.500617201e-11
9.497852057e-06
2.290451854e-11
-5.930038262e-11
6.008066408e-11
-1.514220535e-10
9.497875891e-06
4.689631653e-13
-1.898040056e-12
9.497874993e-06
8.69997361e-14
-6.540373991e-13
9.497877612e-06
5.253424876e-13
7.724457851e-13
9.497878363e-06
5.935467732e-13
7.315886494e-14
9.497877969e-06
-9.193139402e-13
-1.093516228e-12
9.49787828e-06
-1.335127991e-14
-1.206018381e-12
9.497879e-06
8.589492785e-13
-1.30995198e-12
9.497883526e-06
3.280100004e-12
-1.204855198e-12
9.497886769e-06
3.832106265e-12
-2.80321097e-12
9.497894737e-06
4.933142311e-12
-6.059926337e-12
9.497900864e-06
5.629108671e-12
-1.02533939e-11
9.497912566e-06
7.437383607e-12
-1.642666382e-11
9.497933661e-06
1.056719354e-11
-1.970508736e-11
9.497959338e-06
1.002806398e-11
-2.35509551e-11
2.812368402e-11
-6.025643446e-11
9.497782526e-06
-1.693477252e-12
9.497782297e-06
-2.585473345e-13
9.497781724e-06
-2.933501794e-13
9.497782327e-06
-8.534166347e-13
9.497784415e-06
-2.275063098e-13
9.497785345e-06
-8.616230376e-13
9.497785715e-06
-1.308571549e-12
9.497787918e-06
-1.476974673e-12
9.497791871e-06
-3.951519382e-12
9.497797532e-06
-5.630737353e-12
9.497802508e-06
-7.88638499e-12
9.497818068e-06
-1.185087304e-11
9.497839145e-06
-1.659712332e-11
9.497860656e-06
-1.714875147e-11
-3.800896527e-11
9.497831172e-06
-1.041751742e-12
1.411506459e-13
9.497829046e-06
-2.588655516e-13
3.61022288e-13
9.497829586e-06
-9.018006274e-13
-1.278209375e-12
9.497831172e-06
-1.489439949e-12
-1.778788142e-12
9.497832284e-06
-1.259799056e-12
-2.61079434e-12
9.497831443e-06
-1.426313088e-12
-1.042055959e-12
9.497832703e-06
-1.520001943e-12
-1.726381433e-12
9.497834474e-06
-3.122619282e-12
-3.000752904e-12
9.497834923e-06
-3.07958859e-12
-4.745459426e-12
9.497840154e-06
-5.994775641e-12
-6.220247467e-12
9.497846209e-06
-7.007780583e-12
-6.998461446e-12
9.497862293e-06
-1.349226068e-11
-1.25157667e-11
9.497879474e-06
-1.986787932e-11
-1.834039916e-11
-2.714017299e-11
-2.010386493e-11
9.497889771e-06
1.010577512e-13
4.34114625e-13
9.497887442e-06
-5.398961015e-13
-1.117214952e-12
9.497887539e-06
-3.678696933e-13
-3.862036791e-13
9.497888724e-06
-5.282126697e-13
-4.077728107e-13
9.497888314e-06
-2.482747171e-12
-7.428956025e-13
9.497890216e-06
-2.640530679e-12
-7.531966819e-13
9.497886574e-06
-3.048238314e-12
-1.881169307e-12
9.497891836e-06
-4.918200687e-12
-2.270852728e-12
9.497890882e-06
-6.546271364e-12
-4.207548891e-12
9.497896601e-06
-9.99570232e-12
-6.303567106e-12
9.497899888e-06
-1.273440204e-11
-8.126318811e-12
9.497917476e-06
-2.880540263e-11
-1.865522552e-11
9.497930287e-06
-3.495918524e-11
-2.086253634e-11
-5.891938112e-11
-3.172647552e-11
9.497858041e-06
-1.08273026e-13
-9.583897706e-13
9.497855621e-06
-8.718383768e-13
-5.230352954e-13
9.497856213e-06
-6.376616588e-13
6.901698814e-14
9.497854567e-06
-1.786733816e-13
5.012800028e-13
9.497856597e-06
-7.916151523e-13
6.419141482e-13
9.497857697e-06
-2.039772057e-12
8.912218277e-13
9.497854287e-06
-2.214210597e-12
-1.069057744e-12
9.497856261e-06
-4.270800347e-12
-1.429579636e-12
9.497855549e-06
-5.401303039e-12
-4.857139277e-12
9.497854643e-06
-1.027551716e-11
-1.126403593e-11
9.497851077e-06
-1.187668604e-11
-1.211945846e-11
9.497865244e-06
-3.457615318e-11
-3.602222498e-11
9.497866072e-06
-3.552782559e-11
-3.581518708e-11
9.497950002e-06
-1.025226702e-10
-1.016934567e-10
-2.630573339e-10
9.497818829e-06
8.797794792e-13
-7.319167426e-13
9.497818558e-06
-6.273265359e-13
-4.106719832e-13
9.497820106e-06
-5.805550576e-13
9.641554163e-15
9.497818247e-06
-1.834477672e-12
-6.061337681e-14
9.49781969e-06
-1.267528307e-12
1.200846042e-12
9.497820876e-06
-3.676430778e-13
9.403579951e-13
9.497819072e-06
-1.711064535e-12
-1.034529397e-12
9.497819587e-06
-3.009937693e-12
-1.591483423e-12
9.497819045e-06
-4.543262429e-12
-3.701789477e-12
9.497816342e-06
-1.027336674e-11
-1.361501103e-11
9.497817509e-06
-1.316014964e-11
-8.111511285e-12
9.497835408e-06
-4.281925723e-11
-5.03461112e-11
9.497838407e-06
-5.754307227e-11
-9.939794797e-12
9.497986009e-06
-1.541807953e-10
-1.658692154e-10
-2.820225221e-10
-4.550775217e-10
9.497875519e-06
1.129969377e-13
-6.254880947e-13
9.497876203e-06
6.757862626e-13
-2.213656735e-13
9.497875172e-06
2.992376424e-13
1.185143201e-12
9.497875201e-06
-2.774902123e-13
-1.9850798e-13
9.497875102e-06
-6.06365175e-14
-4.977370881e-13
9.497874145e-06
1.124429048e-12
-3.223590741e-13
9.49787018e-06
1.48077541e-12
-5.110396607e-13
9.49786674e-06
2.970397963e-12
-3.418605263e-12
9.497860434e-06
3.989757271e-12
-5.755525507e-12
9.497844704e-06
9.248834865e-12
-2.233390554e-11
9.497818828e-06
1.438036862e-11
-2.202465613e-11
9.4977897e-06
4.039244562e-11
-1.417873066e-10
9.497693286e-06
5.628480993e-11
-1.013114109e-10
9.498036353e-06
1.540841955e-10
-9.960419909e-10
2.817530706e-10
-2.04381928e-09
9.497857684e-06
-7.846046553e-13
-4.433725254e-13
9.497858483e-06
4.208301462e-13
-1.067620273e-13
9.497856903e-06
1.223744817e-12
-1.627792094e-13
9.497858294e-06
5.310401585e-13
6.516530486e-13
9.497859405e-06
1.151603524e-12
-7.059755262e-13
9.497857386e-06
1.623526874e-12
-1.498047512e-12
9.497854996e-06
2.309546858e-12
-4.49491064e-13
9.49785389e-06
3.240930579e-12
-1.190988939e-12
9.497854463e-06
4.186520366e-12
-2.089341043e-12
9.49785384e-06
8.806981731e-12
-1.321017496e-11
9.497850685e-06
9.761304101e-12
-8.944162187e-12
9.497874279e-06
3.630415024e-11
-4.88525013e-11
9.497877628e-06
3.533717526e-11
-8.396201647e-12
9.49802266e-06
1.019924806e-10
-1.661255241e-10
2.630935254e-10
-4.535703837e-10
9.497835973e-06
4.204757056e-13
-2.086596607e-13
9.497836526e-06
4.854144265e-13
1.929950229e-13
9.497835947e-06
1.4593364e-12
9.062829876e-13
9.497837174e-06
1.846562399e-12
4.443204417e-13
9.497837833e-06
1.597909174e-12
-2.66321576e-13
9.497836315e-06
4.655305881e-13
-1.981154515e-12
9.49783379e-06
8.761178195e-13
-1.871834067e-12
9.497834039e-06
3.68965055e-12
-3.456855869e-12
9.497833512e-06
5.078936077e-12
-3.252524167e-12
9.497835849e-06
1.144988019e-11
-8.568581567e-12
9.497831322e-06
1.107860468e-11
-1.004984493e-11
9.497843702e-06
2.820342182e-11
-3.577345527e-11
9.497845401e-06
3.448821595e-11
-3.604982902e-11
9.497928833e-06
5.827908927e-11
-1.04010874e-10
1.512906004e-10
-2.629618123e-10
9.497785223e-06
2.171240747e-14
1.075503115e-12
9.497784416e-06
7.514234492e-13
5.261917882e-13
9.497784465e-06
-1.046831617e-13
-2.762509399e-13
9.497785838e-06
-1.548188376e-13
-8.150719723e-15
9.497788136e-06
4.306690408e-13
7.318431237e-13
9.49778805e-06
2.694837448e-13
3.809365173e-13
9.497787629e-06
8.51410448e-13
-2.13442494e-12
9.49779209e-06
3.031177623e-12
-1.76312646e-12
9.49779315e-06
2.718481225e-12
-3.309011168e-12
9.49779487e-06
5.667632002e-12
-6.394105482e-12
9.497800608e-06
8.207820422e-12
-5.989462419e-12
9.497815733e-06
1.441186595e-11
-1.79993805e-11
9.497828972e-06
1.775045693e-11
-2.008331356e-11
9.497871126e-06
2.485515018e-11
-3.185698798e-11
6.668199608e-11
-8.68721258e-11
9.497889677e-06
9.170811133e-13
9.497887977e-06
-7.426959831e-13
9.497886638e-06
-1.381848555e-12
9.497888539e-06
9.852202449e-13
9.497890184e-06
8.186346979e-13
9.49789066e-06
7.610581745e-13
9.497891662e-06
-1.015254163e-12
9.497892656e-06
-2.102640159e-12
9.497894988e-06
-2.090577448e-12
9.497898329e-06
-5.420649191e-12
9.49790162e-06
-6.985287197e-12
9.497917076e-06
-1.14670595e-11
9.497934488e-06
-1.533753149e-11
9.497961058e-06
-1.944501716e-11
-4.661455925e-11
9.497817315e-06
-5.172580851e-13
4.264267771e-13
9.497815005e-06
-1.561186977e-12
1.699906255e-13
9.497818977e-06
1.247453227e-13
1.67582982e-12
9.497819563e-06
1.964778642e-13
2.512158039e-12
9.497819345e-06
-1.183950363e-13
2.274399477e-12
9.497818232e-06
-2.288522984e-12
-2.723750451e-13
9.497818207e-06
-1.843190673e-12
-1.177698618e-12
9.497820182e-06
-2.739925816e-12
-9.433024458e-13
9.497823867e-06
-2.582362699e-12
-2.459304888e-12
9.497828273e-06
-6.753102534e-12
-3.16940227e-12
9.497831279e-06
-7.722844183e-12
-5.745022343e-12
9.497849237e-06
-1.851062142e-11
-1.195491901e-11
9.497867896e-06
-1.549846381e-11
-1.953903188e-11
-2.754541733e-11
-2.940617515e-11
9.497780653e-06
-1.030563181e-12
-5.417091411e-13
9.497780477e-06
-4.445321222e-13
4.645445224e-13
9.497778034e-06
-1.543520075e-12
-6.876587924e-13
9.497779781e-06
6.229314043e-13
1.43032765e-12
9.497779643e-06
-1.095797426e-12
2.581728258e-12
9.497781125e-06
-1.360783761e-12
9.736607858e-13
9.497780512e-06
-1.859035468e-12
-6.385030084e-13
9.497781121e-06
-4.232653987e-12
-7.964884748e-13
9.497782718e-06
-6.455841651e-12
-1.830537016e-12
9.497787532e-06
-1.320040618e-11
-5.245515379e-12
9.497791384e-06
-1.296648757e-11
-7.27278488e-12
9.497814267e-06
-3.584130071e-11
-1.8952264e-11
9.497830797e-06
-2.393645743e-11
-2.832747061e-11
-7.006625881e-11
-5.202866891e-11
9.497851837e-06
2.611621091e-14
9.223764823e-13
9.49785078e-06
1.025715771e-13
-6.681761362e-13
9.497851188e-06
4.952387469e-13
-4.763782141e-13
9.497850659e-06
-6.733707421e-13
1.663305756e-13
9.497852564e-06
-1.152609261e-13
1.90581114e-12
9.497852487e-06
-1.822512906e-12
8.318795725e-13
9.497851948e-06
-2.931150799e-12
-1.18513343e-14
9.497849353e-06
-3.573383721e-12
-5.249767273e-13
9.497849021e-06
-4.364000718e-12
-1.53920874e-12
9.497847234e-06
-1.239374307e-11
-8.159956076e-12
9.497848301e-06
-7.089215179e-12
-1.309232545e-11
9.497865554e-06
-4.939930859e-11
-4.25355807e-11
9.497868497e-06
-9.653896176e-12
-5.905715979e-11
-1.653149421e-10
-1.559216547e-10
9.497804392e-06
1.418871097e-12
5.720570462e-13
9.497803683e-06
-1.130925031e-12
2.653589249e-13
9.497803932e-06
2.074942148e-13
-5.453348745e-13
9.497803715e-06
-8.036644434e-13
6.420997962e-13
9.497803269e-06
-1.96085145e-12
1.669316258e-12
9.497804288e-06
-2.020059007e-13
1.000502379e-12
9.497806986e-06
-4.125382504e-13
7.009900344e-13
9.497802999e-06
-2.919409524e-12
-1.726343966e-12
9.497804072e-06
-4.666953578e-12
-2.85287212e-12
9.497804302e-06
-1.283429943e-11
-1.206182886e-11
9.497824288e-06
-1.738940242e-11
-1.773574669e-11
9.497866125e-06
-7.192075449e-11
-7.22735708e-11
9.497985095e-06
-7.026532134e-11
-6.90006923e-11
9.498213471e-06
-2.802649942e-10
-2.801701158e-10
-4.368798556e-10
9.497783265e-06
-4.450655002e-14
-1.311884135e-13
9.497786043e-06
1.019170784e-12
9.728050203e-13
9.497784102e-06
-6.487779008e-13
5.00599416e-13
9.497782942e-06
-5.261940131e-13
8.736000879e-13
9.497784093e-06
-2.052554834e-13
3.277773054e-13
9.49778195e-06
-1.914904912e-13
5.67467519e-13
9.497778708e-06
1.578136274e-12
-5.45618175e-13
9.497768899e-06
3.611793386e-12
-3.492751692e-12
9.49776311e-06
5.482759957e-12
-5.370544826e-12
9.497732569e-06
1.301216242e-11
-2.395883081e-11
9.497712696e-06
1.80648741e-11
-3.651619828e-11
9.497630193e-06
7.077148985e-11
-1.979742483e-10
9.497702358e-06
6.963819477e-11
-3.112016072e-10
9.498427749e-06
2.785630931e-10
-2.276398193e-09
4.369268862e-10
-3.453595989e-09
9.497859023e-06
-4.516306029e-13
-1.509632334e-12
9.497858643e-06
-3.473490663e-14
-3.780072173e-13
9.497859147e-06
1.235398197e-12
1.431461089e-12
9.497857682e-06
9.40197458e-13
9.650581138e-13
9.497859602e-06
2.338206368e-12
1.015216576e-12
9.497860433e-06
8.91582344e-13
3.368438157e-13
9.497858595e-06
8.547716905e-13
-3.549595432e-13
9.497854724e-06
1.160037639e-12
-1.988102719e-12
9.497856966e-06
3.224523489e-12
-4.013226853e-12
9.497858098e-06
1.293589739e-11
-1.413016638e-11
9.497875286e-06
8.402719992e-12
-1.721456527e-11
9.497919696e-06
4.859845211e-11
-7.069294425e-11
9.498037917e-06
7.924626689e-12
-7.049398195e-11
9.498269661e-06
1.631744794e-10
-2.792335034e-10
4.545256607e-10
-4.371561025e-10
9.497825994e-06
1.54799592e-12
1.286679866e-13
9.497825495e-06
7.02043993e-13
5.866246505e-13
9.497823659e-06
5.899934443e-13
9.655398787e-13
9.497824652e-06
1.062105354e-12
1.097556217e-12
9.497824489e-06
1.444440333e-12
9.306000121e-13
9.497827541e-06
2.499451277e-12
1.281054473e-12
9.497824936e-06
9.285629931e-13
7.988950107e-13
9.497825964e-06
5.496919384e-12
2.738629835e-13
9.497824013e-06
4.477490216e-12
-1.873868761e-12
9.497824096e-06
1.131738345e-11
-6.859050608e-12
9.497822369e-06
1.057515937e-11
-1.323907904e-11
9.497841834e-06
3.600492453e-11
-4.199772661e-11
9.497846934e-06
2.495223114e-11
-5.711925183e-11
9.497994338e-06
7.056383607e-11
-1.532894302e-10
2.142229844e-10
-2.816449746e-10
9.497892527e-06
-5.587297624e-13
-2.147752143e-12
9.497894702e-06
1.784934878e-13
-1.042070225e-12
9.497892804e-06
-3.483444874e-13
-9.385442346e-14
9.497894744e-06
2.41549105e-13
3.754514771e-13
9.497894666e-06
-1.004595346e-12
3.072912889e-13
9.497894752e-06
1.056286905e-12
1.050201477e-12
9.497898208e-06
2.045160753e-12
5.991579943e-13
9.497897683e-06
2.785691375e-12
-1.266940262e-12
9.497899814e-06
3.055408075e-12
-2.092742143e-12
9.497906098e-06
6.203161113e-12
-4.114156884e-12
9.497911353e-06
5.17264443e-12
-8.210944696e-12
9.497934431e-06
1.759800394e-11
-2.05966364e-11
9.497948506e-06
1.553284137e-11
-2.834337238e-11
9.498010424e-06
2.760345254e-11
-5.156540617e-11
9.285279296e-11
-9.12844047e-11
9.497855952e-06
-1.067655865e-12
9.497855916e-06
2.622157569e-13
9.497856058e-06
1.716630798e-12
9.497856907e-06
6.784940184e-13
9.497858139e-06
-3.414074806e-13
9.497857218e-06
-5.352647832e-13
9.497858101e-06
-5.752297999e-13
9.497859168e-06
-7.257260449e-13
9.497860592e-06
-2.36913537e-13
9.497865825e-06
-3.75160598e-12
9.497870655e-06
-6.57767656e-12
9.497886829e-06
-1.215944599e-11
9.497903487e-06
-1.842269211e-11
9.497939841e-06
-2.725615874e-11
-4.723027256e-11
9.497818248e-06
-1.038805498e-12
6.243998813e-13
9.497816753e-06
-1.665169812e-12
3.610910537e-13
9.497817855e-06
-1.633161242e-12
3.520793969e-13
9.497815669e-06
-5.280652325e-13
1.117965238e-12
9.49781534e-06
-1.178654299e-13
1.120065954e-12
9.49781437e-06
-1.06727256e-12
-1.394537244e-14
9.497816807e-06
-2.273577143e-12
1.885231877e-12
9.497816628e-06
-2.897755124e-12
2.974094946e-12
9.497819015e-06
-3.245145341e-12
3.213750527e-12
9.497816853e-06
-1.020165033e-11
3.635051697e-12
9.497815774e-06
-9.754701871e-12
5.519299316e-12
9.497827106e-06
-3.574997951e-11
1.280442559e-11
9.497833713e-06
-4.272283766e-11
2.019267413e-11
-1.11361757e-10
2.74576096e-11
9.49785736e-06
3.259486562e-13
1.49658757e-12
9.497855253e-06
-1.667821575e-12
8.619762883e-13
9.497857011e-06
-8.954911439e-13
1.227216518e-12
9.497856879e-06
-9.039072972e-13
3.743025202e-14
9.497855834e-06
-1.860125151e-12
4.273601487e-13
9.497854862e-06
-9.554833657e-13
1.206349692e-12
9.497856289e-06
-1.602557285e-12
3.005319152e-12
9.497854592e-06
-4.59961552e-12
3.023529785e-12
9.497853806e-06
-7.364906891e-12
3.209737013e-12
9.497851294e-06
-2.177046734e-11
4.183193616e-12
9.497841169e-06
-2.444286585e-11
7.58828519e-12
9.49785168e-06
-8.509661642e-11
1.956420415e-11
9.497837093e-06
-8.432287217e-11
2.807637104e-11
-3.413709023e-10
5.063838083e-11
9.497841381e-06
-4.191737101e-13
3.997592853e-14
9.497840753e-06
3.839589924e-13
4.597689656e-13
9.497842574e-06
1.331074443e-14
1.844953807e-14
9.497842023e-06
1.750130955e-13
5.103997489e-13
9.497839733e-06
-5.601508367e-13
-1.090638086e-12
9.497837449e-06
-1.956031163e-12
-1.338727732e-13
9.497837263e-06
-2.103458901e-12
1.19131601e-12
9.497832715e-06
-5.576828613e-12
2.328883626e-12
9.497825258e-06
-7.441221235e-12
2.687600593e-12
9.497810833e-06
-2.369388957e-11
8.286377626e-12
9.49778567e-06
-2.162519196e-11
1.429003577e-11
9.497753976e-06
-1.413382735e-10
4.063431485e-11
9.497659135e-06
-1.001505463e-10
5.707487604e-11
-9.938802103e-10
1.54257584e-10
9.497807401e-06
-6.629399091e-14
1.07611663e-12
9.497807747e-06
-1.585711256e-13
6.436930411e-13
9.49781074e-06
5.554485051e-13
8.245076259e-13
9.497808212e-06
-4.02388303e-13
-9.878483842e-15
9.497806406e-06
-2.152952695e-12
-1.33371606e-13
9.497805743e-06
-1.039176667e-12
9.252419305e-13
9.497804214e-06
-2.499834231e-13
8.139059496e-13
9.497798677e-06
-3.072823943e-12
2.232102661e-12
9.49778965e-06
-6.187014135e-12
4.302104749e-12
9.497762037e-06
-2.427798394e-11
1.228064216e-11
9.497743506e-06
-3.670986935e-11
1.666804727e-11
9.497659906e-06
-1.974327496e-10
7.025567764e-11
9.497731604e-06
-3.110710414e-10
6.873224053e-11
-2.278096922e-09
2.790215538e-10
9.49785648e-06
-8.85930997e-13
-3.954161905e-13
9.497855611e-06
-5.070871745e-13
2.160230436e-13
9.497855617e-06
-3.034133522e-13
-1.816648256e-13
9.497852044e-06
-9.693866042e-13
9.802876657e-13
9.497854181e-06
4.278315774e-13
1.970313947e-12
9.497849797e-06
2.020785421e-13
1.051813278e-12
9.497843163e-06
1.309414479e-12
5.586935546e-13
9.497829774e-06
4.742310598e-12
3.649550608e-12
9.497805808e-06
6.629889136e-12
5.898608021e-12
9.497708629e-06
2.337742152e-11
2.392889742e-11
9.497558104e-06
3.783639629e-11
3.623057606e-11
9.496768552e-06
1.976931667e-10
1.979442675e-10
9.49552319e-06
3.098267093e-10
3.10162126e-10
9.486418145e-06
2.276472565e-09
2.278050903e-09
3.453319198e-09
9.497804667e-06
1.537026861e-12
4.546845556e-13
9.497804807e-06
3.486327163e-13
8.683122258e-13
9.497802587e-06
5.73547818e-13
8.688420751e-13
9.497801281e-06
1.329107631e-12
1.47406656e-12
9.497801876e-06
2.525712654e-12
2.106180752e-12
9.497801955e-06
2.830799443e-12
8.944972442e-13
9.497797951e-06
1.694942812e-12
1.192673145e-12
9.497790039e-06
4.598891237e-12
3.237744591e-12
9.497782994e-06
6.360064197e-12
3.521390911e-12
9.497759266e-06
2.600369934e-11
1.449463194e-11
9.497737394e-06
2.113039358e-11
1.687227053e-11
9.497652999e-06
1.392764616e-10
6.951478715e-11
9.497723887e-06
1.005087216e-10
6.858810164e-11
9.498450443e-06
9.950786841e-10
2.790274088e-10
2.042892579e-09
9.497814136e-06
-7.628603508e-13
-2.613021584e-13
9.497815096e-06
-5.50141106e-13
1.036481936e-12
9.497813883e-06
-1.584038324e-13
-3.19514366e-13
9.497814409e-06
2.231360762e-13
1.698495294e-12
9.497813252e-06
6.062178757e-13
1.285696103e-12
9.49781215e-06
2.494270622e-12
2.184829874e-12
9.497810242e-06
1.540695042e-12
2.395429957e-12
9.497805692e-06
3.358046299e-12
1.977885092e-12
9.497798984e-06
4.981175834e-12
2.587346005e-12
9.497781691e-06
1.721087177e-11
7.401037047e-12
9.49775699e-06
2.104548803e-11
1.290142612e-11
9.497730432e-06
8.446742813e-11
4.257725492e-11
9.497633661e-06
8.326951769e-11
5.735494087e-11
9.497977085e-06
3.388128005e-10
1.547055406e-10
7.358997791e-10
2.806031168e-10
9.497822177e-06
5.629154183e-13
9.046587314e-13
9.497824972e-06
1.368716747e-12
1.451022532e-12
9.497823736e-06
5.569784398e-13
6.522122797e-13
9.497823119e-06
1.249476956e-12
1.603773002e-12
9.497821898e-06
-7.525520031e-13
1.998387279e-12
9.497819433e-06
-9.028451565e-13
5.147390091e-13
9.497818667e-06
3.11252571e-13
1.853121943e-12
9.497818032e-06
3.604219771e-12
1.221894363e-12
9.497817795e-06
5.738438255e-12
2.828147844e-12
9.497816497e-06
8.999622041e-12
5.151707568e-12
9.49780788e-06
1.079645175e-11
7.509774564e-12
9.497817464e-06
3.786780911e-11
2.014932168e-11
9.497800341e-06
4.318795634e-11
2.807763689e-11
9.497926705e-06
1.123677814e-10
5.155952601e-11
2.646723134e-10
9.006045893e-11
9.497782254e-06
3.756572005e-13
9.497782904e-06
5.246359554e-13
9.497782589e-06
-5.256127898e-13
9.497780102e-06
2.173606127e-14
9.497784108e-06
1.507229549e-12
9.497781106e-06
-8.744848866e-14
9.49778252e-06
7.692360022e-13
9.497782813e-06
1.741136328e-12
9.497780874e-06
1.094592585e-12
9.497785619e-06
4.541758087e-12
9.497783187e-06
6.224348981e-12
9.497794214e-06
1.126338549e-11
9.497798962e-06
1.682629214e-11
9.497857182e-06
2.66490278e-11
4.77717015e-11
9.497822139e-06
-8.202070567e-13
5.018757798e-13
9.497820213e-06
-9.339088115e-13
-6.953239474e-13
9.497822655e-06
-1.210942021e-13
-1.355561708e-13
9.497821274e-06
-1.187221504e-12
8.018924549e-13
9.497820567e-06
-1.151765083e-12
5.761455967e-13
9.497823242e-06
-1.336552088e-12
1.0840695e-12
9.497823144e-06
-2.036903899e-12
1.192419155e-12
9.497823048e-06
-3.583594641e-12
1.604948283e-12
9.497826997e-06
-3.615506784e-12
2.438707876e-12
9.497831407e-06
-8.155972215e-12
4.083960658e-12
9.497837716e-06
-6.035455263e-12
4.421437652e-12
9.497852354e-06
-1.854146e-11
1.018826453e-11
9.497871269e-06
-1.688216133e-11
1.493664483e-11
-2.820932859e-11
2.075572294e-11
9.497831183e-06
-9.666967492e-13
1.463596547e-14
9.497831665e-06
-8.370856633e-13
3.453321075e-13
9.497833116e-06
-2.733720089e-12
-4.145507155e-13
9.497833165e-06
-9.53018099e-13
-6.936656649e-14
9.497832397e-06
-2.506169227e-12
-1.556107649e-13
9.49783247e-06
-1.933776828e-12
-1.624650572e-13
9.497833848e-06
-2.668252592e-12
6.522339144e-13
9.497834731e-06
-5.131902646e-12
2.890882251e-12
9.497837063e-06
-6.146634134e-12
4.317848841e-12
9.497844288e-06
-1.381538772e-11
7.455360645e-12
9.497846505e-06
-1.289946722e-11
7.510309651e-12
9.497869659e-06
-3.886216576e-11
1.724350686e-11
9.497884672e-06
-2.586740698e-11
2.076461717e-11
-7.037756662e-11
3.414005913e-11
9.497813548e-06
4.527072589e-13
3.971941809e-13
9.497811421e-06
8.080125248e-13
-1.343129745e-12
9.497812926e-06
7.205707088e-13
-7.358837145e-13
9.497810395e-06
6.868712249e-14
-1.295474004e-12
9.497810801e-06
-4.282535193e-14
6.295194108e-13
9.49781046e-06
-4.595665312e-13
1.911065844e-12
9.497808697e-06
-2.732954699e-12
1.31483878e-12
9.497807762e-06
-5.508115542e-12
3.306088618e-12
9.497805947e-06
-4.690001821e-12
4.850650524e-12
9.497809294e-06
-1.26423289e-11
1.116643408e-11
9.497806183e-06
-9.635871853e-12
1.152473616e-11
9.497826536e-06
-4.961122011e-11
3.582796514e-11
9.497828752e-06
-8.723461776e-12
3.573096961e-11
-1.640238464e-10
1.039237629e-10
9.497864825e-06
-1.936515496e-12
4.278498534e-14
9.497862887e-06
-4.138772844e-13
-7.970634995e-13
9.49786629e-06
-6.99706989e-14
-5.793621373e-13
9.497864481e-06
-3.973637317e-13
-9.369297034e-13
9.497862385e-06
-1.085897543e-12
-4.256812238e-13
9.497859609e-06
-1.536256805e-12
1.01341252e-12
9.497860165e-06
-6.682943913e-13
2.344586165e-12
9.497859254e-06
-1.671483173e-12
6.244279866e-12
9.497857384e-06
-3.546094152e-12
4.451434955e-12
9.49785742e-06
-1.24933705e-11
1.263619614e-11
9.497878784e-06
-1.603275367e-11
7.598585041e-12
9.49792127e-06
-7.057675214e-11
4.798777344e-11
9.498040324e-06
-7.017635548e-11
6.650431443e-12
-2.793367211e-10
1.647039678e-10
9.497809367e-06
4.205614988e-13
1.870953225e-12
9.497805249e-06
-5.47718753e-13
1.054182314e-12
9.497806033e-06
1.352991245e-12
7.569119457e-13
9.497803138e-06
5.427021389e-13
7.606704027e-13
9.497804028e-06
8.61084247e-13
7.038266289e-13
9.497801781e-06
-5.673779708e-13
1.399728396e-12
9.497799519e-06
1.714993094e-12
2.19707249e-12
9.497792497e-06
3.5781231e-12
6.771942603e-12
9.497784526e-06
4.127489208e-12
6.768429938e-12
9.497754751e-06
1.369244844e-11
2.370661946e-11
9.497735843e-06
1.766342939e-11
2.112827442e-11
9.497650737e-06
7.030218319e-11
1.400469425e-10
9.497725437e-06
6.890881025e-11
1.020485002e-10
2.781369991e-10
9.950229237e-10
9.497823228e-06
2.684296171e-13
8.526807027e-13
9.497822933e-06
1.035501884e-12
-7.486482339e-13
9.497822125e-06
-2.026026538e-13
-5.835023688e-13
9.497820928e-06
9.323933865e-13
2.291807151e-14
9.497819897e-06
1.953886423e-12
8.92534131e-13
9.497821035e-06
3.024611943e-12
2.048966101e-12
9.49781873e-06
2.816456508e-12
2.036558457e-12
9.497815603e-06
3.118896421e-12
3.671958593e-12
9.497817561e-06
3.885980078e-12
4.578288424e-12
9.49781663e-06
1.207728181e-11
1.252321655e-11
9.497833507e-06
7.281101723e-12
7.42695069e-12
9.497875288e-06
4.905540656e-11
4.998542047e-11
9.497995602e-06
9.949594248e-12
9.195104422e-12
1.656507383e-10
1.656934607e-10
9.497852718e-06
7.612812308e-13
7.46771617e-13
9.497848596e-06
-1.172755732e-13
-5.836989533e-13
9.497850496e-06
1.297598951e-12
1.477192321e-12
9.497848253e-06
1.749835777e-13
1.288681802e-12
9.497848527e-06
1.308300535e-12
4.611709588e-13
9.497846494e-06
7.25091373e-13
5.203952346e-13
9.497844869e-06
8.888113777e-13
1.89350117e-12
9.497844985e-06
1.432730767e-12
2.825517747e-12
9.497845865e-06
3.759572035e-12
3.370820055e-12
9.497846173e-06
1.184625974e-11
7.986639088e-12
9.497845898e-06
1.024343343e-11
9.50144007e-12
9.497865278e-06
3.683461133e-11
3.547542105e-11
9.497869492e-06
2.444846595e-11
3.50070686e-11
9.498014549e-06
6.930626988e-11
1.005634317e-10
2.143623493e-10
9.497807013e-06
4.160188217e-13
1.627953386e-13
9.497807838e-06
-7.015121679e-14
4.615173842e-13
9.497806859e-06
-1.200518519e-13
4.321206358e-13
9.497806089e-06
2.777404033e-13
1.857387131e-12
9.497803323e-06
-1.643479065e-12
5.697229337e-13
9.497806347e-06
1.536387518e-15
1.629124876e-12
9.497806062e-06
3.033598391e-14
1.423623841e-12
9.497810208e-06
4.31402979e-12
3.234789176e-12
9.497810334e-06
3.189253215e-12
3.389496441e-12
9.497813348e-06
6.422136366e-12
5.355427911e-12
9.497820593e-06
6.66465779e-12
8.101866841e-12
9.497842538e-06
1.67636296e-11
1.758682301e-11
9.497855742e-06
1.43189285e-11
1.9813671e-11
9.497916527e-06
2.710599434e-11
3.054483525e-11
9.439914659e-11
8.724441155e-11
9.497823314e-06
-4.98614699e-13
9.497824213e-06
-5.761439179e-13
9.497824965e-06
1.158958124e-12
9.497824356e-06
5.865502701e-13
9.49782651e-06
9.386033898e-13
9.497826208e-06
7.443813643e-13
9.497827555e-06
6.908317267e-13
9.497828112e-06
1.089899063e-12
9.497829563e-06
2.584022333e-12
9.497833985e-06
4.837126562e-12
9.497839371e-06
6.401869674e-12
9.497858639e-06
1.315988451e-11
9.497874754e-06
1.752392073e-11
9.497909266e-06
2.061492876e-11
4.809858469e-11
9.49784451e-06
-1.161491564e-12
-1.801135289e-13
9.497845451e-06
1.500312472e-13
1.029864613e-12
9.497846195e-06
-8.534409076e-13
1.166351309e-12
9.49784423e-06
-1.660695544e-12
2.081415441e-13
9.497844027e-06
-1.320669728e-12
-1.553464081e-12
9.497844928e-06
-2.111886262e-12
-8.880898998e-13
9.497847253e-06
-1.508202746e-12
8.648205256e-13
9.497848115e-06
-2.546233659e-12
1.157863314e-12
9.497851665e-06
-1.8351195e-12
2.656991223e-12
9.497855558e-06
-5.376020761e-12
5.690121942e-12
9.497861296e-06
-5.868365242e-12
9.365213356e-12
9.497874329e-06
-1.488807901e-11
1.166498405e-11
9.497896759e-06
-1.827670661e-11
1.710344583e-11
-2.501603757e-11
1.880375509e-11
9.497779603e-06
-6.568104185e-13
4.830337274e-13
9.497777673e-06
-3.181613895e-12
-4.950784944e-13
9.497780153e-06
-2.683379607e-12
9.100964085e-13
9.497780688e-06
-2.33882596e-12
1.81544973e-12
9.497779249e-06
-6.395534238e-13
6.7969451e-13
9.497780412e-06
-2.05437935e-13
4.817554536e-14
9.497780959e-06
-1.190601805e-12
4.687727528e-13
9.497782028e-06
-3.284843635e-12
1.578161691e-12
9.497781094e-06
-6.636640845e-12
3.318559046e-12
9.497785576e-06
-1.179839726e-11
5.938854844e-12
9.497786242e-06
-1.319316023e-11
9.365312086e-12
9.497804179e-06
-3.011292717e-11
1.676319698e-11
9.497821644e-06
-3.67500862e-11
2.041726132e-11
-6.027325552e-11
2.365530991e-11
9.497824699e-06
2.893156633e-13
7.211575212e-13
9.497824751e-06
-2.279429711e-13
1.333846317e-12
9.497825477e-06
4.402177275e-13
1.701355894e-12
9.497825289e-06
3.06577765e-13
2.065797329e-12
9.497823874e-06
-1.186587739e-12
8.864729499e-13
9.497824356e-06
-1.516233461e-12
4.792394498e-13
9.497823979e-06
-1.831016759e-12
1.067798018e-12
9.497823102e-06
-2.306973013e-12
2.639420018e-12
9.497822003e-06
-4.78260754e-12
5.245025727e-12
9.497823679e-06
-1.039563069e-11
1.073697842e-11
9.497817427e-06
-1.294010264e-11
1.22470188e-11
9.497832053e-06
-3.716699546e-11
2.893281731e-11
9.497835351e-06
-3.690457633e-11
3.472986041e-11
-1.027787351e-10
5.861950511e-11
9.497823385e-06
-2.256679181e-13
-3.081608922e-13
9.497824132e-06
1.588246932e-12
5.201803555e-13
9.497824847e-06
9.222789082e-13
1.564579985e-12
9.49782549e-06
3.293548225e-13
1.606562663e-12
9.497826053e-06
-1.736495636e-12
7.852357188e-13
9.497824858e-06
-2.117968659e-12
2.612342077e-12
9.497823418e-06
-5.882342272e-13
1.735323958e-12
9.497819194e-06
-2.211014829e-12
3.088435905e-12
9.497821298e-06
-3.06530956e-12
5.631581214e-12
9.497821014e-06
-7.503099105e-12
1.395327945e-11
9.497821784e-06
-1.299849197e-11
1.234835203e-11
9.497841057e-06
-4.025730414e-11
3.739718676e-11
9.497845253e-06
-5.587581425e-11
2.312806667e-11
-1.541145478e-10
7.21909971e-11
9.497830637e-06
-3.06602376e-13
-6.942659929e-13
9.497828546e-06
-2.286632751e-12
-1.078098556e-12
9.497830219e-06
-5.147695097e-13
5.817424155e-14
9.497828405e-06
-7.049521155e-14
-2.052949776e-13
9.497828685e-06
1.487515142e-12
2.304977866e-12
9.497828754e-06
5.215050222e-13
3.709479399e-12
9.497826812e-06
8.124474979e-13
1.630728562e-12
9.497822617e-06
6.720348601e-13
5.210086582e-12
9.497816557e-06
2.949829198e-12
6.586429894e-12
9.497798321e-06
7.666885717e-12
1.850111247e-11
9.497775158e-06
1.383939282e-11
2.190467122e-11
9.497747998e-06
4.264626941e-11
8.444588431e-11
9.497649964e-06
5.662644206e-11
8.277396448e-11
1.532472902e-10
3.39983517e-10
9.497802541e-06
-1.823298879e-14
-1.599068996e-12
9.497804433e-06
1.155545098e-12
-8.683599787e-13
9.497804035e-06
2.093333606e-12
-4.832592713e-13
9.497802986e-06
1.689832629e-12
6.915054078e-14
9.497801905e-06
8.935586054e-13
6.471973638e-13
9.497800865e-06
2.299323965e-12
1.593847793e-12
9.497798067e-06
2.703158282e-12
1.808878925e-12
9.49779723e-06
3.177921024e-12
4.682930099e-12
9.497796551e-06
3.780356606e-12
6.073321991e-12
9.497796157e-06
9.24268328e-12
1.247643935e-11
9.497795562e-06
9.923877736e-12
1.060427748e-11
9.497812762e-06
3.450665343e-11
3.551265561e-11
9.497818213e-06
3.582566286e-11
2.300874656e-11
1.011530528e-10
6.910429299e-11
9.49780109e-06
4.180266377e-13
-2.16923227e-14
9.497802233e-06
1.124519324e-12
1.479265396e-13
9.497801756e-06
1.675612906e-13
-7.834305501e-13
9.497799318e-06
7.294194983e-14
-1.902621516e-12
9.497801049e-06
1.828114741e-12
8.246963089e-13
9.49780125e-06
2.503166206e-12
1.396393397e-12
9.497800792e-06
4.528777456e-13
-1.861987781e-13
9.497803123e-06
2.289085032e-12
2.107687234e-12
9.497800715e-06
4.291787553e-12
4.295520354e-12
9.497803691e-06
1.096224221e-11
9.673067051e-12
9.497799979e-06
1.249212698e-11
1.126734016e-11
9.49781238e-06
2.954354884e-11
2.758542574e-11
9.4978128e-06
3.546657201e-11
3.504463932e-11
5.855264037e-11
5.841751444e-11
9.49786071e-06
-1.294325311e-13
-1.372962989e-12
9.497862089e-06
-2.631449433e-13
2.120640038e-13
9.497862476e-06
-8.928572458e-13
-5.784009333e-14
9.49786332e-06
-5.361709476e-13
-3.103925279e-13
9.497864252e-06
-6.100642879e-14
-1.714832279e-12
9.497863708e-06
-4.86708143e-13
-8.725776504e-13
9.497863503e-06
-4.036734309e-13
1.342900478e-12
9.497866117e-06
2.035859519e-12
1.928738946e-12
9.497867484e-06
2.660146475e-12
2.757436807e-12
9.497870611e-06
5.305283862e-12
5.378765135e-12
9.49787504e-06
7.444733285e-12
6.72961195e-12
9.497891748e-06
1.381826274e-11
1.509538371e-11
9.497905203e-06
1.828876982e-11
2.017407167e-11
9.497946961e-06
2.637251653e-11
2.331708816e-11
6.926823399e-11
9.49786246e-06
-2.383105235e-13
9.497863181e-06
-3.914026574e-13
9.49786404e-06
2.865760963e-13
9.497863979e-06
1.631172333e-13
9.497863563e-06
-5.871459992e-13
9.497864573e-06
1.172080548e-12
9.497865749e-06
2.501680095e-12
9.497867872e-06
1.585888946e-12
9.497870702e-06
3.415041717e-12
9.497876727e-06
4.396270178e-12
9.497879997e-06
7.194531301e-12
9.497895138e-06
1.179681423e-11
9.497913161e-06
1.66894048e-11
9.497942252e-06
1.761013798e-11
3.598241202e-11
9.497829922e-06
-8.573691068e-13
-3.859738462e-13
9.497830649e-06
-1.574077823e-12
8.009705873e-13
9.497831163e-06
-1.534203065e-12
5.929921738e-13
9.497829512e-06
3.773431831e-13
2.956729769e-13
9.497830179e-06
-4.505284148e-13
7.654807219e-13
9.497832462e-06
-1.299142876e-12
1.098941746e-12
9.497832489e-06
-1.936915991e-12
-3.608787266e-13
9.497836834e-06
-2.897967887e-12
6.475938534e-13
9.497839243e-06
-7.62659145e-13
1.682835561e-12
9.49784637e-06
-4.891679654e-12
1.627579332e-12
9.497853889e-06
-6.289209612e-12
3.366115161e-12
9.497869586e-06
-7.892269607e-12
4.897803839e-12
9.497891382e-06
-1.157281017e-11
9.731957395e-12
-1.172748788e-11
8.527320047e-12
9.49785862e-06
-6.794154236e-13
-1.003902011e-12
9.497858898e-06
-1.644438031e-12
-3.082361709e-13
9.49785863e-06
-1.062603618e-12
1.043644987e-13
9.497855476e-06
-2.158877248e-12
-3.0311773e-13
9.497856386e-06
-5.941077998e-13
1.975198674e-12
9.497860683e-06
3.946720048e-13
2.546124957e-12
9.497859393e-06
-1.584443923e-12
1.561842881e-12
9.497862062e-06
-2.461370285e-12
3.933259259e-12
9.49786234e-06
-5.277924782e-12
2.010811021e-12
9.497871077e-06
-8.140888275e-12
3.07443139e-12
9.497877068e-06
-9.613062939e-12
4.42480805e-12
9.497892275e-06
-1.798518968e-11
6.405630805e-12
9.497913913e-06
-2.266778301e-11
1.164031711e-11
-2.596403907e-11
1.105987251e-11
9.497806734e-06
-6.667153257e-13
4.258599396e-13
9.497807801e-06
-4.060053481e-14
4.549809867e-13
9.497807039e-06
4.018868224e-13
3.15705174e-13
9.497807824e-06
2.154976041e-13
1.42447131e-12
9.49780941e-06
-3.789824372e-13
2.29282334e-12
9.497807219e-06
-1.053721412e-12
1.3409178e-12
9.497810309e-06
-1.379380292e-12
2.26626373e-12
9.497812237e-06
-3.022663771e-12
3.587091698e-12
9.497813444e-06
-4.463212177e-12
3.221329013e-12
9.497817915e-06
-6.724239338e-12
5.651502643e-12
9.497821931e-06
-9.155482347e-12
6.861169429e-12
9.497838845e-06
-1.840103277e-11
1.419555114e-11
9.497855362e-06
-2.122864207e-11
1.936435924e-11
-3.041939107e-11
2.523307788e-11
9.497844986e-06
-4.740663728e-13
6.722813965e-13
9.497842738e-06
-5.76077375e-13
1.9870354e-13
9.497842852e-06
-5.763287277e-13
5.59101338e-13
9.497842058e-06
-1.94933645e-12
1.931730521e-12
9.497841931e-06
-5.409491794e-13
1.99642569e-12
9.497839516e-06
-1.337880428e-13
9.932124245e-13
9.497842976e-06
-6.177647482e-13
1.6243334e-12
9.497842819e-06
-1.340227187e-12
2.679727227e-12
9.497843298e-06
-2.66959278e-12
3.6338286e-12
9.497844691e-06
-7.129595969e-12
5.85647164e-12
9.497851606e-06
-9.306927982e-12
6.4165303e-12
9.497875558e-06
-1.958498897e-11
1.691648611e-11
9.497891884e-06
-2.710427928e-11
1.650842653e-11
-5.178960923e-11
2.806056902e-11
9.49782219e-06
-1.395541396e-12
-2.500958721e-13
9.497820508e-06
-1.51978309e-12
2.900496913e-13
9.497820871e-06
-1.564768345e-14
5.580168221e-13
9.497823127e-06
8.447118918e-13
1.9166783e-12
9.497820184e-06
3.057002746e-13
1.21503042e-12
9.49781835e-06
-7.62034511e-14
4.875084201e-13
9.497821381e-06
1.749990606e-12
1.617983802e-12
9.497818666e-06
2.01663173e-12
2.651121935e-12
9.497816411e-06
2.511621002e-12
3.227567683e-12
9.497815122e-06
5.07794303e-12
9.317542975e-12
9.49780797e-06
7.315461649e-12
1.176853689e-11
9.497817637e-06
1.897495292e-11
3.656826596e-11
9.497802106e-06
2.652875727e-11
4.271735831e-11
4.943980239e-11
1.12622108e-10
9.497851724e-06
8.221990766e-13
3.749231593e-13
9.497851823e-06
1.806647316e-12
-4.131465192e-15
9.497851785e-06
1.176933956e-12
-3.520952728e-13
9.497852938e-06
2.71322474e-14
-3.195747405e-13
9.497853011e-06
8.747264459e-13
-7.29643471e-13
9.497853674e-06
8.450285642e-13
3.375707203e-13
9.497854378e-06
-4.08777177e-13
1.319939828e-12
9.497854405e-06
2.382896541e-13
2.239058096e-12
9.49785687e-06
2.563959824e-12
1.922697163e-12
9.49786126e-06
4.965729211e-12
6.044401328e-12
9.497866415e-06
6.370690511e-12
7.253585134e-12
9.497889718e-06
1.657340559e-11
1.709879687e-11
9.497905297e-06
2.089871862e-11
1.599655193e-11
3.079721065e-11
2.769139048e-11
9.497840788e-06
-7.289551709e-13
-6.02493667e-13
9.497840373e-06
4.909328213e-13
-7.468951345e-13
9.497840701e-06
2.929462723e-13
-9.78703234e-13
9.497842787e-06
1.828343933e-12
3.411202789e-13
9.497839958e-06
-9.140721356e-13
-7.321677781e-13
9.49783951e-06
4.833408851e-13
9.2964175e-13
9.497839648e-06
2.262375709e-12
2.427276123e-12
9.49784204e-06
1.891216522e-12
4.03377277e-12
9.497841668e-06
2.131403491e-12
2.977740121e-12
9.497848028e-06
7.331489448e-12
7.254243963e-12
9.497852695e-06
8.84661318e-12
7.558943765e-12
9.497868396e-06
1.761632059e-11
1.344197843e-11
9.497880355e-06
2.077057882e-11
1.777934145e-11
2.356633227e-11
2.530350429e-11
9.497851488e-06
9.967217825e-13
-8.759999812e-14
9.497849782e-06
-7.904157692e-13
-1.828992649e-12
9.497850282e-06
-2.142019979e-13
-1.546248729e-12
9.497849506e-06
2.665015326e-13
-1.651757199e-12
9.497851965e-06
6.389949762e-13
5.089296658e-13
9.497851193e-06
4.152826602e-13
8.193129142e-13
9.497850167e-06
5.077943243e-13
2.829297746e-12
9.497854206e-06
2.017320541e-12
4.769867102e-12
9.497855331e-06
3.529209283e-12
2.219959948e-12
9.497862616e-06
4.408346963e-12
4.663882804e-12
9.497872669e-06
7.082280908e-12
5.766888863e-12
9.497887303e-06
8.382021649e-12
7.693170194e-12
9.497905792e-06
1.061314676e-11
1.210995159e-11
1.175834859e-11
1.091769436e-11
9.497807765e-06
-6.95068601e-13
9.497809522e-06
7.976439212e-13
9.497808743e-06
-1.3927334e-12
9.497809471e-06
-8.863338769e-13
9.497811278e-06
1.048611118e-12
9.497813856e-06
1.738948216e-12
9.497814256e-06
1.320755518e-12
9.497817922e-06
2.262887329e-12
9.497819253e-06
1.32480699e-12
9.497827861e-06
2.423881018e-12
9.497834627e-06
2.871518246e-12
9.497848331e-06
5.154646918e-12
9.497869864e-06
1.025851404e-11
9.49789112e-06
8.441717754e-12
9.497815215e-06
-1.043863722e-12
9.497816476e-06
-1.638614131e-12
9.497815015e-06
-2.666532132e-13
9.497815662e-06
-1.13418356e-12
9.497817011e-06
-2.707049787e-13
9.497818449e-06
-2.374043911e-13
9.497823542e-06
-1.419865162e-12
9.497825055e-06
-4.112614385e-13
9.497827558e-06
-1.002102253e-12
9.497834729e-06
-4.762420831e-12
9.497843523e-06
-5.265569859e-12
9.497859916e-06
-7.419198749e-12
9.497878833e-06
-8.431629868e-12
-7.999735702e-12
9.497843472e-06
1.499928704e-13
9.497844116e-06
-5.931340898e-13
9.497843041e-06
-4.370274549e-14
9.497844814e-06
5.582447696e-13
9.497843596e-06
-8.120091454e-13
9.497843906e-06
-9.482503305e-13
9.497847175e-06
-1.153166493e-12
9.497848061e-06
-2.374363392e-12
9.497853063e-06
-3.416621373e-12
9.497860074e-06
-5.318009902e-12
9.497866395e-06
-7.911893583e-12
9.497883944e-06
-1.271241336e-11
9.497902124e-06
-1.8428187e-11
-1.922412849e-11
9.497800022e-06
-6.583864448e-13
9.497803477e-06
2.353841926e-13
9.497802382e-06
1.810834935e-13
9.497804311e-06
8.759916515e-13
9.49780363e-06
-1.198246482e-12
9.497802415e-06
-1.283443876e-12
9.497805224e-06
-2.063106611e-12
9.497805319e-06
-2.98310767e-12
9.497808839e-06
-3.86251035e-12
9.497813348e-06
-5.703096188e-12
9.497818927e-06
-8.877509131e-12
9.497835786e-06
-1.289542773e-11
9.497852096e-06
-1.816109488e-11
-1.865444433e-11
9.497895703e-06
-1.140585056e-12
9.497895716e-06
-3.839335504e-13
9.497898672e-06
-1.307641027e-12
9.497896816e-06
-1.785589653e-12
9.497896699e-06
-1.407973972e-12
9.497898466e-06
-2.18891648e-13
9.497901524e-06
-1.368735196e-12
9.497901666e-06
-2.451127801e-12
9.497902866e-06
-4.076992517e-12
9.497908655e-06
-5.004225735e-12
9.497914285e-06
-6.510272787e-12
9.497932791e-06
-1.252316071e-11
9.497950804e-06
-1.738215137e-11
-2.73888072e-11
9.497859207e-06
-9.098024002e-13
9.497856724e-06
-1.439155462e-12
9.497856631e-06
-1.316800726e-12
9.497856046e-06
-1.728277495e-12
9.497855981e-06
-1.883084506e-12
9.49785655e-06
-5.463712469e-13
9.497858829e-06
1.095349116e-12
9.497857163e-06
1.803619303e-12
9.497858423e-06
1.101928089e-12
9.497861127e-06
3.759713763e-12
9.49785701e-06
5.686897514e-12
9.497870891e-06
1.178214276e-11
9.497873606e-06
1.630054158e-11
2.437461531e-11
9.497829582e-06
3.055829776e-13
9.497829496e-06
5.187692074e-13
9.497830969e-06
6.945041783e-13
9.497831512e-06
6.224951609e-13
9.49782989e-06
1.383250745e-13
9.497830328e-06
9.781723287e-13
9.497830336e-06
5.486046603e-13
9.497830609e-06
9.270683059e-13
9.497836031e-06
3.629302155e-12
9.49784049e-06
5.335910072e-12
9.497846435e-06
5.401219426e-12
9.497864269e-06
1.077032593e-11
9.497881315e-06
1.651597547e-11
1.759433021e-11
9.497831299e-06
-6.55711303e-13
9.497831357e-06
4.17351209e-13
9.497831229e-06
-7.916609205e-13
9.497831966e-06
4.708295566e-14
9.497832456e-06
1.642513444e-12
9.49783129e-06
-6.274403875e-14
9.497831036e-06
1.391743957e-12
9.497832959e-06
1.904551795e-12
9.497836416e-06
1.470496296e-12
9.497838302e-06
3.982205303e-12
9.49784323e-06
7.784011837e-12
9.497858458e-06
1.342646954e-11
9.497875862e-06
1.897370407e-11
1.955981677e-11
9.49784336e-06
2.754245394e-13
9.497842724e-06
9.988348192e-13
9.497843345e-06
9.23258075e-13
9.497843679e-06
6.914435465e-13
9.497843006e-06
9.889600442e-13
9.497844671e-06
1.688908202e-12
9.497845285e-06
2.588984112e-13
9.49784579e-06
6.551384403e-13
9.497853317e-06
2.87801359e-12
9.497859071e-06
2.286642568e-12
9.497867863e-06
3.237860368e-12
9.497882568e-06
6.496643816e-12
9.49789962e-06
9.396668252e-12
9.320489182e-12
9.49784427e-06
9.49784369e-06
9.497843231e-06
9.497844677e-06
9.497844146e-06
9.497844786e-06
9.497845886e-06
9.497850283e-06
9.49785294e-06
9.497861318e-06
9.49786969e-06
9.497883369e-06
9.497901526e-06
)
;

boundaryField
{
    top
    {
        type            calculated;
        value           uniform 0;
    }
    bottom
    {
        type            calculated;
        value           uniform 0;
    }
    side-walls
    {
        type            calculated;
        value           uniform 0;
    }
    inlet
    {
        type            calculated;
        value           nonuniform List<scalar> 
81
(
-9.497829124e-06
-9.497877625e-06
-9.497845373e-06
-9.49784109e-06
-9.49781009e-06
-9.497819731e-06
-9.497833515e-06
-9.497806987e-06
-9.497804368e-06
-9.497847111e-06
-9.497825413e-06
-9.497758879e-06
-9.49784003e-06
-9.4978016e-06
-9.497879679e-06
-9.497768465e-06
-9.49787598e-06
-9.497783535e-06
-9.497830244e-06
-9.497889255e-06
-9.497856661e-06
-9.4978188e-06
-9.49787756e-06
-9.497859076e-06
-9.497837179e-06
-9.497784669e-06
-9.497887949e-06
-9.49781697e-06
-9.497781046e-06
-9.497850931e-06
-9.497804246e-06
-9.497783751e-06
-9.497859627e-06
-9.497825802e-06
-9.497894561e-06
-9.497856495e-06
-9.497817498e-06
-9.497856973e-06
-9.497841206e-06
-9.497807619e-06
-9.49785711e-06
-9.497803908e-06
-9.497814731e-06
-9.497822501e-06
-9.497782337e-06
-9.497820783e-06
-9.497832043e-06
-9.497813253e-06
-9.497864312e-06
-9.497806744e-06
-9.49782219e-06
-9.497851752e-06
-9.497805854e-06
-9.497823675e-06
-9.497844468e-06
-9.497778426e-06
-9.497824776e-06
-9.497823382e-06
-9.497829232e-06
-9.497803433e-06
-9.497801659e-06
-9.497861766e-06
-9.497863326e-06
-9.497830581e-06
-9.497859793e-06
-9.497807513e-06
-9.497843988e-06
-9.497819504e-06
-9.497850418e-06
-9.497840587e-06
-9.497848932e-06
-9.49780829e-06
-9.497815033e-06
-9.497842847e-06
-9.4978001e-06
-9.497896046e-06
-9.497857554e-06
-9.497828968e-06
-9.497832094e-06
-9.497842667e-06
-9.497843979e-06
)
;
    }
    outlet
    {
        type            calculated;
        value           nonuniform 0();
    }
    procBoundary0to1
    {
        type            processor;
        value           nonuniform List<scalar> 
97
(
9.497944701e-06
-1.60220081e-11
9.49800184e-06
9.497997578e-06
9.498018434e-06
9.498052361e-06
9.49799917e-06
9.497987185e-06
9.497931617e-06
9.497920752e-06
9.497931449e-06
2.976309228e-11
9.497964698e-06
-5.993031562e-11
9.497957433e-06
9.498078e-06
9.498202589e-06
9.498115079e-06
9.497962287e-06
9.498017844e-06
9.497905791e-06
9.497906687e-06
9.497972447e-06
1.50341653e-10
9.498174088e-06
-2.657229441e-10
9.49824533e-06
9.49878061e-06
9.498281548e-06
9.498153875e-06
9.497980317e-06
9.498037617e-06
9.49790207e-06
9.49789288e-06
9.498015304e-06
4.530406669e-10
9.498178017e-06
-4.366979091e-10
9.498961827e-06
9.498230773e-06
9.49824769e-06
9.498134674e-06
9.498031885e-06
9.497892711e-06
9.497964604e-06
9.49800304e-06
9.498455965e-06
3.452767475e-09
9.505661618e-06
3.451398962e-09
9.498987167e-06
4.361736405e-10
9.498717427e-06
9.498217912e-06
9.498027568e-06
9.497906748e-06
9.497948283e-06
9.497977903e-06
9.49826765e-06
9.498448512e-06
9.498224798e-06
-4.533628666e-10
9.498275951e-06
2.653700968e-10
9.498046343e-06
9.498003029e-06
9.497924381e-06
9.497863434e-06
9.497918067e-06
9.497992157e-06
9.497995872e-06
9.497964466e-06
9.497897007e-06
-1.49777868e-10
9.498059109e-06
6.010232469e-11
9.498016245e-06
9.497911664e-06
9.497937072e-06
9.497898154e-06
9.497950682e-06
9.497930407e-06
9.497968144e-06
9.49792346e-06
9.497933383e-06
-2.820198001e-11
9.497939626e-06
1.939111943e-11
9.497897379e-06
9.497921626e-06
9.49788227e-06
9.497985241e-06
9.49792926e-06
9.49791498e-06
9.497905612e-06
9.497922736e-06
9.497921237e-06
)
;
    }
}


// ************************************************************************* //
