/*--------------------------------*- C++ -*----------------------------------*\
| =========                 |                                                 |
| \\      /  F ield         | OpenFOAM: The Open Source CFD Toolbox           |
|  \\    /   O peration     | Version:  4.x                                   |
|   \\  /    A nd           | Web:      www.OpenFOAM.org                      |
|    \\/     M anipulation  |                                                 |
\*---------------------------------------------------------------------------*/
FoamFile
{
    version     2.0;
    format      ascii;
    class       volScalarField;
    location    "3000";
    object      X_CO;
}
// * * * * * * * * * * * * * * * * * * * * * * * * * * * * * * * * * * * * * //

dimensions      [0 0 0 0 0 0 0];

internalField   nonuniform List<scalar> 
1175
(
0.4000291309
0.4000291309
0.4000291309
0.4000291309
0.4000291309
0.4000291307
0.4000291302
0.4000291285
0.4000291232
0.4000291071
0.4000290613
0.4000289396
0.4000286424
0.4000279854
0.4000266918
0.4000291309
0.4000291309
0.4000291309
0.4000291309
0.4000291309
0.4000291307
0.40002913
0.4000291276
0.4000291198
0.4000290955
0.4000290234
0.4000288241
0.4000283203
0.4000271823
0.4000249413
0.4000291309
0.4000291309
0.4000291309
0.4000291309
0.4000291308
0.4000291305
0.4000291295
0.4000291259
0.4000291137
0.4000290734
0.4000289481
0.4000285855
0.4000276298
0.4000254078
0.400021021
0.4000291309
0.4000291309
0.4000291309
0.4000291309
0.4000291308
0.4000291304
0.4000291291
0.4000291242
0.4000291067
0.4000290473
0.4000288546
0.4000282715
0.4000266671
0.4000228071
0.400015131
0.4000291309
0.4000291309
0.4000291309
0.4000291309
0.4000291308
0.4000291304
0.4000291289
0.4000291233
0.4000291033
0.4000290336
0.4000288023
0.4000280817
0.4000260336
0.4000209495
0.4000107091
0.4000291309
0.4000291309
0.4000291309
0.4000291309
0.4000291308
0.4000291304
0.4000291291
0.4000291242
0.4000291067
0.4000290473
0.4000288546
0.4000282715
0.4000266671
0.4000228072
0.4000151312
0.4000291309
0.4000291309
0.4000291309
0.4000291309
0.4000291308
0.4000291305
0.4000291295
0.4000291259
0.4000291137
0.4000290734
0.4000289481
0.4000285855
0.4000276299
0.4000254079
0.4000210213
0.4000291309
0.4000291309
0.4000291309
0.4000291309
0.4000291309
0.4000291307
0.40002913
0.4000291276
0.4000291198
0.4000290955
0.4000290234
0.4000288241
0.4000283203
0.4000271824
0.4000249415
0.4000291309
0.4000291309
0.4000291309
0.4000291309
0.4000291309
0.4000291307
0.4000291302
0.4000291285
0.4000291232
0.4000291071
0.4000290613
0.4000289396
0.4000286424
0.4000279855
0.400026692
0.4000291309
0.4000291309
0.4000291309
0.4000291309
0.4000291309
0.4000291307
0.40002913
0.4000291276
0.4000291198
0.4000290955
0.4000290234
0.4000288241
0.4000283202
0.4000271821
0.4000291309
0.4000291309
0.4000291309
0.4000291309
0.4000291308
0.4000291306
0.4000291296
0.4000291261
0.4000291141
0.4000290745
0.4000289505
0.400028588
0.4000276248
0.400025371
0.4000209177
0.4000291309
0.4000291309
0.4000291309
0.4000291309
0.4000291308
0.4000291304
0.4000291289
0.4000291233
0.400029103
0.4000290318
0.4000287939
0.4000280527
0.4000259573
0.4000208132
0.4000105417
0.4000291309
0.4000291309
0.4000291309
0.4000291309
0.4000291308
0.4000291302
0.4000291282
0.4000291201
0.4000290896
0.4000289766
0.4000285768
0.400027247
0.4000232219
0.4000127112
0.3999911983
0.4000291309
0.4000291309
0.4000291309
0.4000291309
0.4000291307
0.4000291302
0.4000291278
0.4000291185
0.4000290824
0.4000289445
0.4000284372
0.4000266653
0.4000209695
0.4000050648
0.3999709936
0.4000291309
0.4000291309
0.4000291309
0.4000291309
0.4000291308
0.4000291302
0.4000291282
0.4000291201
0.4000290896
0.4000289766
0.4000285768
0.400027247
0.400023222
0.4000127115
0.3999911991
0.4000291309
0.4000291309
0.4000291309
0.4000291309
0.4000291308
0.4000291304
0.4000291289
0.4000291233
0.400029103
0.4000290318
0.4000287939
0.4000280527
0.4000259574
0.4000208136
0.4000105426
0.4000291309
0.4000291309
0.4000291309
0.4000291309
0.4000291308
0.4000291306
0.4000291296
0.4000291261
0.4000291141
0.4000290745
0.4000289505
0.4000285881
0.4000276248
0.4000253713
0.4000209185
0.4000291309
0.4000291309
0.4000291309
0.4000291309
0.4000291309
0.4000291307
0.40002913
0.4000291276
0.4000291198
0.4000290955
0.4000290234
0.4000288241
0.4000283203
0.4000271824
0.4000249415
0.4000291309
0.4000291309
0.4000291309
0.4000291309
0.4000291308
0.4000291305
0.4000291295
0.4000291259
0.4000291137
0.4000290734
0.4000289481
0.4000285855
0.4000276297
0.4000254074
0.4000291309
0.4000291309
0.4000291309
0.4000291309
0.4000291308
0.4000291304
0.4000291289
0.4000291233
0.400029103
0.4000290318
0.4000287939
0.4000280527
0.4000259571
0.4000208126
0.4000291309
0.4000291309
0.4000291309
0.4000291309
0.4000291307
0.4000291301
0.4000291277
0.4000291182
0.400029081
0.4000289407
0.4000284332
0.4000267107
0.4000214016
0.4000073465
0.3999784578
0.4000291309
0.4000291309
0.4000291309
0.4000291309
0.4000291307
0.4000291298
0.4000291264
0.4000291119
0.4000290523
0.4000288114
0.400027869
0.4000243677
0.4000124295
0.3999773919
0.3999005318
0.4000291309
0.4000291309
0.4000291309
0.4000291309
0.4000291306
0.4000291297
0.4000291257
0.4000291085
0.4000290353
0.4000287261
0.4000274437
0.4000222963
0.4000028762
0.3999381586
0.3997769911
0.4000291309
0.4000291309
0.4000291309
0.4000291309
0.4000291307
0.4000291298
0.4000291264
0.4000291119
0.4000290523
0.4000288114
0.400027869
0.4000243678
0.4000124299
0.3999773936
0.3999005368
0.4000291309
0.4000291309
0.4000291309
0.4000291309
0.4000291307
0.4000291301
0.4000291277
0.4000291182
0.400029081
0.4000289407
0.4000284333
0.4000267108
0.4000214019
0.4000073479
0.3999784624
0.4000291309
0.4000291309
0.4000291309
0.4000291309
0.4000291308
0.4000291304
0.4000291289
0.4000291233
0.400029103
0.4000290318
0.4000287939
0.4000280527
0.4000259574
0.4000208135
0.4000105426
0.4000291309
0.4000291309
0.4000291309
0.4000291309
0.4000291308
0.4000291305
0.4000291295
0.4000291259
0.4000291137
0.4000290734
0.4000289481
0.4000285855
0.4000276299
0.4000254079
0.4000210212
0.4000291309
0.4000291309
0.4000291309
0.4000291309
0.4000291308
0.4000291304
0.4000291291
0.4000291242
0.4000291067
0.4000290473
0.4000288546
0.4000282714
0.4000266668
0.4000228064
0.4000291309
0.4000291309
0.4000291309
0.4000291309
0.4000291308
0.4000291302
0.4000291282
0.4000291201
0.4000290896
0.4000289766
0.4000285768
0.4000272468
0.4000232214
0.4000127094
0.4000291309
0.4000291309
0.4000291309
0.4000291309
0.4000291307
0.4000291298
0.4000291264
0.4000291119
0.4000290523
0.4000288114
0.4000278689
0.4000243675
0.4000124286
0.3999773877
0.4000291309
0.4000291309
0.4000291309
0.4000291308
0.4000291306
0.4000291294
0.4000291242
0.4000291013
0.4000289997
0.4000285528
0.4000266147
0.4000184688
0.3999863117
0.3998747055
0.3995893148
0.4000291309
0.4000291309
0.4000291309
0.4000291308
0.4000291305
0.4000291292
0.4000291231
0.4000290951
0.4000289654
0.4000283579
0.4000254868
0.4000119004
0.3999487014
0.3996733041
0.3987164968
0.4000291309
0.4000291309
0.4000291309
0.4000291308
0.4000291306
0.4000291294
0.4000291242
0.4000291013
0.4000289997
0.4000285529
0.4000266148
0.400018469
0.3999863132
0.3998747133
0.3995893472
0.4000291309
0.4000291309
0.4000291309
0.4000291309
0.4000291307
0.4000291298
0.4000291264
0.4000291119
0.4000290523
0.4000288114
0.400027869
0.4000243677
0.4000124297
0.3999773931
0.3999005364
0.4000291309
0.4000291309
0.4000291309
0.4000291309
0.4000291308
0.4000291302
0.4000291282
0.4000291201
0.4000290896
0.4000289766
0.4000285768
0.4000272469
0.4000232219
0.4000127113
0.3999911989
0.4000291309
0.4000291309
0.4000291309
0.4000291309
0.4000291308
0.4000291304
0.4000291291
0.4000291242
0.4000291067
0.4000290473
0.4000288546
0.4000282714
0.400026667
0.4000228071
0.4000151311
0.4000291309
0.4000291309
0.4000291309
0.4000291309
0.4000291308
0.4000291304
0.4000291289
0.4000291233
0.4000291033
0.4000290336
0.4000288022
0.4000280816
0.4000260333
0.4000209485
0.4000291309
0.4000291309
0.4000291309
0.4000291309
0.4000291307
0.4000291302
0.4000291278
0.4000291185
0.4000290824
0.4000289445
0.4000284372
0.4000266651
0.4000209687
0.4000050619
0.4000291309
0.4000291309
0.4000291309
0.4000291309
0.4000291306
0.4000291297
0.4000291257
0.4000291085
0.4000290353
0.4000287261
0.4000274436
0.4000222958
0.4000028738
0.3999381478
0.4000291309
0.4000291309
0.4000291309
0.4000291308
0.4000291305
0.4000291292
0.4000291231
0.4000290951
0.4000289654
0.4000283579
0.4000254867
0.4000118995
0.3999486961
0.399673268
0.4000291309
0.4000291309
0.4000291309
0.4000291308
0.4000291305
0.4000291289
0.4000291216
0.4000290868
0.4000289159
0.4000280452
0.4000233999
0.3999971628
0.3998387271
0.3988086384
0.3915291729
0.4000291309
0.4000291309
0.4000291309
0.4000291308
0.4000291305
0.4000291292
0.4000291231
0.4000290951
0.4000289654
0.4000283579
0.4000254867
0.4000119001
0.3999487
0.3996732987
0.398716491
0.4000291309
0.4000291309
0.4000291309
0.4000291309
0.4000291306
0.4000291297
0.4000291257
0.4000291085
0.4000290353
0.4000287261
0.4000274437
0.4000222961
0.4000028755
0.3999381569
0.3997769896
0.4000291309
0.4000291309
0.4000291309
0.4000291309
0.4000291307
0.4000291302
0.4000291278
0.4000291185
0.4000290824
0.4000289445
0.4000284372
0.4000266652
0.4000209693
0.4000050645
0.3999709935
0.4000291309
0.4000291309
0.4000291309
0.4000291309
0.4000291308
0.4000291304
0.4000291289
0.4000291233
0.4000291033
0.4000290336
0.4000288022
0.4000280817
0.4000260335
0.4000209494
0.4000107091
0.4000291309
0.4000291309
0.4000291309
0.4000291309
0.4000291308
0.4000291304
0.4000291291
0.4000291242
0.4000291067
0.4000290473
0.4000288545
0.4000282714
0.4000266668
0.4000228064
0.4000291309
0.4000291309
0.4000291309
0.4000291309
0.4000291308
0.4000291302
0.4000291282
0.4000291201
0.4000290896
0.4000289766
0.4000285767
0.4000272468
0.4000232213
0.4000127094
0.4000291309
0.4000291309
0.4000291309
0.4000291309
0.4000291307
0.4000291298
0.4000291264
0.4000291119
0.4000290523
0.4000288114
0.4000278689
0.4000243673
0.4000124281
0.3999773871
0.4000291309
0.4000291309
0.4000291309
0.4000291308
0.4000291306
0.4000291294
0.4000291242
0.4000291013
0.4000289997
0.4000285528
0.4000266146
0.4000184682
0.3999863093
0.3998746954
0.4000291309
0.4000291309
0.4000291309
0.4000291308
0.4000291305
0.4000291292
0.4000291231
0.4000290951
0.4000289654
0.4000283579
0.4000254866
0.4000118992
0.3999486949
0.3996732641
0.4000291309
0.4000291309
0.4000291309
0.4000291308
0.4000291306
0.4000291294
0.4000291242
0.4000291013
0.4000289997
0.4000285528
0.4000266147
0.4000184684
0.3999863102
0.3998746984
0.4000291309
0.4000291309
0.4000291309
0.4000291309
0.4000291307
0.4000291298
0.4000291264
0.4000291119
0.4000290523
0.4000288114
0.4000278689
0.4000243675
0.4000124288
0.39997739
0.3999005263
0.4000291309
0.4000291309
0.4000291309
0.4000291309
0.4000291308
0.4000291302
0.4000291282
0.4000291201
0.4000290896
0.4000289766
0.4000285768
0.4000272469
0.4000232217
0.4000127106
0.3999911974
0.4000291309
0.4000291309
0.4000291309
0.4000291309
0.4000291308
0.4000291304
0.4000291291
0.4000291242
0.4000291067
0.4000290473
0.4000288546
0.4000282714
0.400026667
0.400022807
0.4000151308
0.4000291309
0.4000291309
0.4000291309
0.4000291309
0.4000291308
0.4000291305
0.4000291295
0.4000291259
0.4000291137
0.4000290734
0.4000289481
0.4000285855
0.4000276297
0.4000254074
0.4000291309
0.4000291309
0.4000291309
0.4000291309
0.4000291308
0.4000291304
0.4000291289
0.4000291233
0.400029103
0.4000290318
0.4000287939
0.4000280526
0.400025957
0.4000208125
0.4000291309
0.4000291309
0.4000291309
0.4000291309
0.4000291307
0.4000291301
0.4000291277
0.4000291182
0.400029081
0.4000289407
0.4000284332
0.4000267105
0.4000214011
0.4000073452
0.4000291309
0.4000291309
0.4000291309
0.4000291309
0.4000291307
0.4000291298
0.4000291264
0.4000291119
0.4000290523
0.4000288114
0.4000278689
0.4000243673
0.400012428
0.399977387
0.4000291309
0.4000291309
0.4000291309
0.4000291309
0.4000291306
0.4000291297
0.4000291257
0.4000291085
0.4000290353
0.4000287261
0.4000274436
0.4000222956
0.4000028733
0.3999381472
0.4000291309
0.4000291309
0.4000291309
0.4000291309
0.4000291307
0.4000291298
0.4000291264
0.4000291119
0.4000290523
0.4000288114
0.4000278689
0.4000243673
0.4000124283
0.3999773877
0.4000291309
0.4000291309
0.4000291309
0.4000291309
0.4000291307
0.4000291301
0.4000291277
0.4000291182
0.400029081
0.4000289407
0.4000284332
0.4000267106
0.4000214012
0.4000073454
0.4000291309
0.4000291309
0.4000291309
0.4000291309
0.4000291308
0.4000291304
0.4000291289
0.4000291233
0.400029103
0.4000290318
0.4000287939
0.4000280527
0.4000259571
0.4000208129
0.4000105409
0.4000291309
0.4000291309
0.4000291309
0.4000291309
0.4000291308
0.4000291305
0.4000291295
0.4000291259
0.4000291137
0.4000290734
0.4000289481
0.4000285855
0.4000276298
0.4000254077
0.4000210209
0.4000291309
0.4000291309
0.4000291309
0.4000291309
0.4000291309
0.4000291307
0.40002913
0.4000291276
0.4000291198
0.4000290955
0.4000290234
0.4000288241
0.4000283202
0.4000271821
0.4000291309
0.4000291309
0.4000291309
0.4000291309
0.4000291308
0.4000291306
0.4000291296
0.4000291261
0.4000291141
0.4000290745
0.4000289505
0.400028588
0.4000276247
0.4000253708
0.4000291309
0.4000291309
0.4000291309
0.4000291309
0.4000291308
0.4000291304
0.4000291289
0.4000291233
0.400029103
0.4000290318
0.4000287939
0.4000280526
0.400025957
0.4000208125
0.4000291309
0.4000291309
0.4000291309
0.4000291309
0.4000291308
0.4000291302
0.4000291282
0.4000291201
0.4000290896
0.4000289766
0.4000285767
0.4000272468
0.4000232213
0.4000127094
0.4000291309
0.4000291309
0.4000291309
0.4000291309
0.4000291307
0.4000291302
0.4000291278
0.4000291185
0.4000290824
0.4000289445
0.4000284372
0.400026665
0.4000209686
0.4000050619
0.4000291309
0.4000291309
0.4000291309
0.4000291309
0.4000291308
0.4000291302
0.4000291282
0.4000291201
0.4000290896
0.4000289766
0.4000285767
0.4000272468
0.4000232213
0.4000127095
0.4000291309
0.4000291309
0.4000291309
0.4000291309
0.4000291308
0.4000291304
0.4000291289
0.4000291233
0.400029103
0.4000290318
0.4000287939
0.4000280526
0.4000259571
0.4000208126
0.4000291309
0.4000291309
0.4000291309
0.4000291309
0.4000291308
0.4000291306
0.4000291296
0.4000291261
0.4000291141
0.4000290745
0.4000289505
0.400028588
0.4000276247
0.4000253708
0.4000291309
0.4000291309
0.4000291309
0.4000291309
0.4000291309
0.4000291307
0.40002913
0.4000291276
0.4000291198
0.4000290955
0.4000290234
0.4000288241
0.4000283202
0.4000271822
0.4000249411
0.4000291309
0.4000291309
0.4000291309
0.4000291309
0.4000291309
0.4000291307
0.4000291302
0.4000291285
0.4000291232
0.4000291071
0.4000290613
0.4000289396
0.4000286423
0.4000279854
0.4000291309
0.4000291309
0.4000291309
0.4000291309
0.4000291309
0.4000291307
0.40002913
0.4000291276
0.4000291198
0.4000290955
0.4000290234
0.400028824
0.4000283202
0.4000271821
0.4000291309
0.4000291309
0.4000291309
0.4000291309
0.4000291308
0.4000291305
0.4000291295
0.4000291259
0.4000291137
0.4000290734
0.4000289481
0.4000285855
0.4000276297
0.4000254074
0.4000291309
0.4000291309
0.4000291309
0.4000291309
0.4000291308
0.4000291304
0.4000291291
0.4000291242
0.4000291067
0.4000290473
0.4000288545
0.4000282714
0.4000266668
0.4000228064
0.4000291309
0.4000291309
0.4000291309
0.4000291309
0.4000291308
0.4000291304
0.4000291289
0.4000291233
0.4000291033
0.4000290336
0.4000288022
0.4000280816
0.4000260332
0.4000209485
0.4000291309
0.4000291309
0.4000291309
0.4000291309
0.4000291308
0.4000291304
0.4000291291
0.4000291242
0.4000291067
0.4000290473
0.4000288545
0.4000282714
0.4000266668
0.4000228064
0.4000291309
0.4000291309
0.4000291309
0.4000291309
0.4000291308
0.4000291305
0.4000291295
0.4000291259
0.4000291137
0.4000290734
0.4000289481
0.4000285855
0.4000276297
0.4000254075
0.4000291309
0.4000291309
0.4000291309
0.4000291309
0.4000291309
0.4000291307
0.40002913
0.4000291276
0.4000291198
0.4000290955
0.4000290234
0.4000288241
0.4000283202
0.4000271821
0.4000291309
0.4000291309
0.4000291309
0.4000291309
0.4000291309
0.4000291307
0.4000291302
0.4000291285
0.4000291232
0.4000291071
0.4000290613
0.4000289396
0.4000286423
0.4000279853
)
;

boundaryField
{
    top
    {
        type            calculated;
        value           nonuniform List<scalar> 
134
(
0.4000291309
0.4000291309
0.4000291309
0.4000291309
0.4000291309
0.4000291309
0.4000291309
0.4000291309
0.4000291309
0.4000291309
0.4000291309
0.4000291309
0.4000291309
0.4000291309
0.4000291309
0.4000291309
0.4000291309
0.4000291309
0.4000291309
0.4000291309
0.4000291309
0.4000291309
0.4000291309
0.4000291309
0.4000291309
0.4000291309
0.4000291309
0.4000291309
0.4000291309
0.4000291309
0.4000291309
0.4000291309
0.4000291309
0.4000291309
0.4000291309
0.4000291309
0.4000291309
0.4000291309
0.4000291308
0.4000291308
0.4000291308
0.4000291308
0.4000291308
0.4000291309
0.4000291309
0.4000291307
0.4000291307
0.4000291305
0.4000291304
0.4000291304
0.4000291304
0.4000291305
0.4000291307
0.4000291307
0.4000291302
0.40002913
0.4000291295
0.4000291291
0.4000291289
0.4000291291
0.4000291295
0.40002913
0.4000291302
0.4000291285
0.4000291276
0.4000291259
0.4000291242
0.4000291233
0.4000291242
0.4000291259
0.4000291276
0.4000291285
0.4000291232
0.4000291198
0.4000291137
0.4000291067
0.4000291033
0.4000291067
0.4000291137
0.4000291198
0.4000291232
0.4000291071
0.4000290955
0.4000290734
0.4000290473
0.4000290336
0.4000290473
0.4000290734
0.4000290955
0.4000291071
0.4000290613
0.4000290234
0.4000289481
0.4000288546
0.4000288022
0.4000288546
0.4000289481
0.4000290234
0.4000290613
0.4000289396
0.4000288241
0.4000285855
0.4000282714
0.4000280817
0.4000282714
0.4000285855
0.4000288241
0.4000289396
0.4000286424
0.4000283203
0.4000276299
0.400026667
0.4000260335
0.400026667
0.4000276298
0.4000283202
0.4000286423
0.4000279855
0.4000271824
0.4000254079
0.4000228071
0.4000209494
0.400022807
0.4000254077
0.4000271822
0.4000279853
0.400026692
0.4000249415
0.4000210212
0.4000151311
0.4000107091
0.4000151308
0.4000210209
0.4000249411
)
;
    }
    bottom
    {
        type            calculated;
        value           nonuniform List<scalar> 
127
(
0.4000291309
0.4000291309
0.4000291309
0.4000291309
0.4000291309
0.4000291309
0.4000291309
0.4000291309
0.4000291309
0.4000291309
0.4000291309
0.4000291309
0.4000291309
0.4000291309
0.4000291309
0.4000291309
0.4000291309
0.4000291309
0.4000291309
0.4000291309
0.4000291309
0.4000291309
0.4000291309
0.4000291309
0.4000291309
0.4000291309
0.4000291309
0.4000291309
0.4000291309
0.4000291309
0.4000291309
0.4000291309
0.4000291309
0.4000291309
0.4000291309
0.4000291309
0.4000291309
0.4000291309
0.4000291308
0.4000291308
0.4000291308
0.4000291308
0.4000291308
0.4000291309
0.4000291309
0.4000291307
0.4000291307
0.4000291305
0.4000291304
0.4000291304
0.4000291304
0.4000291305
0.4000291307
0.4000291307
0.4000291302
0.40002913
0.4000291295
0.4000291291
0.4000291289
0.4000291291
0.4000291295
0.40002913
0.4000291302
0.4000291285
0.4000291276
0.4000291259
0.4000291242
0.4000291233
0.4000291242
0.4000291259
0.4000291276
0.4000291285
0.4000291232
0.4000291198
0.4000291137
0.4000291067
0.4000291033
0.4000291067
0.4000291137
0.4000291198
0.4000291232
0.4000291071
0.4000290955
0.4000290734
0.4000290473
0.4000290336
0.4000290473
0.4000290734
0.4000290955
0.4000291071
0.4000290613
0.4000290234
0.4000289481
0.4000288546
0.4000288022
0.4000288545
0.4000289481
0.4000290234
0.4000290613
0.4000289396
0.4000288241
0.4000285855
0.4000282714
0.4000280816
0.4000282714
0.4000285855
0.4000288241
0.4000289396
0.4000286424
0.4000283202
0.4000276297
0.4000266668
0.4000260333
0.4000266668
0.4000276297
0.4000283202
0.4000286423
0.4000279854
0.4000271821
0.4000254074
0.4000228064
0.4000209485
0.4000228064
0.4000254074
0.4000271821
0.4000279854
0.4000266918
)
;
    }
    side-walls
    {
        type            calculated;
        value           nonuniform List<scalar> 
261
(
0.4000291309
0.4000291309
0.4000291309
0.4000291309
0.4000291309
0.4000291309
0.4000291309
0.4000291309
0.4000291309
0.4000291309
0.4000291309
0.4000291309
0.4000291309
0.4000291309
0.4000291309
0.4000291309
0.4000291309
0.4000291309
0.4000291309
0.4000291309
0.4000291309
0.4000291309
0.4000291309
0.4000291309
0.4000291309
0.4000291309
0.4000291309
0.4000291309
0.4000291309
0.4000291309
0.4000291309
0.4000291309
0.4000291309
0.4000291309
0.4000291309
0.4000291309
0.4000291309
0.4000291309
0.4000291308
0.4000291308
0.4000291308
0.4000291308
0.4000291308
0.4000291309
0.4000291309
0.4000291307
0.4000291307
0.4000291305
0.4000291304
0.4000291304
0.4000291304
0.4000291305
0.4000291307
0.4000291307
0.4000291302
0.40002913
0.4000291295
0.4000291291
0.4000291289
0.4000291291
0.4000291295
0.40002913
0.4000291302
0.4000291285
0.4000291276
0.4000291259
0.4000291242
0.4000291233
0.4000291242
0.4000291259
0.4000291276
0.4000291285
0.4000291232
0.4000291198
0.4000291137
0.4000291067
0.4000291033
0.4000291067
0.4000291137
0.4000291198
0.4000291232
0.4000291071
0.4000290955
0.4000290734
0.4000290473
0.4000290336
0.4000290473
0.4000290734
0.4000290955
0.4000291071
0.4000290613
0.4000290234
0.4000289481
0.4000288546
0.4000288023
0.4000288546
0.4000289481
0.4000290234
0.4000290613
0.4000289396
0.4000288241
0.4000285855
0.4000282715
0.4000280817
0.4000282715
0.4000285855
0.4000288241
0.4000289396
0.4000286424
0.4000283203
0.4000276298
0.4000266671
0.4000260336
0.4000266671
0.4000276299
0.4000283203
0.4000286424
0.4000279854
0.4000271823
0.4000254078
0.4000228071
0.4000209495
0.4000228072
0.4000254079
0.4000271824
0.4000279855
0.4000266918
0.4000249413
0.400021021
0.400015131
0.4000107091
0.4000151312
0.4000210213
0.4000249415
0.400026692
0.4000291309
0.4000291309
0.4000291309
0.4000291309
0.4000291309
0.4000291309
0.4000291309
0.4000291309
0.4000291309
0.4000291309
0.4000291309
0.4000291309
0.4000291309
0.4000291309
0.4000291309
0.4000291309
0.4000291309
0.4000291309
0.4000291309
0.4000291309
0.4000291309
0.4000291309
0.4000291309
0.4000291309
0.4000291309
0.4000291309
0.4000291309
0.4000291309
0.4000291309
0.4000291309
0.4000291309
0.4000291309
0.4000291309
0.4000291309
0.4000291309
0.4000291309
0.4000291309
0.4000291309
0.4000291308
0.4000291308
0.4000291308
0.4000291308
0.4000291308
0.4000291309
0.4000291309
0.4000291307
0.4000291307
0.4000291305
0.4000291304
0.4000291304
0.4000291304
0.4000291305
0.4000291307
0.4000291307
0.4000291302
0.40002913
0.4000291295
0.4000291291
0.4000291289
0.4000291291
0.4000291295
0.40002913
0.4000291302
0.4000291285
0.4000291276
0.4000291259
0.4000291242
0.4000291233
0.4000291242
0.4000291259
0.4000291276
0.4000291285
0.4000291232
0.4000291198
0.4000291137
0.4000291067
0.4000291033
0.4000291067
0.4000291137
0.4000291198
0.4000291232
0.4000291071
0.4000290955
0.4000290734
0.4000290473
0.4000290336
0.4000290473
0.4000290734
0.4000290955
0.4000291071
0.4000290613
0.4000290234
0.4000289481
0.4000288545
0.4000288022
0.4000288545
0.4000289481
0.4000290234
0.4000290613
0.4000289396
0.400028824
0.4000285855
0.4000282714
0.4000280816
0.4000282714
0.4000285855
0.4000288241
0.4000289396
0.4000286423
0.4000283202
0.4000276297
0.4000266668
0.4000260332
0.4000266668
0.4000276297
0.4000283202
0.4000286423
0.4000279854
0.4000271821
0.4000254074
0.4000228064
0.4000209485
0.4000228064
0.4000254075
0.4000271821
0.4000279853
)
;
    }
    inlet
    {
        type            calculated;
        value           nonuniform List<scalar> 
81
(
0.4000291309
0.4000291309
0.4000291309
0.4000291309
0.4000291309
0.4000291309
0.4000291309
0.4000291309
0.4000291309
0.4000291309
0.4000291309
0.4000291309
0.4000291309
0.4000291309
0.4000291309
0.4000291309
0.4000291309
0.4000291309
0.4000291309
0.4000291309
0.4000291309
0.4000291309
0.4000291309
0.4000291309
0.4000291309
0.4000291309
0.4000291309
0.4000291309
0.4000291309
0.4000291309
0.4000291309
0.4000291309
0.4000291309
0.4000291309
0.4000291309
0.4000291309
0.4000291309
0.4000291309
0.4000291309
0.4000291309
0.4000291309
0.4000291309
0.4000291309
0.4000291309
0.4000291309
0.4000291309
0.4000291309
0.4000291309
0.4000291309
0.4000291309
0.4000291309
0.4000291309
0.4000291309
0.4000291309
0.4000291309
0.4000291309
0.4000291309
0.4000291309
0.4000291309
0.4000291309
0.4000291309
0.4000291309
0.4000291309
0.4000291309
0.4000291309
0.4000291309
0.4000291309
0.4000291309
0.4000291309
0.4000291309
0.4000291309
0.4000291309
0.4000291309
0.4000291309
0.4000291309
0.4000291309
0.4000291309
0.4000291309
0.4000291309
0.4000291309
0.4000291309
)
;
    }
    outlet
    {
        type            calculated;
        value           nonuniform 0();
    }
    procBoundary0to1
    {
        type            processor;
        value           nonuniform List<scalar> 
97
(
0.4000244392
0.4000249411
0.4000211492
0.40001388
0.4000032251
0.3999956134
0.4000032253
0.4000138802
0.4000211495
0.4000244394
0.4000249411
0.4000249411
0.4000137294
0.4000105407
0.3999950559
0.3999618562
0.3999305152
0.3999618571
0.3999950568
0.40001373
0.4000211495
0.4000210207
0.4000105407
0.4000105407
0.3999398753
0.3999005239
0.3998170944
0.3996561846
0.3998170988
0.3999398784
0.3999950568
0.4000138802
0.4000151304
0.3999911965
0.3999005239
0.3999005239
0.3993959508
0.3987164001
0.3985686672
0.3993959662
0.3998170985
0.3999618571
0.4000032253
0.4000107084
0.3999709909
0.3997769761
0.3987164001
0.3987164001
0.3949931605
0.3987164033
0.3985686675
0.3995893204
0.3996561841
0.3999305154
0.3999956134
0.4000151305
0.3999911973
0.3999005299
0.3995893235
0.3987164033
0.3995893204
0.3995893204
0.3998170949
0.3999784581
0.399961856
0.400003225
0.4000210209
0.4000105418
0.39997846
0.3999005301
0.3997769764
0.3999005306
0.3999784581
0.3999784581
0.3999950559
0.4000209177
0.4000138799
0.4000249414
0.4000209181
0.4000105418
0.3999911973
0.3999709911
0.3999911976
0.4000105416
0.4000209177
0.4000209177
0.4000211492
0.4000266918
0.4000266919
0.4000249413
0.4000210209
0.4000151306
0.4000107084
0.4000151307
0.4000210209
0.4000249413
0.4000266918
)
;
    }
}


// ************************************************************************* //
