/*--------------------------------*- C++ -*----------------------------------*\
| =========                 |                                                 |
| \\      /  F ield         | OpenFOAM: The Open Source CFD Toolbox           |
|  \\    /   O peration     | Version:  4.x                                   |
|   \\  /    A nd           | Web:      www.OpenFOAM.org                      |
|    \\/     M anipulation  |                                                 |
\*---------------------------------------------------------------------------*/
FoamFile
{
    version     2.0;
    format      ascii;
    class       surfaceScalarField;
    location    "7000";
    object      phi;
}
// * * * * * * * * * * * * * * * * * * * * * * * * * * * * * * * * * * * * * //

dimensions      [1 0 -1 0 0 0 0];

internalField   nonuniform List<scalar> 
3172
(
9.42846339e-06
-1.744484366e-11
-1.512815063e-11
9.428492275e-06
-1.769961443e-11
-1.544553552e-11
9.428514715e-06
-1.123375869e-11
-9.08164493e-12
9.42852843e-06
-7.80877701e-12
-6.827234455e-12
9.428533851e-06
-3.777323817e-12
-4.754262227e-12
9.428536427e-06
-8.638076985e-13
-2.393225301e-12
9.428533117e-06
1.114527207e-12
-1.519605034e-12
9.428532725e-06
3.388335843e-12
1.795059554e-12
9.428525409e-06
3.557595116e-12
1.585231371e-12
9.428520488e-06
3.795565049e-12
4.057657128e-12
9.428509252e-06
2.165571828e-12
3.805714785e-12
9.428503759e-06
2.292751771e-12
4.410247594e-12
9.428493937e-06
4.411245991e-12
4.914020013e-12
4.985597365e-12
4.940842237e-12
9.428458814e-06
-2.815289941e-11
-1.795244722e-11
9.428490924e-06
-2.484590452e-11
-1.946212766e-11
9.428508962e-06
-1.583817889e-11
-1.200682954e-11
9.428519471e-06
-1.069015495e-11
-5.769794296e-12
9.42852104e-06
-6.025011938e-12
-2.502745638e-12
9.428517241e-06
-2.593115378e-12
-4.984644434e-13
9.428509996e-06
2.935312581e-13
9.504488479e-13
9.428505596e-06
3.354251641e-12
2.806631421e-12
9.428497483e-06
4.291716836e-12
2.232338588e-12
9.428490832e-06
5.017822339e-12
2.966714379e-12
9.42848356e-06
4.306307591e-12
5.066203602e-12
9.428477213e-06
6.445243485e-12
6.320750729e-12
9.428467316e-06
7.507056295e-12
5.490058256e-12
7.113668931e-12
4.124248538e-12
9.428508778e-06
-2.519840115e-11
-3.386432258e-11
9.428536774e-06
-2.237134494e-11
-3.125689358e-11
9.428544374e-06
-1.174132382e-11
-1.431746181e-11
9.42854614e-06
-4.556734511e-12
-1.535724136e-12
9.428539589e-06
-9.555515214e-13
4.229707208e-12
9.428531794e-06
2.500069359e-12
6.251982525e-12
9.428521828e-06
2.129565757e-12
7.845198527e-12
9.428511344e-06
3.851891469e-12
8.200600912e-12
9.428501175e-06
5.004509886e-12
8.369891513e-12
9.428492045e-06
3.369781542e-12
6.422262372e-12
9.428486799e-06
5.386929193e-12
8.701489932e-12
9.428480294e-06
4.629724592e-12
8.536695838e-12
9.428473637e-06
6.010046222e-12
7.240966347e-12
6.612451689e-12
6.202836868e-12
9.428482407e-06
-1.47377075e-11
-1.834209397e-11
9.428503449e-06
-9.216604193e-12
-3.537982235e-11
9.428503613e-06
-2.468339653e-12
-1.123674034e-11
9.428497686e-06
2.004636524e-12
4.517461107e-12
9.42848585e-06
2.465940136e-12
1.037676879e-11
9.428470643e-06
2.444676059e-12
1.352646991e-11
9.42846086e-06
3.163411321e-12
1.434354114e-11
9.42844868e-06
1.697562212e-12
1.221953556e-11
9.428436881e-06
2.115579457e-12
1.130805859e-11
9.42843321e-06
3.390039158e-12
1.14328042e-11
9.428426591e-06
4.52546129e-12
1.167468222e-11
9.428426481e-06
5.337464011e-12
1.161599225e-11
9.428421468e-06
5.218855496e-12
9.685151457e-12
1.673558487e-12
7.23908385e-12
9.428544269e-06
1.584399756e-11
-8.176091974e-12
9.428538262e-06
1.023456852e-11
-1.077246699e-11
9.428520994e-06
3.30408117e-12
1.175322837e-11
9.42850286e-06
-3.496520406e-13
2.08686415e-11
9.428487509e-06
-1.848610012e-12
2.125761338e-11
9.428470704e-06
-3.155359299e-12
2.016781453e-11
9.428457496e-06
-2.601873447e-12
1.766056508e-11
9.42844831e-06
-1.892294812e-12
1.564883384e-11
9.428440708e-06
-9.884337331e-13
1.320538685e-11
9.428434925e-06
-3.723114523e-13
1.058854302e-11
9.428430235e-06
-3.390608355e-14
9.918271709e-12
9.428427039e-06
-7.067459663e-13
8.790678692e-12
9.428422126e-06
-4.911590417e-13
7.458684587e-12
-1.353134995e-12
6.142970749e-12
9.428557504e-06
2.238274907e-11
-1.855431491e-11
9.428578798e-06
2.17180611e-11
-3.42421324e-11
9.428578243e-06
8.812130963e-12
-1.171419996e-11
9.42856993e-06
3.443938332e-12
2.565224228e-12
9.428559601e-06
1.23734085e-12
1.01013391e-11
9.428547031e-06
-2.194586988e-12
1.431950565e-11
9.428535045e-06
-3.713372913e-12
1.538931391e-11
9.428523466e-06
-4.226783331e-12
1.398075624e-11
9.428513697e-06
-5.416773741e-12
1.072111996e-11
9.428506995e-06
-5.209727863e-12
9.409496792e-12
9.428503678e-06
-3.828137724e-12
9.925169264e-12
9.428499681e-06
-4.471454967e-12
8.199893224e-12
9.428492745e-06
-6.092971538e-12
7.783222809e-12
-3.171105768e-12
7.470983477e-12
9.428520701e-06
3.07837295e-11
-3.264105332e-11
9.428545711e-06
2.630290244e-11
-3.02277487e-11
9.42855626e-06
1.852994896e-11
-1.057560816e-11
9.428555308e-06
1.0818208e-11
-3.97048911e-13
9.428549385e-06
5.218949081e-12
3.475747275e-12
9.428541099e-06
1.335337547e-12
8.565414527e-12
9.428531095e-06
-2.370910502e-12
8.970059206e-12
9.428521954e-06
-4.443312757e-12
9.01526044e-12
9.428511793e-06
-7.44623712e-12
9.4841119e-12
9.428504807e-06
-7.013832441e-12
8.543461855e-12
9.428497601e-06
-5.570363095e-12
8.613651668e-12
9.428490787e-06
-5.267753016e-12
7.220297388e-12
9.428483931e-06
-7.346602406e-12
7.917280283e-12
-6.173113245e-12
5.747062138e-12
9.428460592e-06
1.720474174e-11
-1.814253584e-11
9.428493843e-06
1.624134534e-11
-1.816588498e-11
9.428509635e-06
1.154848363e-11
-1.100042931e-11
9.428519888e-06
7.180384405e-12
-4.900462385e-12
9.428520655e-06
3.0235215e-12
-2.390019331e-12
9.428517788e-06
6.65783971e-13
1.348938827e-12
9.428515882e-06
-1.846235702e-12
4.230965783e-12
9.428509384e-06
-3.071989891e-12
5.470067295e-12
9.428505873e-06
-1.435384317e-12
7.099410524e-12
9.428499651e-06
-2.134589228e-12
5.884888558e-12
9.42849025e-06
-2.935425301e-12
5.303715989e-12
9.428481058e-06
-4.795457467e-12
5.906986993e-12
9.428473929e-06
-4.443845266e-12
7.357094744e-12
-5.126289269e-12
4.85826642e-12
9.428458151e-06
-1.594882861e-11
9.42849219e-06
-1.482706785e-11
9.428510829e-06
-9.326049187e-12
9.428525183e-06
-5.616318415e-12
9.428531595e-06
-4.551581896e-12
9.428533351e-06
-6.02236905e-13
9.428533868e-06
1.684911137e-12
9.428529928e-06
3.79133142e-12
9.428523674e-06
4.293134245e-12
9.428518655e-06
4.165381954e-12
9.428507055e-06
4.331173106e-12
9.428499572e-06
5.751869542e-12
9.428490535e-06
5.212575114e-12
3.600515844e-12
9.428442699e-06
-6.428430641e-11
9.428471272e-06
-1.942334456e-11
-2.80731253e-11
9.428500716e-06
-2.148487352e-11
-2.435565834e-11
9.428520154e-06
-1.295410949e-11
-1.459464357e-11
9.428528676e-06
-6.657424426e-12
-7.541506444e-12
9.428531642e-06
-1.557037492e-12
-2.831911851e-12
9.428529925e-06
1.407116449e-12
1.664452749e-13
9.428525946e-06
4.606221221e-12
3.987833524e-12
9.428518702e-06
5.209953748e-12
4.815786261e-12
9.428511059e-06
5.169021932e-12
6.697643092e-12
9.428504631e-06
5.172269514e-12
7.030448014e-12
9.428496589e-06
4.687801587e-12
8.529354827e-12
9.428488256e-06
5.663344517e-12
8.124156991e-12
9.428479173e-06
6.085907633e-12
9.417286341e-12
4.661364901e-12
7.477888275e-12
9.428459636e-06
-2.958770997e-11
-3.010127763e-11
9.428489174e-06
-3.092579281e-11
-3.060409581e-11
9.428501258e-06
-1.804918784e-11
-1.688524453e-11
9.428502866e-06
-6.716281124e-12
-5.827328501e-12
9.428498946e-06
5.429954083e-14
6.431082698e-13
9.428493868e-06
3.868137355e-12
5.227918763e-12
9.42848755e-06
5.873147918e-12
5.927408881e-12
9.428477138e-06
8.368892717e-12
7.61022536e-12
9.428470535e-06
1.069172821e-11
8.739279539e-12
9.428463925e-06
9.922643307e-12
1.013330914e-11
9.42845922e-06
9.845844948e-12
1.150850117e-11
9.42845109e-06
1.003440477e-11
9.305656731e-12
9.428442884e-06
1.043529113e-11
1.063454549e-11
1.028916592e-11
8.299252837e-12
9.428510826e-06
-1.909902857e-11
-5.032150558e-11
9.428522502e-06
-2.577347192e-11
-4.749114559e-11
9.42851407e-06
-9.152353854e-12
-1.391106006e-11
9.428497807e-06
1.376957734e-13
3.782092634e-12
9.428481569e-06
5.071891167e-12
1.28284348e-11
9.428468108e-06
9.371016331e-12
1.538656247e-11
9.428458195e-06
9.713412988e-12
1.744341875e-11
9.428448241e-06
7.855050839e-12
1.527657146e-11
9.428441234e-06
7.0551694e-12
1.504174483e-11
9.428439845e-06
8.315262019e-12
1.420051674e-11
9.428436658e-06
7.92023684e-12
1.278112577e-11
9.428431755e-06
6.449401491e-12
1.107615004e-11
9.428431217e-06
7.618625375e-12
1.253500669e-11
7.415966685e-12
1.009246798e-11
9.428538301e-06
6.233489824e-12
1.269986291e-11
9.428535768e-06
-2.186678343e-12
-5.198112094e-11
9.428515902e-06
2.282328936e-12
-4.62343269e-12
9.42849536e-06
5.014854218e-12
2.032827057e-11
9.428477625e-06
6.089257736e-12
2.730257543e-11
9.428462326e-06
5.821809053e-12
2.853613914e-11
9.428454885e-06
5.315851571e-12
2.762612492e-11
9.428449271e-06
4.331185588e-12
2.416069976e-11
9.428445466e-06
3.800367053e-12
2.10405184e-11
9.428445392e-06
2.576346445e-12
1.884151628e-11
9.428446268e-06
2.53072042e-12
1.645595633e-11
9.428446844e-06
3.288861617e-12
1.346081577e-11
9.42845086e-06
3.459105605e-12
1.428329151e-11
1.647963222e-12
1.136586161e-11
9.428570924e-06
-6.510076526e-12
1.687067053e-10
9.428504081e-06
3.227306446e-12
4.713100662e-11
9.428461165e-06
-2.042855869e-12
6.120237258e-11
9.428433138e-06
-5.916468704e-12
6.559208209e-11
9.428414601e-06
-5.328143801e-12
5.276466526e-11
9.428400754e-06
-5.910757723e-12
4.085960124e-11
9.428396727e-06
-3.940125797e-12
3.442367673e-11
9.428392198e-06
-4.060925026e-12
2.825888293e-11
9.428393164e-06
-3.811591924e-12
2.271301846e-11
9.428396308e-06
-2.726181673e-12
2.077074209e-11
9.428399708e-06
-9.770725194e-13
1.618772682e-11
9.428399166e-06
-2.994019444e-12
1.177997832e-11
9.428402231e-06
-2.522033818e-12
1.453224172e-11
-9.839069396e-13
1.223293392e-11
9.428513992e-06
1.761280705e-11
1.501325999e-11
9.428508728e-06
2.459510159e-11
-5.067028886e-11
9.428489695e-06
1.018766907e-11
-3.482474614e-12
9.428468059e-06
3.005092128e-13
1.984001719e-11
9.428450053e-06
-4.649608051e-12
2.706694949e-11
9.428436591e-06
-8.199656185e-12
2.859598153e-11
9.428427303e-06
-1.042109694e-11
2.724174643e-11
9.428421265e-06
-9.487022082e-12
2.429444227e-11
9.428418683e-06
-8.266538958e-12
2.049952446e-11
9.428418284e-06
-7.182494252e-12
1.800120709e-11
9.428418534e-06
-7.557771412e-12
1.598391785e-11
9.428418784e-06
-5.437161187e-12
1.337825636e-11
9.428419429e-06
-5.696438272e-12
1.474966038e-11
-6.352134203e-12
1.271756419e-11
9.428478745e-06
3.052633785e-11
-4.880642588e-11
9.428491517e-06
3.409629146e-11
-4.685052552e-11
9.428481371e-06
1.968126215e-11
-1.548952738e-11
9.428467977e-06
8.369168552e-12
2.334833639e-12
9.428454298e-06
1.446447655e-12
1.172393844e-11
9.428437398e-06
-4.641846237e-12
1.595192189e-11
9.428427863e-06
-7.397935765e-12
1.838982157e-11
9.42841907e-06
-6.917668609e-12
1.666912321e-11
9.428412152e-06
-9.236107559e-12
1.4554267e-11
9.428409115e-06
-8.757099636e-12
1.340094402e-11
9.428405285e-06
-8.891530244e-12
1.193106979e-11
9.428401926e-06
-7.310118887e-12
1.206403972e-11
9.428396129e-06
-8.697038123e-12
1.193626303e-11
-7.141000312e-12
9.992235244e-12
9.428512077e-06
1.899268273e-11
-2.978876503e-11
9.428538341e-06
2.047218802e-11
-3.297276599e-11
9.428548898e-06
1.367179734e-11
-1.839262792e-11
9.428549578e-06
6.736319795e-12
-7.018508828e-12
9.428544885e-06
1.264946543e-12
1.652536844e-13
9.428538095e-06
-2.240095811e-12
5.379166387e-12
9.428531075e-06
-4.593095725e-12
8.299740122e-12
9.42852142e-06
-4.568051752e-12
8.59270388e-12
9.428514244e-06
-4.308825415e-12
9.281268103e-12
9.428505908e-06
-4.502118977e-12
9.664023573e-12
9.428499744e-06
-4.874639833e-12
8.17375948e-12
9.428493569e-06
-5.153857876e-12
7.4327465e-12
9.428488156e-06
-5.924586005e-12
7.968140057e-12
-6.903278719e-12
7.129086173e-12
9.428446422e-06
-2.949711175e-11
9.428477274e-06
-2.561120374e-11
9.428494545e-06
-1.570076392e-11
9.428502601e-06
-8.261580562e-12
9.428506234e-06
-2.577134118e-12
9.428504313e-06
3.019310978e-13
9.42850321e-06
4.028012971e-12
9.428496468e-06
5.97958825e-12
9.428487977e-06
6.555573489e-12
9.428480952e-06
6.319487405e-12
9.42847274e-06
5.581268583e-12
9.428463621e-06
5.38599012e-12
9.428455515e-06
6.832901503e-12
6.860685505e-12
9.428458242e-06
-1.109709881e-10
-7.90425315e-11
9.428486913e-06
-3.437390026e-11
-2.397220068e-11
9.428510911e-06
-3.141435127e-11
-2.151631786e-11
9.428520647e-06
-1.375569515e-11
-1.070943886e-11
9.428518771e-06
-2.537323987e-12
-2.828765459e-12
9.428513146e-06
3.88476869e-12
1.08617429e-12
9.428503796e-06
8.014819777e-12
2.77958873e-12
9.428494324e-06
9.27808737e-12
5.563871934e-12
9.428483291e-06
8.853749735e-12
5.142066768e-12
9.428473669e-06
8.287308445e-12
5.234991376e-12
9.428468624e-06
9.01179526e-12
6.127592809e-12
9.428460041e-06
9.231363477e-12
7.04379152e-12
9.428451934e-06
8.160293771e-12
6.054608063e-12
9.428443561e-06
8.168283685e-12
6.640742387e-12
6.814705978e-12
6.603385642e-12
9.428557522e-06
-1.467316839e-10
9.428561169e-06
-4.822611235e-11
-1.757329504e-11
9.428569786e-06
-4.685251331e-11
-2.605088902e-11
9.42856411e-06
-1.511399615e-11
-8.943748865e-12
9.428547235e-06
3.159372144e-12
1.197407703e-12
9.428532665e-06
1.205859406e-11
5.247222818e-12
9.428518334e-06
1.528005822e-11
7.714591029e-12
9.428508768e-06
1.754007415e-11
1.077767855e-11
9.428500516e-06
1.630649983e-11
9.900477903e-12
9.42849407e-06
1.600979748e-11
9.375918594e-12
9.428489446e-06
1.318197039e-11
9.866024477e-12
9.42848567e-06
1.160176875e-11
9.84533546e-12
9.428483267e-06
1.143699007e-11
8.439392356e-12
9.4284804e-06
1.278788956e-11
8.001277037e-12
1.205984541e-11
8.588107184e-12
9.428608572e-06
-1.786039929e-11
-1.673275864e-11
9.428564589e-06
-2.47575409e-11
-2.386771682e-11
9.428515115e-06
1.190643964e-11
1.201960882e-11
9.428476798e-06
2.274838804e-11
2.26069506e-11
9.428450947e-06
2.387098235e-11
2.299136474e-11
9.428437439e-06
2.477404436e-11
2.277033615e-11
9.428430572e-06
2.206486065e-11
2.065547122e-11
9.428428118e-06
1.891068911e-11
1.797000356e-11
9.428428153e-06
1.609031968e-11
1.608154413e-11
9.428430723e-06
1.398913704e-11
1.498268681e-11
9.428433448e-06
1.191907362e-11
1.298729572e-11
9.428435125e-06
9.60331217e-12
1.048513306e-11
9.428439754e-06
9.604561228e-12
9.489757252e-12
9.625351566e-12
8.364284081e-12
9.428569264e-06
6.490324198e-11
1.773845159e-10
9.428485571e-06
2.064169303e-11
-7.55164698e-12
9.428424771e-06
2.757193547e-11
4.207220436e-11
9.428391242e-06
2.573478653e-11
5.32861348e-11
9.428378611e-06
1.845660321e-11
4.534213587e-11
9.428378114e-06
1.249243108e-11
3.75660675e-11
9.428385882e-06
9.844742514e-12
3.050597168e-11
9.428395303e-06
7.808963667e-12
2.428984263e-11
9.428405716e-06
5.855497751e-12
1.96416561e-11
9.428415599e-06
5.416201807e-12
1.624386064e-11
9.428424127e-06
2.815217016e-12
1.410582253e-11
9.428432762e-06
3.018359901e-12
1.243567183e-11
9.428444395e-06
4.043498868e-12
1.273669943e-11
3.412974089e-12
1.04926929e-11
9.428591405e-06
-6.288103515e-11
9.377960872e-10
9.428340092e-06
-1.792316293e-11
3.400233748e-10
9.428254706e-06
-2.568424475e-11
1.954708255e-10
9.428235967e-06
-2.601938764e-11
1.326105025e-10
9.428242833e-06
-1.923544971e-11
8.22349963e-11
9.428261519e-06
-1.331095437e-11
5.413574518e-11
9.428281276e-06
-9.898799982e-12
3.672865719e-11
9.428296482e-06
-7.48315387e-12
2.705570921e-11
9.428314411e-06
-5.913443196e-12
2.071523375e-11
9.428326526e-06
-4.479801977e-12
1.554930241e-11
9.428338885e-06
-1.55475298e-12
1.448792191e-11
9.428351891e-06
-1.459686894e-12
1.164425813e-11
9.428364486e-06
-2.042567569e-12
1.155638932e-11
-1.28479091e-12
1.042753936e-11
9.4285819e-06
1.742690791e-11
1.77266906e-10
9.428495142e-06
2.375901294e-11
-9.638647597e-12
9.428432825e-06
-1.211572414e-11
4.20634782e-11
9.428403552e-06
-2.294292256e-11
5.508876309e-11
9.428391036e-06
-2.376375991e-11
4.653753309e-11
9.428390639e-06
-2.329246641e-11
3.725468593e-11
9.428398342e-06
-2.044035859e-11
3.119103767e-11
9.428405739e-06
-1.790091249e-11
2.286453806e-11
9.428419561e-06
-1.476865845e-11
1.975270538e-11
9.428430855e-06
-1.291690989e-11
1.536466707e-11
9.428440111e-06
-1.058968353e-11
1.399923697e-11
9.428449661e-06
-7.858141072e-12
1.107518972e-11
9.428458823e-06
-8.695218378e-12
1.100130568e-11
-8.791495592e-12
1.029184164e-11
9.428586993e-06
4.904840421e-11
-1.678071337e-11
9.428543172e-06
4.690673432e-11
-2.327428114e-11
9.428490329e-06
1.573970042e-11
1.207872436e-11
9.42845332e-06
-1.894580966e-12
2.51311056e-11
9.428428253e-06
-9.970761727e-12
2.453722395e-11
9.428414185e-06
-1.486888517e-11
2.337959771e-11
9.428407146e-06
-1.712028774e-11
1.961749221e-11
9.428404857e-06
-1.534812106e-11
1.81346532e-11
9.428406163e-06
-1.48088756e-11
1.588533597e-11
9.42840931e-06
-1.362834873e-11
1.331707698e-11
9.428412537e-06
-1.266946572e-11
1.079512724e-11
9.428415268e-06
-1.181031922e-11
8.145995501e-12
9.428416037e-06
-1.301235759e-11
8.924150973e-12
-1.072345933e-11
6.277129532e-12
9.428507466e-06
3.395240954e-11
-1.890269146e-11
9.428519004e-06
3.147603613e-11
-2.532036321e-11
9.42850863e-06
1.466298372e-11
-9.710700781e-12
9.428496422e-06
3.248079626e-12
2.088436258e-12
9.42847922e-06
-3.931331137e-12
4.153602683e-12
9.428465226e-06
-8.295011022e-12
8.535698629e-12
9.428456516e-06
-8.652736496e-12
9.972043482e-12
9.428447187e-06
-7.602294225e-12
1.064046307e-11
9.428442385e-06
-7.258964238e-12
1.005712783e-11
9.428439587e-06
-7.770952771e-12
9.383357727e-12
9.428435605e-06
-7.453735862e-12
8.878171565e-12
9.428431391e-06
-7.157802198e-12
7.903185082e-12
9.428429367e-06
-7.074959394e-12
8.590120157e-12
-6.910605881e-12
7.217452177e-12
9.428516916e-06
-2.378668636e-11
9.428543152e-06
-2.289028511e-11
9.428551236e-06
-1.24719042e-11
9.428549422e-06
-3.63394873e-12
9.428542629e-06
-1.6407523e-12
9.428533811e-06
2.688100794e-12
9.428526695e-06
4.041497873e-12
9.428516023e-06
4.110354287e-12
9.428506873e-06
5.35114665e-12
9.428499559e-06
6.392358649e-12
9.428491899e-06
6.994365798e-12
9.42848621e-06
5.94321643e-12
9.428478578e-06
6.835140745e-12
5.001333688e-12
9.428531456e-06
-1.626186592e-10
-7.419970739e-11
9.428538295e-06
-1.804110803e-11
-1.301600881e-11
9.428557398e-06
-3.630216661e-11
-6.888942779e-12
9.428560139e-06
-1.185193507e-11
-2.444610125e-13
9.428550081e-06
2.346931565e-12
8.111108972e-13
9.428538707e-06
9.77846048e-12
2.608783824e-12
9.428525323e-06
1.370160134e-11
3.783279838e-12
9.428512337e-06
1.389849528e-11
2.036530806e-12
9.428501899e-06
1.319123749e-11
2.34046207e-12
9.428494162e-06
1.276846865e-11
4.588784568e-12
9.428489422e-06
1.193830051e-11
4.279345515e-12
9.428481075e-06
1.090010981e-11
2.600326581e-12
9.428476358e-06
9.764849589e-12
3.268813605e-12
9.428471625e-06
9.0856305e-12
2.79628411e-12
8.022376921e-12
3.632738076e-12
9.428598872e-06
-3.776245465e-10
-1.45420042e-10
9.428540806e-06
1.449472706e-11
4.932422532e-12
9.428538921e-06
-5.088600465e-11
-1.335802737e-12
9.428519521e-06
-5.756103608e-12
3.73863398e-12
9.42849538e-06
1.839388398e-11
5.63208908e-12
9.428476201e-06
2.594118401e-11
5.948641694e-12
9.428462642e-06
2.761608888e-11
6.086346941e-12
9.428453944e-06
2.663917573e-11
5.407120842e-12
9.428450021e-06
2.379800347e-11
4.114675543e-12
9.428446263e-06
2.08866243e-11
5.331824938e-12
9.428446428e-06
1.815498379e-11
4.286017483e-12
9.428443167e-06
1.5034412e-11
1.454004475e-12
9.428443981e-06
1.293058723e-11
2.967249479e-12
9.428448316e-06
1.358626013e-11
3.887668467e-12
1.16966067e-11
4.052125344e-12
9.428827503e-06
-4.34497918e-10
9.428584155e-06
1.749235384e-10
6.229341995e-11
9.428499877e-06
-9.177511872e-12
1.889945134e-11
9.428440977e-06
4.141546123e-11
2.691046213e-11
9.428407172e-06
5.244772138e-11
2.590092787e-11
9.428394139e-06
4.536651017e-11
1.915689515e-11
9.428395698e-06
3.8523268e-11
1.501544819e-11
9.428403568e-06
3.065825984e-11
9.582942678e-12
9.428413516e-06
2.450280297e-11
7.721099058e-12
9.428423839e-06
2.008295831e-11
6.623127632e-12
9.428434088e-06
1.49799461e-11
5.662984726e-12
9.428444159e-06
1.221847298e-11
3.055671925e-12
9.42845128e-06
1.145903549e-11
3.170536103e-12
9.428463132e-06
1.318596287e-11
4.850528413e-12
1.142991798e-11
4.796236881e-12
9.428146672e-06
4.368222417e-10
4.361906127e-10
9.428138288e-06
-5.061804062e-12
-4.186960472e-12
9.428147221e-06
3.743304509e-11
3.842671864e-11
9.428173887e-06
4.276157709e-11
4.220991231e-11
9.428209129e-06
2.894920694e-11
2.852267242e-11
9.428244394e-06
1.997359939e-11
1.943737341e-11
9.428280731e-06
1.442201811e-11
1.449839497e-11
9.428308953e-06
1.046580414e-11
1.074731127e-11
9.428332718e-06
6.442720581e-12
7.536246902e-12
9.428351744e-06
5.163812723e-12
5.664013386e-12
9.428368866e-06
4.449814325e-12
4.648509177e-12
9.428382281e-06
2.365927565e-12
4.085844896e-12
9.428398181e-06
2.917624135e-12
4.865029391e-12
3.584969781e-12
3.672487767e-12
9.427809248e-06
-4.347765809e-10
3.321425765e-09
9.427832113e-06
4.918047579e-12
3.102208791e-10
9.427968477e-06
-3.54855164e-11
1.395175251e-10
9.428085259e-06
-4.125327502e-11
1.008915319e-10
9.428172886e-06
-2.71131967e-11
5.007201952e-11
9.428239995e-06
-1.992659009e-11
2.602626109e-11
9.428291404e-06
-1.226817972e-11
1.568298986e-11
9.428327572e-06
-1.095274483e-11
1.022552136e-11
9.428356903e-06
-8.24228323e-12
7.643896117e-12
9.428381285e-06
-4.85292327e-12
4.998418314e-12
9.428400256e-06
-2.859303633e-12
6.081485486e-12
9.428416719e-06
-3.3028786e-12
4.430111033e-12
9.428436303e-06
-2.885991728e-12
5.334572597e-12
-3.211996955e-12
1.043031515e-12
9.428137117e-06
-1.772228855e-10
4.325611651e-10
9.42813058e-06
1.011675665e-11
-4.899626661e-12
9.428139245e-06
-4.168878118e-11
3.628744933e-11
9.428166442e-06
-5.359003597e-11
4.059449228e-11
9.428199435e-06
-4.64888723e-11
2.643997219e-11
9.428240819e-06
-3.667183437e-11
2.037915688e-11
9.428272644e-06
-3.073534911e-11
1.417031847e-11
9.428303014e-06
-2.327240188e-11
1.180769674e-11
9.428327657e-06
-1.847061064e-11
8.596217318e-12
9.428347355e-06
-1.584476968e-11
5.517717602e-12
9.42836113e-06
-1.483604619e-11
3.365963699e-12
9.428377445e-06
-1.070127446e-11
3.726411386e-12
9.42839599e-06
-1.048295172e-11
4.196467775e-12
-1.140730366e-11
2.563607611e-12
9.428553955e-06
-1.578326787e-11
6.237044262e-11
9.428466739e-06
5.071596429e-11
1.866122841e-11
9.428405992e-06
3.974713683e-12
2.60733561e-11
9.428375815e-06
-1.804304671e-11
2.435755321e-11
9.428363931e-06
-2.611437857e-11
1.786775805e-11
9.428363318e-06
-2.749166692e-11
1.486746529e-11
9.428369783e-06
-2.582469243e-11
1.147958197e-11
9.428380699e-06
-2.184653498e-11
9.186044581e-12
9.428391378e-06
-1.954660903e-11
7.358039214e-12
9.428402415e-06
-1.596474435e-11
6.280130325e-12
9.428411762e-06
-1.445259871e-11
6.166024772e-12
9.42842252e-06
-1.146452738e-11
4.644217497e-12
9.428430385e-06
-1.358986814e-11
3.543764348e-12
-1.081171952e-11
3.361786694e-12
9.428517111e-06
1.884154904e-11
6.498697747e-12
9.428512869e-06
3.428401515e-11
-2.00229188e-12
9.42849547e-06
1.21512139e-11
3.745350727e-12
9.428473273e-06
-2.801377205e-12
5.841624289e-12
9.428457611e-06
-1.065468423e-11
5.006215771e-12
9.428443487e-06
-1.377585367e-11
5.345993315e-12
9.428435696e-06
-1.500137536e-11
3.739661517e-12
9.428428305e-06
-1.376938858e-11
4.656694576e-12
9.428427711e-06
-1.094150598e-11
5.290564984e-12
9.428426718e-06
-1.044727913e-11
3.809257412e-12
9.428426743e-06
-8.802769297e-12
3.941298178e-12
9.428425993e-06
-9.29621258e-12
2.897154946e-12
9.428426357e-06
-9.579932682e-12
2.675110582e-12
-8.589964647e-12
1.894549745e-12
9.428500377e-06
-1.47625409e-11
9.428523484e-06
-8.649776854e-12
9.428524995e-06
-2.274983761e-12
9.428513564e-06
3.670509465e-13
9.428503851e-06
2.021689303e-12
9.428490334e-06
3.114592614e-12
9.42847946e-06
2.537900313e-12
9.428467621e-06
1.92681207e-12
9.428458055e-06
2.149430987e-12
9.42845153e-06
2.05066416e-12
9.428445323e-06
2.203235053e-12
9.428442641e-06
2.703764059e-12
9.428436702e-06
2.275195099e-12
2.198222962e-12
9.428580898e-06
-4.102112258e-10
7.265128893e-11
9.428562596e-06
-9.924754652e-12
1.264005632e-11
9.42855717e-06
-1.181274519e-11
6.527804213e-12
9.428539715e-06
1.119621825e-11
1.015459731e-13
9.428522037e-06
2.020782865e-11
-1.973316028e-12
9.428506611e-06
2.135993251e-11
-7.039159361e-13
9.428488903e-06
1.925632867e-11
-3.227322546e-12
9.428479933e-06
1.967019051e-11
-2.898739357e-12
9.42846987e-06
1.603332539e-11
-2.342717344e-12
9.42846096e-06
1.372659782e-11
-2.642720208e-12
9.428453819e-06
1.169360156e-11
-2.698517902e-12
9.428448984e-06
1.056661422e-11
-2.330065441e-12
9.428444361e-06
9.642564802e-12
-2.294480555e-12
9.42844163e-06
9.825217518e-12
-3.10156522e-12
9.573311749e-12
-2.357397508e-12
9.42877543e-06
-1.149550434e-09
1.457199334e-10
9.42861192e-06
1.69231724e-10
-5.131453813e-12
9.428542528e-06
4.636022426e-11
3.340620409e-12
9.428499057e-06
5.789608093e-11
-3.712815204e-12
9.428469596e-06
6.344748629e-11
-5.009083804e-12
9.428451087e-06
5.173113112e-11
-5.5109285e-12
9.428441453e-06
4.205751575e-11
-5.349254931e-12
9.428435895e-06
3.340019933e-11
-5.359231628e-12
9.428436549e-06
2.850123578e-11
-4.06504321e-12
9.428434083e-06
2.264089224e-11
-3.626421049e-12
9.428436515e-06
1.84300497e-11
-3.414499086e-12
9.42843868e-06
1.459841889e-11
-3.279821297e-12
9.428439092e-06
1.25585123e-11
-3.222288405e-12
9.428442625e-06
1.449677449e-11
-3.505372224e-12
1.258359922e-11
-2.520047714e-12
9.429221688e-06
-3.082209821e-09
4.325905107e-10
9.428580857e-06
9.374725194e-10
-6.201459377e-11
9.428329475e-06
3.397798217e-10
-1.803866977e-11
9.428246916e-06
1.964583082e-10
-2.513602441e-11
9.428226121e-06
1.323696276e-10
-2.371807514e-11
9.428234268e-06
8.172695667e-11
-1.831237062e-11
9.428253334e-06
5.41723914e-11
-1.439519614e-11
9.428273316e-06
3.865592993e-11
-9.591011463e-12
9.428291009e-06
2.751078622e-11
-7.683897239e-12
9.428305664e-06
1.962961737e-11
-7.398272068e-12
9.428316133e-06
1.390854041e-11
-6.307416184e-12
9.428330406e-06
1.318188901e-11
-4.385266151e-12
9.428340183e-06
1.149348754e-11
-3.001777621e-12
9.428352277e-06
1.295164117e-11
-2.397121642e-12
9.552015109e-12
-3.42604756e-12
9.429302524e-06
7.677671156e-10
9.427788663e-06
3.321892115e-09
-4.354300071e-10
9.427811239e-06
3.094250743e-10
4.047752945e-12
9.427947572e-06
1.385698592e-10
-3.71338062e-11
9.428065557e-06
1.008563569e-10
-4.02298514e-11
9.428154545e-06
4.918557667e-11
-2.806186032e-11
9.428221032e-06
2.670913529e-11
-1.954196664e-11
9.428268543e-06
1.595614292e-11
-1.426923935e-11
9.428308816e-06
1.130543722e-11
-1.053888383e-11
9.428337184e-06
8.011381881e-12
-8.176039323e-12
9.42835836e-06
5.109162276e-12
-5.540117975e-12
9.428378849e-06
5.614591754e-12
-5.660443629e-12
9.428393306e-06
2.298684061e-12
-4.665255619e-12
9.42841083e-06
2.72620162e-12
-4.990412417e-12
6.995803735e-13
-4.239855399e-12
9.461338077e-06
-3.323488306e-09
-3.322603853e-09
9.462607983e-06
-3.111022266e-10
-3.096685e-10
9.463188802e-06
-1.38462947e-10
-1.389637647e-10
9.463621192e-06
-1.005946359e-10
-1.00562123e-10
9.463847219e-06
-5.00065032e-11
-5.096629646e-11
9.463981543e-06
-2.625617557e-11
-2.612623001e-11
9.464071161e-06
-1.634350402e-11
-1.560849615e-11
9.464140538e-06
-9.062028116e-12
-9.978113947e-12
9.464196296e-06
-7.422731774e-12
-8.155480236e-12
9.464246804e-06
-4.876231042e-12
-6.204016148e-12
9.464289289e-06
-5.816004444e-12
-6.428309796e-12
9.464332164e-06
-3.567512622e-12
-4.296564168e-12
9.464378019e-06
-4.360602235e-12
-4.823441913e-12
-9.657960063e-13
-1.623573448e-12
9.42777929e-06
-9.376090446e-10
-4.349786486e-10
9.427803457e-06
-3.389773819e-10
4.855590485e-12
9.427937801e-06
-1.966801713e-10
-3.791422778e-11
9.428055131e-06
-1.337061876e-10
-4.062488277e-11
9.428145465e-06
-8.166859548e-11
-2.869966639e-11
9.428213033e-06
-5.293576496e-11
-1.974940517e-11
9.428262087e-06
-3.619613547e-11
-1.248549182e-11
9.428297074e-06
-2.694060238e-11
-9.7087243e-12
9.428326841e-06
-1.88331583e-11
-7.875437892e-12
9.428350835e-06
-1.431496025e-11
-5.723783271e-12
9.428369692e-06
-1.131636723e-11
-5.041165527e-12
9.428388425e-06
-8.976636106e-12
-3.784109547e-12
9.428406128e-06
-1.084832951e-11
-4.005460436e-12
-1.109941055e-11
-3.868595946e-12
9.428640858e-06
-1.681700156e-10
-6.301763932e-11
9.428387831e-06
-4.656719873e-11
-1.950643191e-11
9.42830557e-06
-5.85919202e-11
-2.659064337e-11
9.428285706e-06
-6.223874505e-11
-2.382180805e-11
9.428294814e-06
-5.15728815e-11
-1.828241048e-11
9.428311661e-06
-4.214981519e-11
-1.477176603e-11
9.428330823e-06
-3.487847331e-11
-9.45420455e-12
9.428348245e-06
-2.646832136e-11
-6.326414401e-12
9.428365028e-06
-2.075045997e-11
-5.955917736e-12
9.428377189e-06
-1.709580202e-11
-4.221613777e-12
9.428390272e-06
-1.440910334e-11
-4.353197171e-12
9.428401242e-06
-1.219128239e-11
-5.132854899e-12
9.428412403e-06
-1.374066439e-11
-3.962594193e-12
-1.232835493e-11
-3.078917248e-12
9.428616337e-06
7.261762746e-12
-5.537719923e-12
9.428550542e-06
1.088025879e-11
2.990872805e-12
9.428506679e-06
-1.281813199e-11
-3.834391572e-12
9.428476103e-06
-2.13708548e-11
-6.808418375e-12
9.428460429e-06
-2.137507077e-11
-5.686351407e-12
9.428448038e-06
-2.047371606e-11
-4.863243769e-12
9.428445798e-06
-1.865034019e-11
-3.779848289e-12
9.428442481e-06
-1.622251929e-11
-4.171111992e-12
9.428440454e-06
-1.416211193e-11
-2.756322979e-12
9.428443249e-06
-1.070281985e-11
-2.233301352e-12
9.428443993e-06
-1.015096946e-11
-2.902962638e-12
9.428448005e-06
-9.403092515e-12
-3.478388085e-12
9.428450143e-06
-9.74102808e-12
-3.86470137e-12
-7.551811083e-12
-1.26223299e-12
9.428578251e-06
1.379633767e-11
9.428574418e-06
8.316295092e-12
9.428557914e-06
2.424917422e-12
9.42853754e-06
-9.692439376e-13
9.428523173e-06
-2.021901791e-12
9.428508062e-06
-2.653307375e-12
9.428498362e-06
-1.602896782e-12
9.428487782e-06
-1.989390076e-12
9.428478611e-06
-1.742212053e-12
9.428471798e-06
-2.760020942e-12
9.428465102e-06
-3.769222317e-12
9.428462128e-06
-2.806204424e-12
9.428458433e-06
-3.751613177e-12
-2.160447054e-12
9.428536112e-06
-1.609395211e-10
7.768346739e-11
9.428541056e-06
-1.762434394e-11
2.273585315e-11
9.428562533e-06
-3.350854717e-11
2.072196024e-11
9.4285646e-06
-1.099684603e-11
1.101585128e-11
9.428556364e-06
3.183038485e-12
5.15351516e-12
9.428542101e-06
8.066258306e-12
-5.179290136e-13
9.428528554e-06
1.302765317e-11
-3.038195563e-12
9.428518345e-06
1.579932471e-11
-5.253398474e-12
9.428506317e-06
1.331848289e-11
-4.964751282e-12
9.428497698e-06
1.171401155e-11
-7.606387729e-12
9.428491356e-06
1.114687739e-11
-7.601062447e-12
9.428484123e-06
9.771935677e-12
-6.407616149e-12
9.428479236e-06
8.885817194e-12
-6.922039121e-12
9.428476355e-06
9.064050186e-12
-7.159378987e-12
8.600077133e-12
-6.39802616e-12
9.428608169e-06
-3.783700939e-10
1.463592537e-10
9.428550327e-06
1.489694374e-11
1.721775177e-11
9.428544189e-06
-5.105549495e-11
2.501875338e-11
9.428528723e-06
-4.156830955e-12
9.504014975e-12
9.428504512e-06
1.903122886e-11
-3.958169185e-13
9.428486571e-06
2.571883214e-11
-4.980298738e-12
9.428472497e-06
2.724321337e-11
-8.508664742e-12
9.428462455e-06
2.602432224e-11
-1.010505343e-11
9.428457542e-06
2.358045745e-11
-9.993614192e-12
9.428454922e-06
2.096730402e-11
-8.85563538e-12
9.428453224e-06
1.695953938e-11
-9.086943592e-12
9.428455763e-06
1.412103552e-11
-8.140598852e-12
9.42845472e-06
1.370919998e-11
-8.108720806e-12
9.428456766e-06
1.62346415e-11
-8.282301816e-12
1.147781015e-11
-8.462200421e-12
9.428814931e-06
-7.61292427e-10
4.133632258e-10
9.428573055e-06
1.756698022e-10
1.564877348e-11
9.428487333e-06
-9.832734047e-12
2.3402092e-11
9.428429298e-06
4.113583954e-11
-1.024135686e-11
9.428392928e-06
5.317664797e-11
-2.273930552e-11
9.428381716e-06
4.584482023e-11
-2.373195887e-11
9.428383997e-06
3.926271403e-11
-2.177008266e-11
9.42838934e-06
3.027408251e-11
-1.962376699e-11
9.428399847e-06
2.430529211e-11
-1.758704933e-11
9.428408713e-06
1.873514752e-11
-1.595221979e-11
9.428419192e-06
1.537148472e-11
-1.262090256e-11
9.428429704e-06
1.267411156e-11
-1.064106679e-11
9.428438485e-06
1.068528557e-11
-9.804269818e-12
9.428446745e-06
1.086585002e-11
-1.206728897e-11
9.449454762e-12
-1.000761666e-11
9.428684914e-06
-7.667286673e-10
7.594223127e-10
9.428165026e-06
4.349571661e-10
-1.774692839e-10
9.428158504e-06
-3.955217928e-12
8.301686307e-12
9.428167729e-06
3.693676684e-11
-4.141307843e-11
9.428192671e-06
3.981849949e-11
-5.328681107e-11
9.42822857e-06
2.674070639e-11
-4.513296273e-11
9.428264439e-06
1.905129515e-11
-3.777757184e-11
9.428298888e-06
1.405209147e-11
-3.079920565e-11
9.428327803e-06
1.125301639e-11
-2.467683545e-11
9.428351517e-06
7.456207696e-12
-2.029134167e-11
9.428370061e-06
4.375217029e-12
-1.694904959e-11
9.428390196e-06
5.07357315e-12
-1.264736238e-11
9.428405996e-06
3.185321744e-12
-1.041881772e-11
9.428419627e-06
3.325001404e-12
-1.380971239e-11
4.071529543e-12
-1.054379928e-11
9.429299717e-06
7.675043278e-10
3.079734087e-09
9.427784211e-06
-4.35929734e-10
-9.378609218e-10
9.427808981e-06
4.125153229e-12
-3.378732042e-10
9.427945521e-06
-3.843601228e-11
-1.957163029e-10
9.42806237e-06
-4.217326869e-11
-1.324427338e-10
9.428152311e-06
-2.852109106e-11
-8.157607269e-11
9.428217794e-06
-1.974429522e-11
-5.263244473e-11
9.428268507e-06
-1.275555025e-11
-3.730427318e-11
9.428306728e-06
-8.786681857e-12
-2.678657338e-11
9.428334529e-06
-8.101018907e-12
-1.92931479e-11
9.428360027e-06
-4.593530453e-12
-1.508497113e-11
9.428379387e-06
-3.759304316e-12
-1.312682674e-11
9.42839481e-06
-3.468739967e-12
-1.186931361e-11
9.428414105e-06
-4.123432525e-12
-1.166542223e-11
-3.34097404e-12
-1.076329136e-11
9.428689853e-06
7.605593607e-10
9.428172275e-06
-1.761791664e-10
-1.76368429e-10
9.42816351e-06
8.323801593e-12
8.656393073e-12
9.428173248e-06
-4.239227711e-11
-4.193746808e-11
9.428198295e-06
-5.371427188e-11
-5.363271792e-11
9.428236774e-06
-4.51176047e-11
-4.433415775e-11
9.428272689e-06
-3.872351468e-11
-3.771996247e-11
9.428307806e-06
-2.996166662e-11
-2.980878762e-11
9.428334578e-06
-2.351579883e-11
-2.44757574e-11
9.428360978e-06
-1.722150395e-11
-1.866418823e-11
9.428379996e-06
-1.374319749e-11
-1.535361691e-11
9.428397631e-06
-1.19406793e-11
-1.259987998e-11
9.428413242e-06
-1.030344967e-11
-1.211909518e-11
9.428428857e-06
-1.158187102e-11
-1.24916455e-11
-1.127567978e-11
-1.09003129e-11
9.428548506e-06
-1.268945578e-11
1.820166526e-11
9.428461574e-06
5.22180669e-11
2.535781031e-11
9.4284023e-06
5.514027094e-12
-1.164260706e-11
9.428367477e-06
-2.002598854e-11
-2.436507636e-11
9.428356242e-06
-2.721046653e-11
-2.447935459e-11
9.428359297e-06
-2.787218985e-11
-2.303524189e-11
9.428364544e-06
-2.777251452e-11
-2.085425381e-11
9.428371608e-06
-2.406257041e-11
-1.890422664e-11
9.428383971e-06
-1.858050848e-11
-1.470174713e-11
9.428392686e-06
-1.631454953e-11
-1.253683276e-11
9.428401746e-06
-1.411340379e-11
-1.279194331e-11
9.428411168e-06
-1.255130102e-11
-1.038995988e-11
9.428419681e-06
-1.397396509e-11
-1.029746648e-11
-1.108143376e-11
-7.334141221e-12
9.428549504e-06
1.675124848e-11
1.83811869e-11
9.428544513e-06
3.361512534e-11
2.457163952e-11
9.428527834e-06
1.14513315e-11
8.47090886e-12
9.428507162e-06
-1.9796873e-12
-1.589223773e-12
9.428491777e-06
-1.047516237e-11
-6.107225584e-12
9.428476468e-06
-1.419240864e-11
-9.132737448e-12
9.428468263e-06
-1.434491232e-11
-1.033263811e-11
9.428461689e-06
-1.389222721e-11
-1.026348566e-11
9.428457044e-06
-1.335825404e-11
-9.78707054e-12
9.428456432e-06
-1.177618551e-11
-9.463379553e-12
9.428456206e-06
-1.143266372e-11
-1.05163255e-11
9.42845728e-06
-1.043367571e-11
-7.987034101e-12
9.428458927e-06
-1.046547524e-11
-7.366818161e-12
-8.704559989e-12
-7.229128202e-12
9.428529432e-06
2.582853263e-11
9.428549234e-06
2.271058506e-11
9.428551454e-06
1.126431905e-11
9.428541157e-06
3.324842449e-12
9.428532397e-06
-2.684935724e-14
9.428516914e-06
-3.01694179e-12
9.428506902e-06
-5.481026302e-12
9.428495037e-06
-6.069304134e-12
9.428485086e-06
-5.9334236e-12
9.428477022e-06
-7.33498673e-12
9.428471906e-06
-6.327361465e-12
9.428466738e-06
-6.17026364e-12
9.428461512e-06
-6.116914917e-12
-5.447399872e-12
9.428492179e-06
-1.09984474e-10
6.459763408e-11
9.428518562e-06
-3.300742383e-11
2.718290947e-11
9.428545445e-06
-2.837347204e-11
2.548498664e-11
9.428554654e-06
-1.263090648e-11
1.566978413e-11
9.428550027e-06
-3.254285433e-12
9.826794172e-12
9.428545521e-06
3.288180695e-12
4.604354784e-12
9.428534509e-06
6.637849447e-12
6.034412025e-13
9.428528492e-06
1.037633144e-11
-2.458740126e-13
9.428514816e-06
7.576407005e-12
-5.317756262e-12
9.428509193e-06
1.01488174e-11
-5.149626811e-12
9.428501352e-06
9.893524377e-12
-6.259390616e-12
9.42849285e-06
7.495993055e-12
-7.330295881e-12
9.428486443e-06
6.664157721e-12
-7.014241258e-12
9.42847833e-06
7.174887481e-12
-8.753177331e-12
5.747420192e-12
-7.883419311e-12
9.428501856e-06
-2.457903518e-10
1.032300878e-10
9.428507911e-06
-4.946363618e-11
2.815354862e-11
9.428517098e-06
-4.650163696e-11
3.106646812e-11
9.4285081e-06
-1.377286279e-11
1.86479391e-11
9.428490825e-06
3.307627622e-12
7.878222603e-12
9.428475869e-06
1.121719632e-11
1.046607641e-12
9.42846246e-06
1.659143442e-11
-4.207472254e-12
9.428452626e-06
1.741024256e-11
-6.971029686e-12
9.428446729e-06
1.696674188e-11
-8.223825053e-12
9.428439514e-06
1.434940028e-11
-9.053011913e-12
9.428437293e-06
1.374890372e-11
-7.65660531e-12
9.428433722e-06
1.243125863e-11
-7.649521619e-12
9.428432217e-06
1.157282528e-11
-8.286398088e-12
9.428430081e-06
1.216175649e-11
-8.785138868e-12
1.044765213e-11
-8.175298185e-12
9.428616543e-06
-4.149413264e-10
2.454968943e-10
9.428551999e-06
-1.775704376e-11
4.71904957e-11
9.428506065e-06
-2.520486388e-11
4.669158447e-11
9.428455576e-06
1.070888747e-11
1.473877544e-11
9.428415114e-06
2.279784395e-11
-2.960897699e-12
9.428391954e-06
2.39120266e-11
-1.102397726e-11
9.428378735e-06
2.315692985e-11
-1.618977196e-11
9.428371677e-06
1.880570389e-11
-1.773441646e-11
9.428371727e-06
1.676401238e-11
-1.619734137e-11
9.428371755e-06
1.41980639e-11
-1.491105636e-11
9.42837424e-06
1.271358941e-11
-1.239873345e-11
9.42837604e-06
1.152009818e-11
-1.21640383e-11
9.42837844e-06
9.888902698e-12
-1.197808508e-11
9.428380972e-06
9.483719368e-12
-1.188514961e-11
8.63601519e-12
-1.153732837e-11
9.428779859e-06
-4.339102513e-10
3.777301952e-10
9.428537313e-06
6.404325729e-11
-1.425513023e-11
9.428451435e-06
2.026648243e-11
5.106491384e-11
9.428390274e-06
2.536347161e-11
4.929627781e-12
9.428355365e-06
2.450510351e-11
-1.886705737e-11
9.428344503e-06
1.802346209e-11
-2.61862585e-11
9.428345334e-06
1.374943381e-11
-2.947320134e-11
9.428351711e-06
1.105446645e-11
-2.812505687e-11
9.428361598e-06
9.187636019e-12
-2.384125063e-11
9.42837175e-06
7.981579907e-12
-2.056703035e-11
9.428381666e-06
4.620469613e-12
-1.776545347e-11
9.428391826e-06
2.780030023e-12
-1.604988575e-11
9.428399134e-06
1.509982815e-12
-1.411396659e-11
9.428409893e-06
4.431917556e-12
-1.219125893e-11
2.70933521e-12
-1.141500448e-11
9.429328513e-06
4.350179454e-10
1.149779178e-09
9.428684857e-06
-6.388100872e-11
-1.710141127e-10
9.428430494e-06
-2.087900022e-11
-4.933697146e-11
9.428348094e-06
-2.825503598e-11
-6.066722652e-11
9.42832608e-06
-2.617376711e-11
-6.348392962e-11
9.428334836e-06
-1.922501827e-11
-5.118588042e-11
9.428352441e-06
-1.495506418e-11
-4.150402309e-11
9.428372066e-06
-8.922361075e-12
-3.49117789e-11
9.428389989e-06
-7.464599441e-12
-2.735918461e-11
9.428403182e-06
-7.490166278e-12
-2.360993138e-11
9.428420954e-06
-4.401466022e-12
-1.785926599e-11
9.428433065e-06
-3.130262085e-12
-1.47703409e-11
9.428445915e-06
-2.694539152e-12
-1.111731722e-11
9.428454867e-06
-4.81643192e-12
-1.270657003e-11
-2.432838941e-12
-1.006852175e-11
9.428772152e-06
4.129950058e-10
3.765044095e-10
9.428532012e-06
1.724244224e-11
-1.543501293e-11
9.428445811e-06
2.436020549e-11
5.047182912e-11
9.42838615e-06
-1.223889297e-11
5.271153512e-12
9.428350869e-06
-2.479354151e-11
-1.948264616e-11
9.428338115e-06
-2.525129217e-11
-2.757624341e-11
9.428339621e-06
-2.340697633e-11
-2.945039792e-11
9.428345179e-06
-2.14356227e-11
-2.707293541e-11
9.428355072e-06
-1.801959637e-11
-2.219136833e-11
9.428365489e-06
-1.492539011e-11
-2.015528493e-11
9.428377411e-06
-1.082367787e-11
-1.677507199e-11
9.428383823e-06
-1.08053044e-11
-1.583163565e-11
9.428396591e-06
-8.542228187e-12
-1.23648087e-11
9.428403288e-06
-9.877959876e-12
-1.371823115e-11
-7.314728669e-12
-1.245730338e-11
9.428646552e-06
2.45615228e-10
9.428581547e-06
5.011185472e-11
4.845152747e-11
9.428534204e-06
4.587486963e-11
4.593078941e-11
9.428486735e-06
1.464176837e-11
1.546065645e-11
9.428448637e-06
-3.889620165e-12
-2.157810788e-12
9.428424879e-06
-1.264711491e-11
-1.158051585e-11
9.428412063e-06
-1.645398017e-11
-1.778918587e-11
9.428403612e-06
-1.83274562e-11
-1.805756336e-11
9.42840366e-06
-1.611364114e-11
-1.773052827e-11
9.428403991e-06
-1.363379165e-11
-1.645479599e-11
9.428403455e-06
-1.418900752e-11
-1.550331701e-11
9.428408168e-06
-1.355433653e-11
-1.27750064e-11
9.428411273e-06
-1.104322708e-11
-1.06520845e-11
9.428415138e-06
-1.071706258e-11
-1.151378535e-11
-1.04679496e-11
-1.214663685e-11
9.428501656e-06
3.418610292e-11
2.875781773e-11
9.428513206e-06
3.153317186e-11
3.342476439e-11
9.428506184e-06
1.491740973e-11
1.824041039e-11
9.428491422e-06
3.010042911e-12
8.461262628e-12
9.428478939e-06
-3.375922439e-12
7.830938496e-13
9.428463013e-06
-7.28890571e-12
-5.119664019e-12
9.428454289e-06
-9.013165317e-12
-7.742450703e-12
9.428444133e-06
-9.755672559e-12
-9.778939401e-12
9.428434374e-06
-1.007808897e-11
-9.762119858e-12
9.428429261e-06
-9.82754888e-12
-1.070220327e-11
9.428428869e-06
-8.374710025e-12
-1.069508001e-11
9.428426133e-06
-8.020753005e-12
-1.077850773e-11
9.428420305e-06
-9.140332393e-12
-1.15585641e-11
-7.249817534e-12
-9.1150129e-12
9.428500101e-06
2.677285423e-11
9.42852562e-06
2.365709705e-11
9.428534955e-06
1.434828232e-11
9.428533265e-06
8.212886825e-12
9.428528849e-06
4.565840897e-12
9.428517857e-06
5.281255151e-13
9.428510008e-06
-1.86211848e-12
9.428499797e-06
-5.082866455e-12
9.428488996e-06
-6.323842581e-12
9.428481389e-06
-8.025583438e-12
9.428476734e-06
-7.455904531e-12
9.428471032e-06
-7.365570174e-12
9.428463696e-06
-7.039417062e-12
-6.308180135e-12
9.4284223e-06
-5.092113488e-11
3.349199765e-11
9.428454385e-06
-1.888599014e-11
1.704568604e-11
9.428485206e-06
-1.938827011e-11
1.608595418e-11
9.428502123e-06
-1.136634488e-11
1.21074079e-11
9.428508289e-06
-6.867790341e-12
7.041983918e-12
9.428509852e-06
-2.255558358e-12
5.725900567e-12
9.428509547e-06
4.470882753e-13
2.413627429e-12
9.428504214e-06
2.399628028e-12
9.788855029e-14
9.428499744e-06
4.127239758e-12
-2.37888278e-12
9.428490695e-06
5.523858936e-12
-3.532772992e-12
9.428484526e-06
6.906096387e-12
-3.476675556e-12
9.42847884e-06
6.154081704e-12
-4.351024312e-12
9.428469367e-06
4.807281329e-12
-4.121961989e-12
9.428462685e-06
6.453685497e-12
-3.153536856e-12
5.396322234e-12
-3.075420908e-12
9.428490297e-06
-1.038881578e-10
5.18372623e-11
9.428512741e-06
-2.995940788e-11
2.083457046e-11
9.428538602e-06
-3.16839398e-11
2.084363436e-11
9.428549314e-06
-1.807698442e-11
1.253515422e-11
9.428548968e-06
-6.840866201e-12
6.995188231e-12
9.428545019e-06
-1.536212842e-13
4.021466268e-12
9.428539232e-06
4.454469295e-12
9.556943818e-13
9.428531227e-06
8.142188956e-12
-1.185127826e-12
9.428524301e-06
8.931641052e-12
-2.274741906e-12
9.428516679e-06
8.125872657e-12
-6.798318501e-12
9.428507832e-06
8.315852444e-12
-7.453984427e-12
9.42850032e-06
8.418294777e-12
-7.012056265e-12
9.42849525e-06
8.379018546e-12
-5.494969363e-12
9.428490043e-06
8.873622027e-12
-5.874181296e-12
7.607033226e-12
-4.260892768e-12
9.428519918e-06
-1.472398563e-10
1.107929651e-10
9.428526377e-06
-1.775902673e-11
3.493525771e-11
9.42853583e-06
-2.688566195e-11
3.054726805e-11
9.428526731e-06
-1.043095856e-11
1.42471361e-11
9.428509043e-06
-1.381288569e-13
2.704977664e-12
9.428494926e-06
4.100024778e-12
-2.054190013e-12
9.428483114e-06
7.272162641e-12
-5.157066965e-12
9.428471599e-06
7.773630532e-12
-8.583076896e-12
9.428464623e-06
8.464239015e-12
-9.551788641e-12
9.428460966e-06
8.526500191e-12
-9.904945889e-12
9.428454697e-06
6.463724185e-12
-1.009226296e-11
9.428448756e-06
7.412842114e-12
-8.24285465e-12
9.428448175e-06
6.991498735e-12
-7.744653668e-12
9.428445827e-06
8.301761485e-12
-7.673062382e-12
7.812642315e-12
-5.98570159e-12
9.428593745e-06
-1.453929877e-10
1.611341823e-10
9.428536071e-06
4.892203486e-12
1.871797287e-11
9.428533267e-06
-3.310377959e-12
3.446949697e-11
9.428514755e-06
7.476963023e-13
1.077891162e-11
9.428489482e-06
4.515275461e-12
-2.782887913e-12
9.428470435e-06
5.896487232e-12
-8.150553923e-12
9.428459888e-06
6.875144422e-12
-1.067025136e-11
9.428451535e-06
5.730101754e-12
-1.292019834e-11
9.428445975e-06
5.783492551e-12
-1.322390592e-11
9.428442549e-06
3.948933143e-12
-1.174571148e-11
9.428443116e-06
3.14534388e-12
-1.060405183e-11
9.428442606e-06
2.419112664e-12
-9.791807274e-12
9.42844384e-06
3.154208377e-12
-8.364179275e-12
9.428441152e-06
4.09461099e-12
-9.249861482e-12
2.982535601e-12
-7.58715233e-12
9.428739632e-06
1.450322482e-10
4.10859947e-10
9.428572627e-06
-6.447596498e-12
9.123617946e-12
9.428505387e-06
2.32181229e-12
1.1821675e-11
9.428464423e-06
-2.868580328e-12
-9.981754073e-12
9.428432115e-06
-8.285879164e-12
-2.104986878e-11
9.428414556e-06
-8.495573371e-12
-2.141197017e-11
9.428404588e-06
-7.154944517e-12
-2.014090933e-11
9.428401964e-06
-2.821025979e-12
-1.647852223e-11
9.428396743e-06
-3.048362156e-12
-1.492075043e-11
9.428397637e-06
-2.471600817e-12
-1.222122251e-11
9.428399264e-06
-2.968731498e-12
-1.191008186e-11
9.428400599e-06
-2.671509602e-12
-1.072426262e-11
9.42840253e-06
-2.690897162e-12
-8.494382497e-12
9.428403881e-06
-4.569699942e-12
-1.026209127e-11
-3.993642032e-12
-7.836469393e-12
9.42858963e-06
1.466638578e-10
1.607579169e-10
9.428533488e-06
1.803062886e-11
1.640253505e-11
9.42852929e-06
2.520316164e-11
3.439119589e-11
9.428508968e-06
7.929836804e-12
1.186260198e-11
9.428486116e-06
-1.156318924e-12
-2.688537005e-12
9.428467644e-06
-6.135248191e-12
-9.5769937e-12
9.428455169e-06
-8.632050451e-12
-1.234095052e-11
9.428443968e-06
-1.03244446e-11
-1.394365799e-11
9.428435779e-06
-1.177212523e-11
-1.415067281e-11
9.428435805e-06
-9.907387939e-12
-1.343648406e-11
9.428436327e-06
-8.489219519e-12
-1.134091963e-11
9.42843683e-06
-7.982743226e-12
-9.574019049e-12
9.428436282e-06
-7.197690765e-12
-9.129762453e-12
9.428438274e-06
-7.526095816e-12
-9.731209786e-12
-7.629005798e-12
-7.350590693e-12
9.428521185e-06
1.052227397e-10
1.101773183e-10
9.428526695e-06
3.062371047e-11
3.24603254e-11
9.42853666e-06
3.223697468e-11
3.052133305e-11
9.428529883e-06
1.680089548e-11
1.405790017e-11
9.428516108e-06
7.369704123e-12
3.675952767e-12
9.428499008e-06
-2.391597935e-13
-4.460470723e-12
9.428488731e-06
-4.467560433e-12
-6.294347771e-12
9.428474267e-06
-8.757575701e-12
-1.020487411e-11
9.428464123e-06
-8.506977626e-12
-8.676551246e-12
9.428456876e-06
-7.829990384e-12
-1.045253387e-11
9.428450925e-06
-9.460005379e-12
-9.721146015e-12
9.428447706e-06
-1.076174658e-11
-1.030044629e-11
9.428444288e-06
-1.035591174e-11
-7.199407782e-12
9.428439264e-06
-1.004716653e-11
-7.971817078e-12
-7.216153992e-12
-6.074892921e-12
9.428444095e-06
5.073325327e-11
9.428466326e-06
1.774266049e-11
1.827040855e-11
9.428489265e-06
1.840848743e-11
1.891749105e-11
9.428503281e-06
1.256929668e-11
1.288847675e-11
9.428502822e-06
5.252608226e-12
6.148074384e-12
9.428500497e-06
2.433183425e-12
2.98072476e-12
9.428493434e-06
-7.792337284e-13
-2.24258456e-13
9.428487924e-06
-3.078621316e-12
-2.337116879e-12
9.428477853e-06
-5.089794459e-12
-5.108472802e-12
9.428466605e-06
-6.833717366e-12
-7.002690793e-12
9.428460659e-06
-7.423827637e-12
-6.914539363e-12
9.428457143e-06
-4.936067403e-12
-6.507147657e-12
9.428451312e-06
-4.568144924e-12
-5.98192645e-12
9.428445334e-06
-4.133162208e-12
-6.294917402e-12
-5.081816873e-12
-5.35832914e-12
9.428450759e-06
1.516186926e-11
9.428479201e-06
1.460760065e-11
9.428496624e-06
1.037220649e-11
9.428503987e-06
6.148088246e-12
9.428508018e-06
3.269979298e-12
9.428506096e-06
3.063626173e-13
9.428500461e-06
-2.195194803e-12
9.428495377e-06
-2.614031293e-12
9.428484708e-06
-3.823583381e-12
9.428479709e-06
-4.576603668e-12
9.428472806e-06
-5.566146445e-12
9.428465416e-06
-5.069628466e-12
9.428455516e-06
-5.916822883e-12
-4.619902512e-12
9.428446595e-06
-3.296075141e-11
9.428479849e-06
-1.526930147e-11
9.428510358e-06
-1.4638194e-11
9.428530464e-06
-1.074308682e-11
9.428543335e-06
-6.814668438e-12
9.428548196e-06
-3.419677505e-12
9.428550642e-06
-7.933194534e-13
9.428547246e-06
8.147707639e-14
9.428547854e-06
4.180287553e-12
9.428542612e-06
1.835106058e-12
9.428534773e-06
2.96487466e-12
9.428528783e-06
4.413961957e-12
9.428518086e-06
3.005160241e-12
9.428509606e-06
3.37466213e-12
3.8571337e-12
9.428446677e-06
-6.476219907e-11
9.428477167e-06
-2.950312582e-11
9.428508516e-06
-2.591109891e-11
9.428525598e-06
-1.582582081e-11
9.428532251e-06
-9.284952461e-12
9.428535109e-06
-5.060251161e-12
9.428533178e-06
-4.127064605e-13
9.428529587e-06
1.477044873e-12
9.428521064e-06
2.320163432e-12
9.428516181e-06
5.354262761e-12
9.428509413e-06
6.19048705e-12
9.428498666e-06
6.945379516e-12
9.428493364e-06
6.139086846e-12
9.42848442e-06
6.743772218e-12
6.374649413e-12
9.428485234e-06
-8.097102203e-11
9.428514445e-06
-2.420389026e-11
9.428541677e-06
-2.226517186e-11
9.428546254e-06
-1.33117894e-11
9.428545597e-06
-5.78027592e-12
9.428539412e-06
-2.432356102e-12
9.428528244e-06
1.249793318e-12
9.42852002e-06
2.804714573e-12
9.428510046e-06
4.188628137e-12
9.428503197e-06
6.724252561e-12
9.428497026e-06
5.933131571e-12
9.428486488e-06
5.220750876e-12
9.428481998e-06
6.505402263e-12
9.428474276e-06
6.951854503e-12
6.077618819e-12
9.428492933e-06
-7.239969164e-11
9.428496806e-06
-1.500678645e-11
9.428517279e-06
-8.976160737e-12
9.428519155e-06
-1.856915133e-12
9.428508835e-06
3.281656476e-13
9.428496231e-06
6.534416844e-13
9.42848015e-06
1.425475073e-12
9.428469293e-06
3.619055672e-12
9.42846148e-06
4.385453949e-12
9.428452551e-06
4.118446052e-12
9.428447707e-06
2.132585881e-12
9.428440717e-06
1.105322267e-12
9.42843579e-06
2.248326073e-12
9.428430002e-06
2.461873574e-12
2.737507408e-12
9.428585173e-06
7.192109836e-11
9.428565953e-06
1.166693987e-11
9.428563125e-06
7.826506786e-12
9.428544347e-06
1.164552186e-12
9.428525402e-06
-2.909455634e-12
9.428507851e-06
-4.355248425e-12
9.428493792e-06
-4.200019228e-12
9.428482329e-06
-3.34507492e-12
9.42847191e-06
-3.275359329e-12
9.428462651e-06
-4.382637156e-12
9.428456182e-06
-3.094862697e-12
9.428453539e-06
-1.427356308e-12
9.428450287e-06
-2.658667184e-12
9.428445543e-06
-3.455549058e-12
-2.329435143e-12
9.428463738e-06
7.915345177e-11
9.42847248e-06
2.452910225e-11
9.428492572e-06
2.174560857e-11
9.428493458e-06
9.960850235e-12
9.428484363e-06
3.854600599e-12
9.428472998e-06
-2.877227775e-13
9.428461597e-06
-4.12406364e-12
9.428447985e-06
-5.867646076e-12
9.428435852e-06
-6.025160842e-12
9.428429941e-06
-6.890911364e-12
9.428425728e-06
-7.084734697e-12
9.428417452e-06
-8.403626492e-12
9.428414294e-06
-5.928841531e-12
9.428409922e-06
-6.174921943e-12
-5.465446442e-12
9.428446685e-06
6.621118631e-11
9.428479119e-06
2.908825242e-11
9.428503715e-06
2.488358544e-11
9.42851102e-06
1.465026626e-11
9.428507742e-06
7.366274646e-12
9.428503877e-06
3.856374781e-12
9.428495655e-06
3.4052414e-13
9.428488193e-06
-8.174747455e-13
9.428475118e-06
-4.986042114e-12
9.428466586e-06
-4.795495703e-12
9.428459639e-06
-5.775185812e-12
9.428454852e-06
-6.626492367e-12
9.428444956e-06
-8.858481979e-12
9.428438395e-06
-8.459229564e-12
-6.641120954e-12
9.42847819e-06
3.274738912e-11
9.428510313e-06
1.495408494e-11
9.428540415e-06
1.392665847e-11
9.428558295e-06
9.831937009e-12
9.428566753e-06
5.774073875e-12
9.428569467e-06
3.189064436e-12
9.428566653e-06
-1.627027645e-13
9.428562324e-06
-2.844015307e-12
9.428555039e-06
-2.897145993e-12
9.428545612e-06
-3.200177977e-12
9.42854059e-06
-4.317407084e-12
9.428533708e-06
-4.286960087e-12
9.428526402e-06
-3.562505507e-12
9.428517783e-06
-3.178342554e-12
-4.086702125e-12
9.428431793e-06
9.42846786e-06
9.428499448e-06
9.428518268e-06
9.42853169e-06
9.428540105e-06
9.428541434e-06
9.428540636e-06
9.428534214e-06
9.428526006e-06
9.428522711e-06
9.428515438e-06
9.428508881e-06
9.428496219e-06
)
;

boundaryField
{
    top
    {
        type            calculated;
        value           uniform 0;
    }
    bottom
    {
        type            calculated;
        value           uniform 0;
    }
    side-walls
    {
        type            calculated;
        value           uniform 0;
    }
    inlet
    {
        type            calculated;
        value           nonuniform 0();
    }
    outlet
    {
        type            calculated;
        value           nonuniform List<scalar> 
81
(
9.428485693e-06
9.428459127e-06
9.428467758e-06
9.428416757e-06
9.42842429e-06
9.428488906e-06
9.428474192e-06
9.428460994e-06
9.428478799e-06
9.428471332e-06
9.428439739e-06
9.428429325e-06
9.428448618e-06
9.428404312e-06
9.428420269e-06
9.428392876e-06
9.428480826e-06
9.428450158e-06
9.428438217e-06
9.428484605e-06
9.428444737e-06
9.428448739e-06
9.428372088e-06
9.428464388e-06
9.428415844e-06
9.42842386e-06
9.428473619e-06
9.428468582e-06
9.428449079e-06
9.428470941e-06
9.428408685e-06
9.428450737e-06
9.428407433e-06
9.428439591e-06
9.428422866e-06
9.428434958e-06
9.428439599e-06
9.428440561e-06
9.428358145e-06
9.428425289e-06
9.46441662e-06
9.428416849e-06
9.428425438e-06
9.428456695e-06
9.428459374e-06
9.428470611e-06
9.428454759e-06
9.428451741e-06
9.428433542e-06
9.42843123e-06
9.428441683e-06
9.428429975e-06
9.428459892e-06
9.428459511e-06
9.428471416e-06
9.428427055e-06
9.428380294e-06
9.428414488e-06
9.428467496e-06
9.428410236e-06
9.428414505e-06
9.428418037e-06
9.428458404e-06
9.428455071e-06
9.428485611e-06
9.428445377e-06
9.428440599e-06
9.428409454e-06
9.428440731e-06
9.428441032e-06
9.428439178e-06
9.428448217e-06
9.428500419e-06
9.428475267e-06
9.42846962e-06
9.428426953e-06
9.428445173e-06
9.428406774e-06
9.42843498e-06
9.42850889e-06
9.428487176e-06
)
;
    }
    procBoundary1to0
    {
        type            processor;
        value           nonuniform List<scalar> 
97
(
-9.428431465e-06
3.182407941e-11
-9.428429093e-06
-9.42847936e-06
-9.428474217e-06
-9.428560397e-06
-9.428551186e-06
-9.428489767e-06
-9.428428953e-06
-9.428428354e-06
-9.428359458e-06
-5.194440272e-11
-9.428441771e-06
1.052733899e-10
-9.428506193e-06
-9.428596186e-06
-9.428736735e-06
-9.42856995e-06
-9.428472778e-06
-9.428489345e-06
-9.428415543e-06
-9.428333578e-06
-9.428378388e-06
-2.447169085e-10
-9.428672839e-06
4.130917923e-10
-9.428809414e-06
-9.429229711e-06
-9.428822823e-06
-9.428650862e-06
-9.428504023e-06
-9.428488058e-06
-9.428377163e-06
-9.428386433e-06
-9.428429108e-06
-7.608022464e-10
-9.428662843e-06
7.687361278e-10
-9.429322639e-06
-9.428654321e-06
-9.42879544e-06
-9.428574474e-06
-9.428494515e-06
-9.428317784e-06
-9.428327628e-06
-9.428156846e-06
-9.428431481e-06
-5.484694025e-09
-9.448016773e-06
-5.484957204e-09
-9.42929112e-06
-7.679891418e-10
-9.429280429e-06
-9.428783538e-06
-9.428595465e-06
-9.428379311e-06
-9.428394548e-06
-9.428414071e-06
-9.428667812e-06
-9.42842943e-06
-9.428675262e-06
7.585422766e-10
-9.428790933e-06
-4.153050833e-10
-9.428608275e-06
-9.42852356e-06
-9.428364118e-06
-9.428322249e-06
-9.428280092e-06
-9.428376726e-06
-9.428258155e-06
-9.428372886e-06
-9.428310059e-06
2.464657999e-10
-9.428499539e-06
-1.057475832e-10
-9.428471846e-06
-9.428336816e-06
-9.428380877e-06
-9.428343403e-06
-9.428375906e-06
-9.428290577e-06
-9.42837388e-06
-9.428344384e-06
-9.428337964e-06
4.915097246e-11
-9.428418631e-06
-3.360573663e-11
-9.428377441e-06
-9.428362851e-06
-9.428361164e-06
-9.428332084e-06
-9.428320555e-06
-9.428306592e-06
-9.428320761e-06
-9.428395333e-06
-9.428367115e-06
)
;
    }
}


// ************************************************************************* //
