/*--------------------------------*- C++ -*----------------------------------*\
| =========                 |                                                 |
| \\      /  F ield         | OpenFOAM: The Open Source CFD Toolbox           |
|  \\    /   O peration     | Version:  4.x                                   |
|   \\  /    A nd           | Web:      www.OpenFOAM.org                      |
|    \\/     M anipulation  |                                                 |
\*---------------------------------------------------------------------------*/
FoamFile
{
    version     2.0;
    format      ascii;
    class       volVectorField;
    location    "7000";
    object      U;
}
// * * * * * * * * * * * * * * * * * * * * * * * * * * * * * * * * * * * * * //

dimensions      [0 1 -1 0 0 0 0];

internalField   nonuniform List<vector> 
1174
(
(0.01100023433 -8.708420336e-09 -5.465386254e-09)
(0.01100024605 -9.671243122e-09 -7.666556908e-09)
(0.01100026904 -5.181420727e-09 -4.060366187e-09)
(0.01100026776 -5.332473107e-09 -3.984807344e-09)
(0.01100026048 -3.254476804e-09 -3.573200848e-09)
(0.01100023657 -9.249595828e-10 -1.264045253e-09)
(0.01100020559 5.232804506e-10 -1.49543228e-09)
(0.01100017443 1.963838983e-09 1.011663395e-09)
(0.01100013712 1.68195792e-09 1.242124848e-09)
(0.01100009838 1.172713482e-09 5.036389923e-09)
(0.01100005835 5.325859936e-10 2.775430174e-09)
(0.01100001409 1.209156281e-09 3.963567619e-09)
(0.0109999809 2.479542492e-09 3.237037412e-09)
(0.01099993948 3.86514248e-09 3.690359979e-09)
(0.01100024241 -3.691979816e-08 -6.718035679e-09)
(0.01100024177 -3.318630205e-08 -9.764742836e-09)
(0.01100025771 -2.221004047e-08 -6.048776787e-09)
(0.01100024567 -1.423823108e-08 -3.689562985e-09)
(0.0110002238 -7.352102353e-09 -1.740565795e-09)
(0.01100018944 -2.560879998e-09 3.036678186e-10)
(0.0110001494 9.490416277e-10 -1.774988026e-10)
(0.01100010933 4.067441605e-09 1.004866017e-09)
(0.01100006654 6.09442541e-09 1.583218534e-09)
(0.01100002315 7.004724838e-09 1.821201599e-09)
(0.01099998391 4.326935526e-09 2.577842064e-09)
(0.01099994275 6.997496941e-09 4.268745975e-09)
(0.01099990984 8.757062079e-09 3.846660817e-09)
(0.01099987139 8.629641557e-09 2.694924469e-09)
(0.01100026703 -2.894884196e-08 -1.404405007e-08)
(0.01100023995 -3.061406233e-08 -1.613376789e-08)
(0.01100023559 -1.940527846e-08 -9.271529214e-09)
(0.0110001965 -1.255380343e-08 -3.210654621e-09)
(0.01100014953 -6.412917891e-09 2.892661936e-09)
(0.01100009694 -5.189534891e-10 2.817000176e-09)
(0.01100004612 3.725703257e-10 2.831123718e-09)
(0.01099999544 4.729617876e-09 2.631138787e-09)
(0.01099994648 6.19175941e-09 3.069252348e-09)
(0.01099990144 5.766184553e-09 1.985221178e-09)
(0.01099986415 7.051368307e-09 4.635802018e-09)
(0.01099983072 7.266660632e-09 3.870854256e-09)
(0.01099979864 9.1124979e-09 3.325767091e-09)
(0.01099976839 9.198351839e-09 2.415614869e-09)
(0.011000279 -4.227939307e-08 -1.609914106e-09)
(0.01100019703 -2.623523135e-08 -1.793654265e-08)
(0.01100017834 -9.662801724e-09 -7.7224101e-09)
(0.01100011832 1.687330075e-09 1.238293139e-09)
(0.01100005687 4.01808947e-09 2.388104788e-09)
(0.01099998809 4.505242294e-09 7.102207288e-09)
(0.01099992853 5.550468693e-09 8.026588254e-09)
(0.01099987436 5.314550832e-09 6.393454595e-09)
(0.01099982497 5.796677228e-09 7.011447361e-09)
(0.01099978378 5.34901791e-09 8.019388864e-09)
(0.01099974937 7.588798298e-09 7.923353949e-09)
(0.01099972036 6.810781503e-09 7.229890333e-09)
(0.01099970151 8.228895311e-09 6.98078729e-09)
(0.01099967866 7.373409034e-09 5.093867252e-09)
(0.01100036436 9.149553985e-10 1.125354613e-09)
(0.01100020662 1.410507603e-09 -9.415472739e-09)
(0.01100015917 8.065198458e-10 8.854133988e-10)
(0.01100007627 4.713634739e-10 6.163032349e-09)
(0.01100000283 8.270500315e-10 7.379358761e-09)
(0.01099993078 4.819051106e-10 8.462697367e-09)
(0.01099986788 9.826184731e-11 7.487597811e-09)
(0.01099981624 2.748272548e-10 6.519959883e-09)
(0.01099976849 8.403020267e-10 5.878675068e-09)
(0.01099973405 2.756325444e-09 5.663133281e-09)
(0.01099970299 3.166754815e-09 4.719981925e-09)
(0.01099967602 3.505108952e-09 3.83030749e-09)
(0.01099965858 2.929393918e-09 1.826004712e-09)
(0.01099963986 2.397462546e-10 7.753948628e-10)
(0.01100027858 4.074700719e-08 -1.132422896e-09)
(0.01100019713 2.4630233e-08 -1.870072619e-08)
(0.01100017908 9.004535514e-09 -8.150475619e-09)
(0.01100011674 1.826645898e-10 -6.506291264e-10)
(0.01100005154 -2.985329016e-09 3.125044803e-09)
(0.01099998703 -5.915118563e-09 8.456575512e-09)
(0.0109999287 -5.47931271e-09 9.248013961e-09)
(0.01099987411 -5.017209432e-09 7.364951591e-09)
(0.01099982397 -4.652433883e-09 5.420911369e-09)
(0.0109997827 -4.27531041e-09 5.168538734e-09)
(0.01099975124 -4.977300454e-09 5.978762055e-09)
(0.01099972229 -4.917869204e-09 5.091742199e-09)
(0.01099969871 -4.941517282e-09 4.91129689e-09)
(0.0109996761 -4.071925351e-09 5.085806862e-09)
(0.01100026712 2.837360133e-08 -1.251011451e-08)
(0.01100023973 3.097218611e-08 -1.497534695e-08)
(0.01100023604 1.881136742e-08 -6.944920718e-09)
(0.01100019891 1.017426695e-08 -9.857493405e-10)
(0.01100014862 4.946701864e-09 7.949518095e-10)
(0.01100009925 4.151015904e-10 4.839876063e-09)
(0.01100004429 -3.827053641e-09 5.710064749e-09)
(0.01099999673 -8.050503193e-09 5.684356241e-09)
(0.01099994657 -1.006257317e-08 6.947244725e-09)
(0.01099990376 -8.781090796e-09 5.31687018e-09)
(0.01099986431 -6.146866e-09 6.197691429e-09)
(0.01099982953 -5.734501328e-09 4.187976284e-09)
(0.01099979812 -1.032832542e-08 5.606039927e-09)
(0.01099976749 -6.816210787e-09 4.778137116e-09)
(0.01100023987 3.933434389e-08 -6.403881682e-09)
(0.0110002434 3.325592837e-08 -9.259925827e-09)
(0.01100025755 2.365629491e-08 -5.74212126e-09)
(0.01100024372 1.465928765e-08 -2.840502809e-09)
(0.0110002221 6.602817304e-09 -3.289880124e-09)
(0.01100018711 2.540909775e-09 -3.453335882e-10)
(0.01100014918 -2.114929109e-09 2.069888595e-09)
(0.01100011018 -3.085291084e-09 2.781568886e-09)
(0.0110000682 -4.984717819e-09 2.943780989e-09)
(0.01100002735 -6.322164757e-09 3.791807811e-09)
(0.01099998658 -6.869082474e-09 3.639019636e-09)
(0.01099994373 -7.66269751e-09 4.099756949e-09)
(0.01099991111 -7.888131531e-09 5.137363093e-09)
(0.01099986791 -7.735460719e-09 2.410820809e-09)
(0.01100023023 6.622400267e-09 -7.499818508e-09)
(0.01100024652 7.449005095e-09 -9.885124263e-09)
(0.01100026942 6.426796507e-09 -4.508869358e-09)
(0.01100026644 4.099651961e-09 -3.43611155e-09)
(0.01100025805 1.73798933e-09 -3.795520813e-09)
(0.01100023593 2.533103567e-10 -7.894764581e-10)
(0.01100020868 -1.191218547e-09 -6.052577251e-10)
(0.01100017854 -2.153158317e-09 1.543239737e-09)
(0.01100013566 6.642839142e-11 9.731516332e-10)
(0.01100009768 -1.488148221e-09 2.156552911e-09)
(0.01100005902 -1.808572704e-09 2.75086303e-09)
(0.01100001527 -3.979069631e-09 3.251288043e-09)
(0.0109999791 -3.248944319e-09 2.63708421e-09)
(0.01099993929 -3.972243461e-09 1.833529262e-09)
(0.01100016704 -2.735285017e-08 -6.816847794e-08)
(0.01100024294 -6.597553317e-09 -3.587284044e-08)
(0.01100024255 -1.034056308e-08 -3.218355463e-08)
(0.01100025707 -6.958554253e-09 -1.927237484e-08)
(0.01100024618 -5.476145703e-09 -1.237684304e-08)
(0.01100022183 -4.618556442e-10 -6.076786519e-09)
(0.01100019022 1.382816659e-09 -2.454524624e-09)
(0.01100015123 3.747046375e-09 1.468520572e-09)
(0.0110001113 3.187243643e-09 4.612743991e-09)
(0.01100006787 4.614962022e-09 5.191402784e-09)
(0.0110000238 4.319170908e-09 6.854508715e-09)
(0.01099998604 3.110783849e-09 6.762420865e-09)
(0.01099994437 3.823287184e-09 6.908103678e-09)
(0.01099990948 5.058869339e-09 1.002273331e-08)
(0.01099987088 3.707774815e-09 8.692248435e-09)
(0.01100025419 -4.525742624e-08 -4.300824222e-08)
(0.01100022299 -4.083583945e-08 -4.036096218e-08)
(0.01100022249 -2.47859062e-08 -2.351690348e-08)
(0.01100018872 -1.162694553e-08 -1.045354789e-08)
(0.01100014797 -3.844761585e-09 -3.405866903e-09)
(0.01100010032 1.948403514e-09 1.866159205e-09)
(0.01100005288 6.266779372e-09 4.298855512e-09)
(0.01100000686 7.590575199e-09 7.573122839e-09)
(0.01099996149 1.061897959e-08 9.156148014e-09)
(0.01099992237 9.992181485e-09 9.228296975e-09)
(0.01099988683 1.018167744e-08 1.198033332e-08)
(0.01099985162 1.037003506e-08 1.095884871e-08)
(0.01099982094 1.133311019e-08 9.912350192e-09)
(0.01099979087 1.047424631e-08 9.234829457e-09)
(0.01100028474 -2.230693608e-08 -7.647030769e-08)
(0.01100017692 -4.102145172e-08 -6.239860257e-08)
(0.01100013697 -2.242524032e-08 -2.516781783e-08)
(0.01100006091 -6.97226201e-09 -3.004547093e-09)
(0.01099998605 1.49242533e-09 8.038866404e-09)
(0.01099992162 8.676556254e-09 1.283794499e-08)
(0.0109998648 1.073177242e-08 1.722094697e-08)
(0.01099981772 1.245266426e-08 1.604589683e-08)
(0.01099977885 1.275730077e-08 1.60320005e-08)
(0.01099974784 1.301424012e-08 1.564024033e-08)
(0.01099972041 1.2423233e-08 1.562746248e-08)
(0.01099969993 1.249839625e-08 1.463072038e-08)
(0.01099968042 1.367962859e-08 1.461212015e-08)
(0.01099966816 1.279908446e-08 1.198988544e-08)
(0.01100025112 -2.668319442e-08 -4.923685097e-08)
(0.01100001374 -1.715234004e-08 -6.81571373e-08)
(0.0109999585 9.308268632e-10 -1.784226652e-08)
(0.01099985257 9.387557203e-09 9.274581127e-09)
(0.01099976889 1.235814884e-08 2.205997791e-08)
(0.01099970047 1.345996688e-08 2.660177915e-08)
(0.01099965123 1.247179207e-08 2.772498167e-08)
(0.01099961599 9.93051809e-09 2.556524239e-08)
(0.010999591 8.760883682e-09 2.287191712e-08)
(0.01099957402 9.173563601e-09 2.156329346e-08)
(0.01099956259 8.565561294e-09 1.866488628e-08)
(0.01099955541 6.152932357e-09 1.67229519e-08)
(0.01099955498 7.901892347e-09 1.709600922e-08)
(0.01099955137 6.925895568e-09 1.304809957e-08)
(0.01100038757 2.870561956e-10 -1.720793508e-08)
(0.01099992506 5.789421455e-10 -1.520840678e-08)
(0.01099983319 7.430677074e-10 3.333181331e-08)
(0.01099971977 -2.385498141e-10 4.851093956e-08)
(0.01099963723 6.230736525e-10 4.567251122e-08)
(0.01099957861 -9.400745421e-12 4.001017725e-08)
(0.0109995434 8.503860456e-10 3.603662231e-08)
(0.01099951948 9.239377323e-10 3.175354124e-08)
(0.01099950287 4.158558144e-11 2.667550889e-08)
(0.01099949909 4.929970794e-10 2.354287238e-08)
(0.01099949687 1.195629161e-09 2.033162022e-08)
(0.01099949542 9.496545364e-10 1.61297943e-08)
(0.01099949925 7.66983806e-10 1.745217354e-08)
(0.01099950479 -2.831514827e-10 1.392095514e-08)
(0.01100025056 2.448529754e-08 -4.796692782e-08)
(0.01100001469 1.704483193e-08 -6.609941457e-08)
(0.01099995786 -1.644433604e-10 -1.674942752e-08)
(0.01099985308 -8.890731303e-09 8.940846803e-09)
(0.01099976752 -1.283654154e-08 2.177248854e-08)
(0.01099970062 -1.273344944e-08 2.702591582e-08)
(0.0109996502 -1.300417332e-08 2.798477439e-08)
(0.01099961506 -1.244976593e-08 2.633769123e-08)
(0.01099958986 -1.001186433e-08 2.392216881e-08)
(0.01099957265 -8.882748693e-09 2.015205351e-08)
(0.01099956381 -6.550542589e-09 1.889489058e-08)
(0.01099955835 -6.591681169e-09 1.659779358e-08)
(0.01099955332 -6.574790958e-09 1.633359429e-08)
(0.01099955032 -5.83506248e-09 1.363732642e-08)
(0.01100028176 2.326863609e-08 -7.307727312e-08)
(0.01100017588 4.252568216e-08 -6.025623988e-08)
(0.01100013676 2.290495106e-08 -2.347034464e-08)
(0.01100005691 7.364654304e-09 -4.446075609e-09)
(0.01099998785 -3.737400904e-10 6.16295808e-09)
(0.01099992093 -8.234175899e-09 1.374769237e-08)
(0.01099986341 -1.218202819e-08 1.750590418e-08)
(0.01099981951 -1.153509782e-08 1.690945622e-08)
(0.01099977702 -1.154123053e-08 1.569553578e-08)
(0.01099974627 -1.088421429e-08 1.609441503e-08)
(0.01099972193 -1.187758789e-08 1.538945836e-08)
(0.01099969994 -7.661531241e-09 1.390717395e-08)
(0.01099968187 -9.885836939e-09 1.404051539e-08)
(0.01099966146 -8.738890765e-09 1.099798891e-08)
(0.01100025421 4.436858571e-08 -4.358954992e-08)
(0.01100022345 4.137001663e-08 -4.028692754e-08)
(0.01100022219 2.704778542e-08 -2.491559015e-08)
(0.01100018774 1.361030496e-08 -1.138951989e-08)
(0.01100014634 3.789845545e-09 -3.118052652e-09)
(0.01100009857 -3.399184954e-09 2.182032446e-09)
(0.01100005191 -7.498246082e-09 7.185071552e-09)
(0.01100000647 -7.359474242e-09 9.578789249e-09)
(0.01099996253 -8.813990756e-09 1.195597315e-08)
(0.01099992231 -9.201159829e-09 1.055245914e-08)
(0.01099988511 -9.47532009e-09 9.653003746e-09)
(0.01099985085 -9.937073846e-09 9.773453723e-09)
(0.01099982056 -1.025788685e-08 1.063073117e-08)
(0.01099979105 -9.858000379e-09 8.625076481e-09)
(0.01100024403 6.406819541e-09 -3.75887798e-08)
(0.01100024458 1.107793987e-08 -3.108512128e-08)
(0.01100025622 7.62128193e-09 -1.981303257e-08)
(0.01100024241 4.41214556e-09 -1.121166485e-08)
(0.01100022158 9.244097486e-10 -6.486224563e-09)
(0.01100018804 -6.70945387e-10 -2.040809419e-09)
(0.01100014967 -1.524593133e-09 4.437375087e-09)
(0.0110001116 -3.158269528e-09 5.107393926e-09)
(0.01100006848 -3.333410242e-09 6.935085062e-09)
(0.01100002493 -3.416955852e-09 6.766500551e-09)
(0.01099998478 -3.145678353e-09 6.782990824e-09)
(0.01099994214 -3.17466377e-09 7.563709101e-09)
(0.01099990912 -4.394768367e-09 9.091585403e-09)
(0.01099987306 -4.722290172e-09 7.39720323e-09)
(0.0110001667 -5.42341952e-08 -8.379460601e-08)
(0.01100026847 -1.212917317e-08 -2.790712956e-08)
(0.01100023847 -1.698713554e-08 -2.716436391e-08)
(0.01100023473 -6.200105138e-09 -1.828198516e-08)
(0.01100019586 4.86230643e-10 -7.500588617e-09)
(0.01100014989 7.937250155e-10 -2.746309701e-09)
(0.01100009772 6.684350908e-09 2.481014298e-09)
(0.01100004584 7.050223573e-09 6.995478818e-09)
(0.01099999359 6.613271816e-09 8.010309241e-09)
(0.01099994644 7.436520441e-09 7.979808632e-09)
(0.0109999047 9.637567516e-09 8.290419365e-09)
(0.01099986708 8.593057811e-09 1.19436677e-08)
(0.0109998272 7.644831543e-09 1.078244676e-08)
(0.01099979818 6.931505615e-09 1.110389637e-08)
(0.01099976844 6.528053126e-09 1.00485526e-08)
(0.01100016327 -2.37010481e-07 -1.348629575e-07)
(0.01100028402 -7.583844087e-08 -2.191127508e-08)
(0.01100017193 -6.154892076e-08 -3.99681741e-08)
(0.01100013667 -2.701282551e-08 -2.098602264e-08)
(0.01100005999 -5.374513027e-09 -5.19603411e-09)
(0.01099998866 6.453859855e-09 2.11119834e-09)
(0.0109999197 1.301161071e-08 7.607902578e-09)
(0.01099986355 1.714660242e-08 1.16959216e-08)
(0.01099981829 1.692431959e-08 1.170838166e-08)
(0.01099978243 1.696075776e-08 1.139725405e-08)
(0.01099974573 1.52403759e-08 1.460969431e-08)
(0.0109997209 1.455576549e-08 1.560776156e-08)
(0.01099969898 1.394567117e-08 1.173552759e-08)
(0.01099967756 1.467897405e-08 1.31113518e-08)
(0.01099966815 1.282981893e-08 1.156425282e-08)
(0.01100030339 -3.454435197e-08 -3.616335392e-08)
(0.01099998742 -6.052605765e-08 -6.055556692e-08)
(0.01099986441 -1.346830796e-08 -1.364733981e-08)
(0.01099972296 1.0385896e-08 1.029825214e-08)
(0.01099961996 2.127824676e-08 2.027398765e-08)
(0.01099955659 2.642179764e-08 2.437415739e-08)
(0.01099951369 2.681096282e-08 2.514586314e-08)
(0.01099949182 2.435965202e-08 2.358770682e-08)
(0.01099948011 2.150928619e-08 2.301303942e-08)
(0.01099947819 1.93527304e-08 2.066960025e-08)
(0.01099948342 1.628615161e-08 1.805587571e-08)
(0.01099948753 1.492565656e-08 1.498872287e-08)
(0.01099949408 1.643818897e-08 1.5453409e-08)
(0.01099950546 1.488066084e-08 1.353647565e-08)
(0.01100005991 1.163910215e-08 8.21595868e-08)
(0.01099941979 1.764421864e-08 -8.980565391e-08)
(0.01099929922 4.970603644e-08 -1.836755172e-09)
(0.01099915818 5.26243441e-08 3.576203288e-08)
(0.01099909342 4.310210781e-08 4.315198514e-08)
(0.01099908265 3.473266399e-08 4.305019998e-08)
(0.01099909802 2.75542098e-08 3.964648071e-08)
(0.01099913364 2.21010384e-08 3.29127429e-08)
(0.01099916866 1.809241001e-08 2.871739259e-08)
(0.0109992089 1.384369904e-08 2.409728708e-08)
(0.01099924854 1.100092379e-08 2.143529707e-08)
(0.01099928592 8.837247176e-09 1.887216408e-08)
(0.01099932259 1.032881192e-08 1.849005263e-08)
(0.01099935193 9.241241149e-09 1.543564273e-08)
(0.01100019148 8.43835175e-10 5.162730568e-07)
(0.01099887748 1.643498605e-09 4.33304288e-08)
(0.01099879409 1.346034193e-09 9.050759952e-08)
(0.0109987244 -1.553008978e-10 1.013532914e-07)
(0.01099874146 -2.68348291e-10 7.899807548e-08)
(0.01099880707 -9.382467984e-10 6.229080885e-08)
(0.01099888169 -3.949253954e-10 4.89963679e-08)
(0.01099895545 8.872225364e-10 3.741246691e-08)
(0.01099902602 2.094363578e-10 2.952305972e-08)
(0.01099909067 1.078076353e-09 2.530010145e-08)
(0.01099914692 8.215632587e-10 1.95143404e-08)
(0.01099920357 4.93446633e-10 1.650691789e-08)
(0.0109992502 2.083659344e-09 1.803614584e-08)
(0.01099929188 2.730745885e-09 1.650230573e-08)
(0.01100006116 -1.095621518e-08 8.326815729e-08)
(0.0109994173 -1.723361348e-08 -9.106658027e-08)
(0.01099930031 -4.829440517e-08 -1.41890742e-09)
(0.01099915549 -5.281792313e-08 3.673343359e-08)
(0.01099909586 -4.337754936e-08 4.357065651e-08)
(0.0109990839 -3.490733788e-08 4.370669364e-08)
(0.01099909962 -2.596915286e-08 3.956307396e-08)
(0.01099913188 -2.191937082e-08 3.175385036e-08)
(0.01099916735 -1.730789318e-08 2.672939276e-08)
(0.0109992106 -1.272254292e-08 2.402959235e-08)
(0.01099925113 -1.083384694e-08 2.1161989e-08)
(0.01099928539 -7.057635324e-09 1.620748689e-08)
(0.01099932004 -8.968967245e-09 1.742030888e-08)
(0.01099935112 -7.790555796e-09 1.595464083e-08)
(0.01100030483 3.640319736e-08 -3.617762954e-08)
(0.01099998863 6.145013528e-08 -6.037104946e-08)
(0.01099986594 1.38115444e-08 -1.402043081e-08)
(0.0109997212 -9.331164888e-09 1.153170335e-08)
(0.01099962093 -1.887275249e-08 2.052156182e-08)
(0.01099955609 -2.316109392e-08 2.602103846e-08)
(0.01099951406 -2.588253764e-08 2.630214301e-08)
(0.01099949052 -2.221973767e-08 2.486552125e-08)
(0.01099947873 -2.053924118e-08 2.119727451e-08)
(0.01099947962 -1.913545267e-08 1.883866965e-08)
(0.01099948143 -1.498299444e-08 1.492927461e-08)
(0.01099948965 -1.347139838e-08 1.44654584e-08)
(0.01099949198 -1.572815206e-08 1.401188296e-08)
(0.01099949868 -1.470863635e-08 1.109179935e-08)
(0.01100028535 7.438862152e-08 -2.240805446e-08)
(0.01100017609 6.117921436e-08 -4.193253195e-08)
(0.01100013743 2.709823063e-08 -2.180747311e-08)
(0.011000059 4.792205448e-09 -6.827380992e-09)
(0.01099998898 -6.533353247e-09 6.258157594e-10)
(0.01099991932 -1.452036262e-08 8.810794616e-09)
(0.0109998638 -1.609247005e-08 1.433724727e-08)
(0.0109998185 -1.687157786e-08 1.381736985e-08)
(0.01099977596 -1.53392548e-08 1.409646178e-08)
(0.01099974815 -1.450613807e-08 1.324913805e-08)
(0.01099972123 -1.490689213e-08 1.197136149e-08)
(0.01099969716 -1.405636041e-08 1.134243905e-08)
(0.01099968072 -1.460303895e-08 1.203588802e-08)
(0.01099966307 -1.216559183e-08 9.708418819e-09)
(0.01100026909 1.313639796e-08 -2.803436445e-08)
(0.01100023923 1.656736012e-08 -3.121416031e-08)
(0.01100023683 7.984385624e-09 -2.051351941e-08)
(0.0110001965 3.348171228e-09 -9.135406441e-09)
(0.01100014834 -1.984331414e-09 -3.782421023e-09)
(0.01100009652 -4.529164728e-09 1.657796708e-09)
(0.01100004495 -4.453135924e-09 5.267018721e-09)
(0.01099999589 -3.920342607e-09 8.152988856e-09)
(0.01099994436 -5.745524819e-09 8.908477691e-09)
(0.01099990428 -5.387058835e-09 9.820333152e-09)
(0.0109998627 -5.317251198e-09 8.344329992e-09)
(0.01099982772 -5.217101808e-09 8.213850697e-09)
(0.01099979779 -4.253782701e-09 1.03121311e-08)
(0.01099976581 -4.013677484e-09 9.79676371e-09)
(0.01100016914 -7.607180281e-08 -1.377844518e-07)
(0.01100027872 -1.091027641e-09 -3.949870243e-08)
(0.01100019794 -1.97215179e-08 -2.451348063e-08)
(0.01100017975 -7.668871024e-09 -8.590595653e-09)
(0.01100011803 4.490060955e-10 3.788069333e-10)
(0.01100005295 5.503387805e-09 4.687161871e-09)
(0.01099999147 8.569937786e-09 5.983257169e-09)
(0.01099992632 7.485327163e-09 5.222999176e-09)
(0.01099987449 6.96530569e-09 5.625680612e-09)
(0.01099982439 7.516195324e-09 7.028690211e-09)
(0.01099978544 8.453595576e-09 8.010678811e-09)
(0.01099975067 6.867158692e-09 6.458240963e-09)
(0.01099972107 7.393409751e-09 6.280036761e-09)
(0.01099969631 5.981232897e-09 6.678451424e-09)
(0.0109996743 5.64745231e-09 6.500481755e-09)
(0.01100016952 -3.573099198e-07 -2.803107705e-07)
(0.01100024898 -4.880600593e-08 -2.688294699e-08)
(0.0110000139 -6.848831696e-08 -1.703927141e-08)
(0.01099995913 -1.924221651e-08 1.8759075e-09)
(0.01099985328 6.572448604e-09 9.849207903e-09)
(0.01099976731 2.014260009e-08 1.383113025e-08)
(0.01099969968 2.483758106e-08 1.358732143e-08)
(0.01099964978 2.64154953e-08 1.354781526e-08)
(0.01099961603 2.649789787e-08 1.17548906e-08)
(0.01099959265 2.374779083e-08 1.168201851e-08)
(0.0109995736 2.146521196e-08 9.697828384e-09)
(0.01099956101 1.911481723e-08 8.229912077e-09)
(0.0109995541 1.595244694e-08 8.996611145e-09)
(0.01099955108 1.698366809e-08 9.011086223e-09)
(0.0109995518 1.445750362e-08 8.351885298e-09)
(0.01100005276 -4.742887944e-07 -8.191976974e-07)
(0.01100005899 8.301683959e-08 1.110751014e-08)
(0.01099941676 -8.900915308e-08 1.720643004e-08)
(0.01099929809 -2.135770486e-09 4.923794108e-08)
(0.01099915818 3.424327574e-08 5.328809076e-08)
(0.01099909453 4.228445379e-08 4.283255936e-08)
(0.01099908346 4.385715823e-08 3.47597243e-08)
(0.01099910036 3.890048174e-08 2.640891874e-08)
(0.01099913215 3.376829221e-08 2.030656672e-08)
(0.01099916969 3.015298965e-08 1.614872167e-08)
(0.01099920977 2.217112785e-08 1.41808044e-08)
(0.01099924982 1.825877721e-08 1.08633421e-08)
(0.01099928626 1.801012273e-08 1.014815016e-08)
(0.01099932052 1.820415216e-08 1.060789571e-08)
(0.01099935085 1.599471847e-08 8.798191401e-09)
(0.01099864097 5.24403946e-07 5.25312528e-07)
(0.01099762265 8.495982631e-08 8.920341277e-08)
(0.01099788005 1.076804114e-07 1.090270832e-07)
(0.01099792988 1.037169681e-07 1.040903537e-07)
(0.01099807975 7.535021907e-08 7.514337596e-08)
(0.01099825976 5.372430685e-08 5.32722127e-08)
(0.01099842994 3.918148872e-08 3.877561782e-08)
(0.01099858704 2.867991353e-08 2.858392147e-08)
(0.01099872231 1.987103722e-08 2.050449954e-08)
(0.01099884254 1.620454995e-08 1.660995753e-08)
(0.01099894096 1.268408957e-08 1.505377691e-08)
(0.01099903157 1.040281254e-08 1.115240717e-08)
(0.0109991032 1.27700807e-08 1.301066508e-08)
(0.01099916842 1.060338296e-08 1.085951853e-08)
(0.01099714883 1.577260253e-09 3.290226623e-06)
(0.01099504206 1.846407433e-10 9.083317134e-07)
(0.01099632714 1.046588549e-09 4.095898459e-07)
(0.01099687957 1.156451366e-09 2.4834445e-07)
(0.01099734922 9.770198703e-11 1.345483451e-07)
(0.01099775126 -5.583025943e-10 7.45242878e-08)
(0.01099806709 1.004059808e-09 4.585323343e-08)
(0.0109983165 4.525627569e-10 3.164110876e-08)
(0.01099851429 -6.109819056e-10 2.280648853e-08)
(0.01099867614 1.712026233e-09 1.543269677e-08)
(0.01099880992 2.30380714e-09 1.607073932e-08)
(0.01099892183 -2.191793456e-10 1.216109995e-08)
(0.01099901409 -4.821560106e-10 1.134241864e-08)
(0.01099909689 8.933319557e-10 9.629480713e-09)
(0.0109986401 -5.249212001e-07 5.241185957e-07)
(0.01099762385 -8.568948865e-08 8.627945911e-08)
(0.01099787756 -1.06242248e-07 1.07865879e-07)
(0.01099792932 -1.030860769e-07 1.037996793e-07)
(0.0109980789 -7.385068432e-08 7.409267755e-08)
(0.01099826116 -5.228106491e-08 5.297499721e-08)
(0.01099843125 -3.807150962e-08 3.829660804e-08)
(0.01099858666 -2.831724301e-08 2.8659136e-08)
(0.01099872419 -2.139233665e-08 2.225801238e-08)
(0.01099884314 -1.75010547e-08 1.603190541e-08)
(0.01099894117 -1.444547047e-08 1.319869539e-08)
(0.01099902831 -1.054606351e-08 1.103455035e-08)
(0.01099910105 -1.13086557e-08 1.149795069e-08)
(0.01099916932 -1.03157799e-08 1.097677231e-08)
(0.01100006137 -8.421670195e-08 1.121039451e-08)
(0.0109994171 9.09532474e-08 1.757836899e-08)
(0.01099930044 9.431014955e-10 4.86196645e-08)
(0.0109991543 -3.524890058e-08 5.361307958e-08)
(0.01099909639 -4.317812836e-08 4.304032031e-08)
(0.01099908309 -4.242744031e-08 3.484886762e-08)
(0.01099909836 -3.792465317e-08 2.648839997e-08)
(0.01099913226 -3.125668158e-08 2.172075382e-08)
(0.01099916941 -2.614871998e-08 1.768182116e-08)
(0.01099920999 -2.190234873e-08 1.474386288e-08)
(0.01099924593 -1.994207187e-08 1.254207181e-08)
(0.01099928837 -1.596794962e-08 9.785911971e-09)
(0.01099931738 -1.672858347e-08 1.011933552e-08)
(0.01099935445 -1.622570919e-08 8.525083625e-09)
(0.01100025214 4.833417165e-08 -2.629910954e-08)
(0.01100001258 6.65364072e-08 -1.6967114e-08)
(0.01099995857 1.731920527e-08 1.19310137e-09)
(0.01099985237 -7.897681728e-09 1.257391197e-08)
(0.01099976751 -2.154447497e-08 1.320272811e-08)
(0.01099970118 -2.616471507e-08 1.372065022e-08)
(0.01099965109 -2.762966343e-08 1.158488547e-08)
(0.01099961575 -2.474610737e-08 1.243118155e-08)
(0.01099958741 -2.274173917e-08 1.089910855e-08)
(0.01099957492 -1.915137072e-08 1.005782737e-08)
(0.01099956053 -1.711315122e-08 9.860516118e-09)
(0.0109995565 -1.566927755e-08 7.324305177e-09)
(0.01099955054 -1.660707215e-08 7.6307089e-09)
(0.01099954721 -1.42882626e-08 6.800591503e-09)
(0.01100027935 1.289740418e-09 -4.118600991e-08)
(0.01100019694 1.950847709e-08 -2.520995936e-08)
(0.0110001803 9.411360075e-09 -9.050505182e-09)
(0.01100011587 8.769928616e-10 5.816477419e-10)
(0.01100005124 -3.809168139e-09 1.949723208e-09)
(0.01099998757 -7.02463735e-09 6.023468237e-09)
(0.01099992731 -8.839916155e-09 4.86173133e-09)
(0.01099987537 -7.900486367e-09 5.372014751e-09)
(0.01099982237 -6.418326696e-09 5.446770219e-09)
(0.01099978366 -6.504437702e-09 6.004648748e-09)
(0.01099974595 -5.560928661e-09 7.849657955e-09)
(0.01099972155 -6.697479684e-09 6.680739636e-09)
(0.01099969587 -7.401372765e-09 7.013035259e-09)
(0.01099967563 -4.959882175e-09 5.237145536e-09)
(0.01100017729 -1.907890347e-07 -1.190261194e-09)
(0.01100036065 4.202889382e-09 -2.521273732e-11)
(0.01100020552 -9.487354566e-09 1.938187903e-11)
(0.01100015493 3.754668855e-09 5.537895187e-10)
(0.01100007573 8.611167884e-09 -7.164627595e-11)
(0.01100000012 1.318439562e-08 1.06967905e-09)
(0.01099993016 1.190320697e-08 4.377046033e-10)
(0.01099986865 1.241732682e-08 -3.144192692e-10)
(0.01099981565 1.107495006e-08 4.458182654e-11)
(0.0109997711 1.057573061e-08 2.745900794e-09)
(0.01099973369 8.360246078e-09 2.128050319e-09)
(0.01099970159 7.639928562e-09 1.198198151e-09)
(0.01099967334 8.605348117e-09 1.71673794e-09)
(0.01099965639 8.0349057e-09 1.340910449e-10)
(0.01099963711 9.615098168e-09 1.243432246e-09)
(0.01100018714 -9.031915123e-07 3.264785873e-10)
(0.01100038847 -1.895555063e-08 4.361566292e-10)
(0.01099992707 -1.713024022e-08 1.249648502e-09)
(0.01099983303 2.948454497e-08 2.871678793e-11)
(0.01099971818 4.596421749e-08 4.286983173e-10)
(0.01099963424 4.376547005e-08 -2.71634134e-10)
(0.01099957825 3.903918629e-08 1.082344022e-10)
(0.0109995407 3.575255222e-08 -4.148712956e-10)
(0.01099951921 3.066401712e-08 4.182965002e-10)
(0.01099950492 2.650823693e-08 1.262159814e-09)
(0.01099949749 2.341977184e-08 8.344124493e-10)
(0.01099949576 1.792414446e-08 -1.888755747e-09)
(0.01099949347 1.464296826e-08 -6.297076699e-10)
(0.01099950006 1.77277587e-08 -6.168084784e-10)
(0.01099950227 1.507522531e-08 2.242322822e-09)
(0.01099988957 -1.722674397e-06 -1.442280281e-09)
(0.01100019227 5.174756377e-07 3.242277427e-10)
(0.01099887197 4.373865008e-08 2.033533188e-10)
(0.01099879455 9.011474973e-08 1.295990457e-09)
(0.01099872276 1.00500909e-07 3.188836796e-10)
(0.01099874024 7.894179308e-08 1.985306982e-10)
(0.01099880583 6.191418521e-08 1.720245301e-10)
(0.01099887907 4.827299231e-08 -1.147226146e-10)
(0.01099895592 3.859649823e-08 1.822531885e-10)
(0.01099902568 2.992741771e-08 1.170664719e-09)
(0.01099909288 2.111482456e-08 1.080970069e-11)
(0.0109991481 1.970537218e-08 6.310713772e-10)
(0.01099920533 1.766547616e-08 7.658287888e-11)
(0.01099924861 1.860227977e-08 1.129817659e-09)
(0.01099929096 1.555414255e-08 1.381368165e-09)
(0.01099670268 -8.130206189e-06 1.126796094e-10)
(0.01099714233 3.288844721e-06 1.682831717e-11)
(0.01099503945 9.075241225e-07 -2.144722786e-10)
(0.01099632528 4.092485181e-07 -8.901513553e-11)
(0.01099687612 2.476633543e-07 1.470829919e-09)
(0.01099735123 1.326103296e-07 -9.731554505e-10)
(0.01099775279 7.655021776e-08 2.024687901e-10)
(0.01099806292 4.747481242e-08 4.39671766e-11)
(0.01099831196 3.108480239e-08 1.04502513e-09)
(0.01099851519 2.07263898e-08 -6.162006487e-11)
(0.01099867684 1.520239862e-08 2.809151604e-10)
(0.01099881155 1.437327844e-08 -7.076536356e-10)
(0.01099892662 1.083365906e-08 4.352949594e-10)
(0.01099901166 1.292428147e-08 -9.709924316e-11)
(0.0109990966 8.177808337e-09 -1.656152162e-09)
(0.01099332229 -1.70302851e-10 -8.604199297e-10)
(0.01098665353 -2.428823184e-09 -5.294018373e-10)
(0.01099266184 -1.567441754e-10 5.258654525e-10)
(0.01099497174 3.885163351e-10 -2.012615207e-10)
(0.01099622245 -2.313201553e-10 -1.576149648e-10)
(0.01099705247 2.382553679e-11 -7.754238585e-11)
(0.0109976025 3.88392154e-10 9.069775393e-10)
(0.01099798835 1.494861664e-09 -8.294193169e-10)
(0.0109982718 1.319434634e-09 -1.15926116e-09)
(0.01099849304 -2.1561456e-10 -2.09305651e-10)
(0.01099866391 1.140240219e-10 -6.208989766e-10)
(0.01099880688 -1.953591465e-09 7.990456382e-11)
(0.01099891401 -1.113309801e-09 6.775289399e-10)
(0.0109990255 2.052709328e-10 -1.080107852e-09)
(0.01099714454 -3.29187842e-06 -2.907204998e-09)
(0.01099503857 -9.073644513e-07 -5.194677033e-10)
(0.01099632767 -4.095968572e-07 -1.591329039e-09)
(0.01099687663 -2.477879876e-07 -5.200891287e-10)
(0.01099734926 -1.339941446e-07 -1.096042037e-09)
(0.01099775155 -7.453250004e-08 -1.411212749e-10)
(0.01099806516 -4.715512997e-08 8.40406979e-10)
(0.01099831412 -3.001898204e-08 1.860747559e-09)
(0.01099851494 -2.169137949e-08 4.232954435e-10)
(0.01099867692 -1.491025317e-08 2.835101133e-10)
(0.01099881029 -1.396736486e-08 -7.180026211e-10)
(0.01099892474 -9.469810895e-09 -3.475761773e-10)
(0.01099901528 -1.302128658e-08 -7.725525536e-10)
(0.01099909484 -8.55877252e-09 -1.133464721e-09)
(0.01100019001 -5.1436615e-07 -3.073635171e-10)
(0.01099887261 -4.302762875e-08 -1.278193748e-09)
(0.01099879138 -8.918268194e-08 -4.870814164e-10)
(0.01099872247 -1.003065515e-07 -2.458591673e-10)
(0.01099874116 -7.834188927e-08 3.880814558e-10)
(0.01099880685 -6.19723165e-08 -1.009502914e-09)
(0.01099888031 -4.677754999e-08 7.221403865e-10)
(0.01099895528 -3.709369578e-08 2.95200512e-09)
(0.01099902562 -2.81059482e-08 2.618926796e-09)
(0.01099909126 -2.149471314e-08 1.716049517e-09)
(0.01099914737 -1.813328444e-08 2.492306192e-09)
(0.01099920528 -1.448839554e-08 -4.265039089e-10)
(0.01099924712 -1.686203992e-08 -1.029482001e-09)
(0.01099929229 -1.653825487e-08 1.332403755e-10)
(0.01100038296 1.623009367e-08 1.289233762e-09)
(0.01099992253 1.704059179e-08 8.557794015e-10)
(0.01099983314 -3.309060455e-08 7.283483737e-10)
(0.0109997155 -4.654760451e-08 -1.352853751e-09)
(0.01099963062 -4.489892634e-08 -4.474121224e-10)
(0.01099957702 -3.993362579e-08 6.078078094e-10)
(0.01099954211 -3.690657258e-08 9.971588113e-10)
(0.01099952042 -3.0281872e-08 1.697296477e-10)
(0.01099950268 -2.514955438e-08 2.872341852e-09)
(0.0109994994 -2.125355894e-08 1.349926477e-09)
(0.01099949253 -1.809101151e-08 5.295075761e-10)
(0.01099949553 -1.596900704e-08 -2.726962684e-10)
(0.01099949734 -1.706030574e-08 -9.265824889e-10)
(0.01099950437 -1.459094742e-08 4.60137284e-10)
(0.01100035872 -3.383709524e-09 -2.405695313e-10)
(0.01100020474 8.979295364e-09 -2.781838891e-10)
(0.01100015613 -3.600026737e-09 -2.655346053e-10)
(0.01100007387 -7.523420531e-09 1.429373838e-10)
(0.01099999814 -9.600423352e-09 -1.067078643e-10)
(0.01099993051 -1.137601079e-08 2.519732929e-10)
(0.01099986884 -1.002862389e-08 2.247737232e-09)
(0.01099981819 -9.442886649e-09 4.012633088e-10)
(0.01099977071 -8.676199938e-09 8.844044447e-10)
(0.01099973071 -7.112753365e-09 -8.653619425e-10)
(0.01099969985 -6.417691919e-09 -2.328011097e-09)
(0.01099967396 -6.470130534e-09 -8.490691839e-10)
(0.01099965433 -6.225717298e-09 -2.060114041e-09)
(0.01099963758 -4.334629492e-09 -4.266922499e-10)
(0.01100017011 -7.447748073e-08 1.364795513e-07)
(0.01100027752 -1.92633545e-10 3.841155603e-08)
(0.01100019724 -1.717188413e-08 2.187618097e-08)
(0.01100017951 -6.994101442e-09 8.264529895e-09)
(0.01100011806 1.004732472e-09 -1.064177671e-09)
(0.01100005062 2.937424939e-09 -3.029145045e-09)
(0.01099998753 7.325191299e-09 -5.497549857e-09)
(0.01099992494 7.623950425e-09 -6.754997078e-09)
(0.01099987225 6.69324422e-09 -6.111117801e-09)
(0.01099982504 7.849487772e-09 -8.424606048e-09)
(0.01099978362 6.126973409e-09 -7.946574619e-09)
(0.01099975217 5.361235232e-09 -7.037665116e-09)
(0.01099971808 4.708656073e-09 -6.522662546e-09)
(0.01099969886 5.656953269e-09 -6.962664014e-09)
(0.01099967517 5.207107235e-09 -6.232242875e-09)
(0.01100017004 -3.562396151e-07 2.811308451e-07)
(0.01100025015 -4.792447093e-08 2.6024472e-08)
(0.01100001343 -6.6180146e-08 1.758871866e-08)
(0.01099995579 -1.724758513e-08 -9.379545739e-10)
(0.01099985332 7.707830864e-09 -9.7722268e-09)
(0.01099976456 1.882177014e-08 -1.260885085e-08)
(0.01099970129 2.458857968e-08 -1.372314485e-08)
(0.010999648 2.855225877e-08 -1.301600865e-08)
(0.01099961588 2.687983069e-08 -1.10237325e-08)
(0.01099959074 2.30648615e-08 -1.055936104e-08)
(0.01099957308 2.10730311e-08 -9.600499826e-09)
(0.01099956327 1.726700656e-08 -8.192134997e-09)
(0.01099955827 1.662951037e-08 -8.376336298e-09)
(0.01099955215 1.798919828e-08 -8.376990369e-09)
(0.01099954926 1.47519439e-08 -8.791313406e-09)
(0.01100005612 -4.749487281e-07 8.177213677e-07)
(0.01100006204 8.293449049e-08 -1.2614788e-08)
(0.0109994173 -9.174203266e-08 -1.629188646e-08)
(0.01099929968 -2.610667689e-09 -4.728846105e-08)
(0.0109991556 3.521787974e-08 -5.06400993e-08)
(0.01099909068 4.283906986e-08 -4.194914555e-08)
(0.01099908552 4.338071432e-08 -3.324572319e-08)
(0.01099909763 3.843282924e-08 -2.547805543e-08)
(0.01099913287 3.305018143e-08 -1.985620531e-08)
(0.01099916817 2.824618898e-08 -1.898927325e-08)
(0.01099921018 2.226466027e-08 -1.467779949e-08)
(0.01099925069 1.916619562e-08 -1.162072522e-08)
(0.01099928646 1.721406378e-08 -9.878414364e-09)
(0.01099931834 1.906817415e-08 -1.097393834e-08)
(0.01099934949 1.401235417e-08 -9.294574876e-09)
(0.01099926564 -1.665498872e-06 1.665244676e-06)
(0.01099863976 5.23145782e-07 -5.252054047e-07)
(0.01099762466 8.667705233e-08 -8.840133423e-08)
(0.01099787948 1.076633143e-07 -1.071664002e-07)
(0.01099792945 1.020808341e-07 -1.026019196e-07)
(0.01099807904 7.464560539e-08 -7.308663316e-08)
(0.01099826051 5.398350773e-08 -5.270456236e-08)
(0.01099843107 3.754683387e-08 -3.891596717e-08)
(0.0109985876 2.91120091e-08 -2.922104922e-08)
(0.01099872241 2.088834802e-08 -2.177564601e-08)
(0.01099883993 1.616158533e-08 -1.665242636e-08)
(0.01099894162 1.364017876e-08 -1.34774131e-08)
(0.01099903376 9.468812275e-09 -1.212642091e-08)
(0.01099910139 1.085921596e-08 -1.26178464e-08)
(0.01099916954 9.229196126e-09 -1.010860947e-08)
(0.01099670501 6.734582303e-10 8.126270902e-06)
(0.0109971454 -1.420746542e-09 -3.290733933e-06)
(0.01099504129 -8.298621759e-10 -9.072349684e-07)
(0.01099632729 -1.11050423e-09 -4.096743226e-07)
(0.01099688186 -1.467664225e-09 -2.466000243e-07)
(0.01099735056 -1.617281462e-09 -1.344029636e-07)
(0.0109977524 8.091454669e-11 -7.431261696e-08)
(0.01099806489 1.502736678e-09 -4.718094213e-08)
(0.01099831639 4.356922343e-10 -3.091333943e-08)
(0.01099851245 -6.460239167e-10 -2.1248276e-08)
(0.01099867892 -2.212061775e-10 -1.689410508e-08)
(0.01099881347 6.316137028e-10 -1.434754666e-08)
(0.01099892379 4.889981278e-10 -1.198688596e-08)
(0.01099901396 -7.602676371e-10 -1.318279099e-08)
(0.01099909755 1.441082232e-09 -9.149296269e-09)
(0.01099926492 1.664024167e-06 1.665866985e-06)
(0.01099864207 -5.246017479e-07 -5.232197018e-07)
(0.0109976235 -8.759182603e-08 -8.648980095e-08)
(0.01099787851 -1.085721462e-07 -1.081322144e-07)
(0.01099792949 -1.042102152e-07 -1.028352158e-07)
(0.01099808069 -7.482771888e-08 -7.39352365e-08)
(0.01099826012 -5.360279109e-08 -5.267189823e-08)
(0.01099843031 -3.699949261e-08 -3.679995392e-08)
(0.01099858538 -2.691776878e-08 -2.858319456e-08)
(0.01099872372 -2.028150445e-08 -2.099445133e-08)
(0.01099884025 -1.440499486e-08 -1.732412165e-08)
(0.0109989443 -1.202779518e-08 -1.326365126e-08)
(0.01099903039 -1.053025902e-08 -1.027497984e-08)
(0.01099910225 -1.071273697e-08 -1.061373045e-08)
(0.01099916906 -1.095323744e-08 -1.08405137e-08)
(0.01100005998 -8.098825537e-08 -1.107794464e-08)
(0.01099941673 9.178182944e-08 -1.6722094e-08)
(0.01099929809 1.92851746e-09 -4.831492857e-08)
(0.01099915633 -3.536632717e-08 -5.198775355e-08)
(0.01099909388 -4.332279824e-08 -4.278541846e-08)
(0.01099908294 -4.375885645e-08 -3.393859513e-08)
(0.01099910054 -4.047653981e-08 -2.525048467e-08)
(0.0109991305 -3.233543298e-08 -2.192131049e-08)
(0.01099916849 -2.547780971e-08 -1.817160115e-08)
(0.0109992094 -2.056770014e-08 -1.199187186e-08)
(0.01099924758 -1.935858168e-08 -1.267997015e-08)
(0.01099928684 -1.633535815e-08 -1.015746112e-08)
(0.0109993171 -1.872985044e-08 -1.004063258e-08)
(0.01099935338 -1.616450953e-08 -8.988828986e-09)
(0.01100025059 4.809135013e-08 2.64325872e-08)
(0.01100001375 6.563511273e-08 1.731505374e-08)
(0.01099995525 1.77031113e-08 -2.663968666e-09)
(0.01099984904 -9.121804937e-09 -1.166410214e-08)
(0.01099976739 -2.114569233e-08 -1.380337176e-08)
(0.01099970251 -2.578681572e-08 -1.321369785e-08)
(0.01099965058 -2.705283777e-08 -1.295820636e-08)
(0.010999618 -2.631464599e-08 -1.197164683e-08)
(0.01099958803 -2.234009706e-08 -1.154660029e-08)
(0.01099957395 -2.115366866e-08 -8.713416514e-09)
(0.01099955955 -1.798619983e-08 -8.944277708e-09)
(0.01099955416 -1.595508332e-08 -7.513835018e-09)
(0.0109995511 -1.742964283e-08 -7.828084107e-09)
(0.0109995507 -1.388572362e-08 -7.042349321e-09)
(0.01100027753 1.033091773e-10 4.132955908e-08)
(0.01100019545 1.852410284e-08 2.453982213e-08)
(0.01100017757 8.203989358e-09 8.068566868e-09)
(0.01100011564 7.550975295e-10 -2.181422405e-09)
(0.01100005221 -4.911314978e-09 -3.82088404e-09)
(0.01099998935 -7.306716275e-09 -5.957282548e-09)
(0.0109999263 -8.702104484e-09 -6.460194693e-09)
(0.01099987394 -8.501025716e-09 -6.72198342e-09)
(0.01099982325 -9.080679792e-09 -6.585638748e-09)
(0.01099978485 -7.219175493e-09 -6.99600821e-09)
(0.01099974679 -7.260093232e-09 -6.727566374e-09)
(0.01099971946 -6.78760921e-09 -5.988350598e-09)
(0.01099969746 -6.114394352e-09 -6.951302838e-09)
(0.01099967241 -4.509901099e-09 -5.906788864e-09)
(0.01100016156 -5.675131149e-08 8.28327209e-08)
(0.01100026971 -1.331188022e-08 2.628621382e-08)
(0.0110002402 -1.428109209e-08 2.989480267e-08)
(0.01100023691 -7.756593043e-09 1.804089424e-08)
(0.01100019518 -2.189407321e-09 1.189596313e-08)
(0.01100014957 2.156453258e-09 3.066144065e-09)
(0.01100009543 3.989504521e-09 -1.921412973e-09)
(0.01100004374 6.446154483e-09 -4.131602199e-09)
(0.01099999241 3.825477925e-09 -7.275769026e-09)
(0.01099994666 6.932681917e-09 -9.107954333e-09)
(0.01099990341 7.322676568e-09 -9.572592806e-09)
(0.010999864 5.243406739e-09 -1.016046171e-08)
(0.01099982963 4.284303329e-09 -1.082498676e-08)
(0.01099979937 4.103722571e-09 -1.192411093e-08)
(0.01099976959 2.52298385e-09 -1.0941759e-08)
(0.01100016116 -2.354548614e-07 1.329010087e-07)
(0.01100028292 -7.392886162e-08 2.187881907e-08)
(0.01100017528 -5.972217566e-08 3.98332656e-08)
(0.01100013806 -2.399989983e-08 2.289571269e-08)
(0.01100005895 -5.440149471e-09 7.431736867e-09)
(0.01099998592 4.749374985e-09 -1.430150303e-09)
(0.01099992063 1.357686929e-08 -7.600828092e-09)
(0.01099986274 1.781947038e-08 -1.116905456e-08)
(0.01099982023 1.7636928e-08 -1.288200886e-08)
(0.01099977711 1.71669182e-08 -1.184304708e-08)
(0.01099974628 1.613705873e-08 -1.131123523e-08)
(0.01099971965 1.468233639e-08 -1.127858186e-08)
(0.01099969857 1.282134046e-08 -1.05964854e-08)
(0.01099968054 1.407286125e-08 -1.12398157e-08)
(0.01099966423 1.210137093e-08 -1.194899148e-08)
(0.0110001424 -3.384419526e-07 3.391983192e-07)
(0.01100030371 -3.748578374e-08 3.402363686e-08)
(0.01099998813 -6.189212858e-08 6.033577059e-08)
(0.01099986527 -1.374732193e-08 1.459674318e-08)
(0.0109997223 9.683445214e-09 -1.069513987e-08)
(0.01099961838 1.994354211e-08 -2.043060232e-08)
(0.01099955459 2.55153093e-08 -2.535723731e-08)
(0.01099951266 2.353369838e-08 -2.56759332e-08)
(0.01099949089 2.302264758e-08 -2.370546605e-08)
(0.01099947897 2.035217581e-08 -2.119708656e-08)
(0.01099947971 1.87374122e-08 -1.64384146e-08)
(0.01099948017 1.575027183e-08 -1.567356457e-08)
(0.01099948763 1.432025521e-08 -1.46919014e-08)
(0.01099949511 1.640598147e-08 -1.65704886e-08)
(0.01099949814 1.317555458e-08 -1.508493648e-08)
(0.01100005624 -8.197383684e-07 4.722846374e-07)
(0.01100006352 1.142015234e-08 -8.382702121e-08)
(0.01099941892 1.674926702e-08 9.025677753e-08)
(0.01099930059 4.719294677e-08 2.140661253e-09)
(0.0109991562 5.231134045e-08 -3.539088299e-08)
(0.01099909207 4.226068241e-08 -4.303232812e-08)
(0.01099908219 3.38660876e-08 -4.528756042e-08)
(0.01099909949 2.722253314e-08 -4.045000317e-08)
(0.01099913265 2.075576124e-08 -3.366339659e-08)
(0.01099917213 1.792646753e-08 -2.784002204e-08)
(0.01099920966 1.282016281e-08 -2.437875633e-08)
(0.01099924961 1.167669937e-08 -2.040163228e-08)
(0.01099928689 8.809872758e-09 -1.668064094e-08)
(0.01099931965 9.849339642e-09 -1.836204379e-08)
(0.01099935113 8.700587198e-09 -1.517504147e-08)
(0.01099989328 5.66789107e-10 1.722574603e-06)
(0.01100019585 4.717137891e-11 -5.17278532e-07)
(0.01099887453 -2.630564589e-10 -4.380798695e-08)
(0.01099879384 -2.909466388e-09 -9.01077951e-08)
(0.01099872341 -1.366156059e-09 -9.988526085e-08)
(0.01099874131 -5.122226294e-10 -7.832755891e-08)
(0.01099880545 -1.270919945e-09 -6.164074313e-08)
(0.01099888139 1.410875546e-09 -4.745825458e-08)
(0.01099895594 1.850789095e-09 -3.716165851e-08)
(0.01099902461 -4.125100041e-10 -2.877096021e-08)
(0.0109990902 1.075331917e-10 -2.309275189e-08)
(0.01099914933 -8.729823246e-10 -1.938397476e-08)
(0.01099920342 1.59641059e-10 -1.610537849e-08)
(0.01099924751 -6.039727319e-10 -1.553823985e-08)
(0.01099929108 3.684377984e-10 -1.487182969e-08)
(0.01100005635 8.177533167e-07 4.731625115e-07)
(0.01100006025 -1.203854148e-08 -8.398453124e-08)
(0.01099941939 -1.775815906e-08 9.016477658e-08)
(0.01099930084 -4.964564796e-08 3.141042887e-09)
(0.01099915749 -5.271586719e-08 -3.56064792e-08)
(0.01099909413 -4.382943173e-08 -4.339168722e-08)
(0.01099908397 -3.392762406e-08 -4.424519131e-08)
(0.0109990992 -2.646775707e-08 -3.936241174e-08)
(0.01099913042 -2.139322948e-08 -3.193606873e-08)
(0.0109991672 -1.763645946e-08 -2.724069152e-08)
(0.01099921159 -1.290434438e-08 -2.198805247e-08)
(0.01099924764 -1.059944249e-08 -2.028742996e-08)
(0.01099928754 -9.191566129e-09 -1.823462884e-08)
(0.01099932035 -1.032668397e-08 -1.862061842e-08)
(0.01099935177 -8.744558742e-09 -1.624271545e-08)
(0.01100014307 3.382459668e-07 3.390560757e-07)
(0.01100030312 3.609265301e-08 3.618732232e-08)
(0.01099998553 6.120199298e-08 6.110843127e-08)
(0.01099986417 1.278357777e-08 1.366896937e-08)
(0.01099972183 -1.479309125e-08 -1.258599824e-08)
(0.01099961968 -2.245276131e-08 -2.084046488e-08)
(0.01099955786 -2.722000876e-08 -2.627735839e-08)
(0.01099951388 -2.839101133e-08 -2.628996806e-08)
(0.01099949199 -2.418309073e-08 -2.566294364e-08)
(0.01099948032 -1.946390868e-08 -2.136920999e-08)
(0.01099947579 -1.73357901e-08 -2.077500211e-08)
(0.01099948135 -1.689747993e-08 -1.802901872e-08)
(0.01099948593 -1.419152402e-08 -1.588062398e-08)
(0.01099949443 -1.412460534e-08 -1.576568186e-08)
(0.0109994977 -1.233303859e-08 -1.281005838e-08)
(0.01100028281 7.559775563e-08 2.189813886e-08)
(0.01100017338 5.99810289e-08 4.105677057e-08)
(0.0110001357 2.651427416e-08 2.058918753e-08)
(0.01100005936 5.672289109e-09 6.750730319e-09)
(0.01099998737 -6.754356948e-09 -2.432902741e-09)
(0.01099992184 -1.380691467e-08 -9.465317296e-09)
(0.01099986639 -1.59823428e-08 -1.272789967e-08)
(0.01099982037 -1.640872902e-08 -1.395908487e-08)
(0.01099977836 -1.647069679e-08 -1.412078684e-08)
(0.01099974326 -1.636228544e-08 -1.57247636e-08)
(0.01099971855 -1.614067438e-08 -1.522640773e-08)
(0.01099970031 -1.318041961e-08 -1.32243689e-08)
(0.01099967953 -1.450024005e-08 -1.405304322e-08)
(0.0109996627 -1.299472539e-08 -1.221439201e-08)
(0.01100026932 1.417908673e-08 2.82539415e-08)
(0.01100023775 1.657376479e-08 3.048952453e-08)
(0.01100023504 9.010693065e-09 1.791524829e-08)
(0.01100019602 2.066836757e-09 9.211465138e-09)
(0.0110001494 -1.302048846e-09 3.948952227e-09)
(0.01100009733 -2.916443344e-09 -2.352790421e-09)
(0.01100004455 -5.06226806e-09 -4.801586304e-09)
(0.01099999534 -6.705670913e-09 -8.293454015e-09)
(0.01099994934 -6.311990616e-09 -9.228890379e-09)
(0.0109999018 -6.932121983e-09 -1.080072731e-08)
(0.01099986138 -4.847616009e-09 -9.683520236e-09)
(0.01099982908 -5.794788842e-09 -1.04196168e-08)
(0.01099980065 -6.876466142e-09 -8.769191872e-09)
(0.0109997695 -4.720302298e-09 -8.186235368e-09)
(0.01100016355 -2.485521877e-08 6.897108983e-08)
(0.01100024108 -5.477836448e-09 3.640232552e-08)
(0.01100024454 -7.936535195e-09 3.169746537e-08)
(0.01100025931 -6.37221961e-09 2.256641093e-08)
(0.01100024454 -4.345437748e-09 1.367666982e-08)
(0.01100021884 -5.988481008e-10 8.278111537e-09)
(0.01100018856 7.598246438e-10 3.43379566e-09)
(0.0110001493 1.406301855e-09 -2.943029494e-10)
(0.01100010904 1.944470824e-09 -4.521249502e-09)
(0.01100006617 4.094957352e-09 -5.882032078e-09)
(0.01100002373 3.502234906e-09 -6.114576528e-09)
(0.01099998412 3.800104797e-09 -7.070863793e-09)
(0.01099994507 3.237319583e-09 -7.893558014e-09)
(0.01099991055 4.578688699e-09 -7.733432249e-09)
(0.0109998733 4.205599594e-09 -7.675668077e-09)
(0.01100016508 -1.076147376e-07 1.087238231e-07)
(0.01100025373 -4.503015344e-08 4.385766957e-08)
(0.01100022305 -4.085045526e-08 4.123668537e-08)
(0.0110002226 -2.407654996e-08 2.49799012e-08)
(0.01100018551 -1.327113362e-08 1.324347711e-08)
(0.01100014441 -4.318698899e-09 4.774871674e-09)
(0.01100010075 1.291366618e-09 -1.082510773e-09)
(0.0110000513 5.747334441e-09 -6.301602578e-09)
(0.01100000539 8.399182474e-09 -7.728312899e-09)
(0.01099996416 9.553546508e-09 -1.084531016e-08)
(0.01099991882 1.205268045e-08 -1.036577337e-08)
(0.0109998855 1.121876903e-08 -1.038062494e-08)
(0.0109998483 1.148049118e-08 -1.017046501e-08)
(0.01099982081 1.159528174e-08 -1.077701354e-08)
(0.01099979001 9.318428037e-09 -9.445617848e-09)
(0.01100016152 -1.350320837e-07 2.353112727e-07)
(0.01100028358 -2.160407104e-08 7.43912708e-08)
(0.01100017616 -4.176694227e-08 6.175448711e-08)
(0.01100013688 -2.320409392e-08 2.566588286e-08)
(0.01100005948 -6.570934839e-09 5.763144141e-09)
(0.01099998453 5.146048035e-10 -6.475403177e-09)
(0.01099992286 7.592977771e-09 -1.242457903e-08)
(0.01099986302 1.123939582e-08 -1.690757328e-08)
(0.01099981415 1.28453465e-08 -1.709616622e-08)
(0.01099978068 1.102021312e-08 -1.638089635e-08)
(0.01099974623 8.997163067e-09 -1.640098857e-08)
(0.01099971836 1.008775485e-08 -1.429831631e-08)
(0.01099969458 9.727560338e-09 -1.304732636e-08)
(0.01099968104 1.178294225e-08 -1.393679795e-08)
(0.0109996622 1.202516561e-08 -1.222233786e-08)
(0.01100016945 -2.805799866e-07 3.577205616e-07)
(0.01100025263 -2.651608697e-08 4.928570949e-08)
(0.01100001719 -1.877616768e-08 6.654979185e-08)
(0.01099996135 -8.677144289e-10 1.83057522e-08)
(0.01099985306 9.434659801e-09 -7.332515732e-09)
(0.01099976337 1.338863881e-08 -1.886946702e-08)
(0.01099969935 1.312046687e-08 -2.464256514e-08)
(0.0109996509 1.187042801e-08 -2.724130247e-08)
(0.01099961692 1.178619274e-08 -2.557173011e-08)
(0.01099959048 1.055731963e-08 -2.45383783e-08)
(0.01099957464 8.968379335e-09 -2.076973054e-08)
(0.01099956262 7.977069277e-09 -1.93079369e-08)
(0.01099955663 6.863334911e-09 -1.6828795e-08)
(0.01099955161 7.882629813e-09 -1.560915622e-08)
(0.01099954601 6.41460998e-09 -1.343192247e-08)
(0.01100019165 -5.843888267e-11 9.021968998e-07)
(0.01100039032 -5.442242039e-10 1.627200109e-08)
(0.0109999279 -9.171262303e-10 1.585657871e-08)
(0.01099983744 -6.774524955e-10 -3.259856481e-08)
(0.01099971837 -2.259342866e-09 -4.667034574e-08)
(0.01099963239 -1.821179362e-09 -4.343053458e-08)
(0.01099957851 -4.490697285e-10 -4.02043095e-08)
(0.01099954199 2.280924298e-09 -3.558757442e-08)
(0.01099952024 2.080959003e-09 -2.96544865e-08)
(0.01099950413 2.698183844e-10 -2.688307728e-08)
(0.01099949763 5.38452498e-11 -2.177776857e-08)
(0.0109994968 5.737613537e-10 -1.867625595e-08)
(0.01099949616 1.041443732e-09 -1.507945376e-08)
(0.01099949802 -8.310543179e-10 -1.693223795e-08)
(0.01099950306 1.537822952e-10 -1.287332924e-08)
(0.01100016927 2.797927944e-07 3.562593243e-07)
(0.01100025201 2.547310235e-08 4.711315415e-08)
(0.01100001611 1.762021168e-08 6.671315588e-08)
(0.01099995954 -2.465690391e-09 1.774327322e-08)
(0.01099985324 -1.311172658e-08 -8.868688342e-09)
(0.01099976923 -1.542399196e-08 -2.064498689e-08)
(0.01099970332 -1.385421923e-08 -2.634956881e-08)
(0.01099965172 -1.111739755e-08 -2.776255691e-08)
(0.01099961375 -1.148713724e-08 -2.565263306e-08)
(0.01099958718 -9.161203804e-09 -2.410586213e-08)
(0.01099957367 -8.633466038e-09 -2.067851184e-08)
(0.01099956294 -8.408503496e-09 -1.866622817e-08)
(0.01099955421 -7.78512183e-09 -1.679843176e-08)
(0.01099955079 -8.132823684e-09 -1.689805636e-08)
(0.01099955126 -8.555642804e-09 -1.36032282e-08)
(0.01100016285 1.353064015e-07 2.359580108e-07)
(0.01100028382 2.197905885e-08 7.310844259e-08)
(0.01100017444 4.09855835e-08 6.114529275e-08)
(0.0110001367 2.110520083e-08 2.633241581e-08)
(0.01100005928 7.212900941e-09 6.456704778e-09)
(0.01099998846 -2.95288945e-09 -7.972946232e-09)
(0.01099992259 -9.43135891e-09 -1.353710909e-08)
(0.010999866 -1.454820364e-08 -1.761599307e-08)
(0.01099981742 -1.552716651e-08 -1.670164543e-08)
(0.01099977723 -1.266706238e-08 -1.779821036e-08)
(0.01099974656 -1.264164023e-08 -1.745120996e-08)
(0.01099971865 -1.345861426e-08 -1.584799187e-08)
(0.01099969877 -1.23235158e-08 -1.216336969e-08)
(0.01099968106 -1.300780799e-08 -1.308919147e-08)
(0.01099966711 -9.657405471e-09 -1.283872907e-08)
(0.01100016702 1.070575811e-07 1.09158708e-07)
(0.01100025608 4.383187563e-08 4.214291451e-08)
(0.0110002212 4.052963263e-08 4.115601983e-08)
(0.01100022229 2.318640494e-08 2.575252345e-08)
(0.01100018792 1.281491615e-08 1.352439788e-08)
(0.01100014782 4.841948224e-09 4.813549295e-09)
(0.01100010087 -2.486857278e-09 -2.529529881e-09)
(0.0110000537 -6.772861596e-09 -5.536421238e-09)
(0.0110000091 -8.79382308e-09 -9.409000817e-09)
(0.0109999585 -9.444549417e-09 -9.205073943e-09)
(0.01099991844 -1.199736006e-08 -1.026073479e-08)
(0.01099988386 -1.174537321e-08 -1.167187392e-08)
(0.01099984974 -1.000198471e-08 -1.181260816e-08)
(0.01099982227 -1.010154018e-08 -1.200815521e-08)
(0.01099979152 -1.003399271e-08 -9.489506731e-09)
(0.0110002444 7.439030423e-09 3.474201591e-08)
(0.01100024416 8.276736408e-09 3.07221139e-08)
(0.01100025981 7.802646553e-09 2.016140448e-08)
(0.01100024333 2.297728788e-09 1.215328795e-08)
(0.01100022206 5.207902731e-10 7.689430248e-09)
(0.01100019183 3.38607911e-10 2.927362648e-09)
(0.01100015133 -1.873503485e-09 -1.949325302e-09)
(0.01100011191 -2.613543339e-09 -4.249902546e-09)
(0.01100006474 -5.207398928e-09 -6.229241268e-09)
(0.01100002513 -5.064151593e-09 -7.587240225e-09)
(0.01099998354 -2.890977409e-09 -8.416366837e-09)
(0.01099994366 -2.781572584e-09 -8.788817457e-09)
(0.01099991023 -2.940518424e-09 -9.26339758e-09)
(0.0109998712 -2.922412545e-09 -8.064168494e-09)
(0.01100016386 -1.748549562e-08 1.874612531e-08)
(0.01100023295 -6.563535583e-09 8.406746311e-09)
(0.01100024888 -5.959101813e-09 9.381176052e-09)
(0.01100027069 -5.149585113e-09 6.261508125e-09)
(0.01100026721 -4.917851748e-09 3.972267461e-09)
(0.01100025677 9.228575582e-10 4.556094059e-09)
(0.01100023332 -1.56837467e-10 1.280286826e-09)
(0.0110002067 3.754683176e-10 1.302775528e-09)
(0.01100017272 2.143103435e-09 -1.064190719e-09)
(0.01100013877 2.248200086e-10 -2.971836248e-09)
(0.01100009706 2.785519527e-09 -2.97522392e-09)
(0.01100006018 2.853696848e-09 -3.833649301e-09)
(0.01100001254 2.090907617e-09 -2.436848729e-09)
(0.01099997946 3.680934471e-09 -1.686121811e-09)
(0.01099993806 2.417880579e-09 -1.378751974e-09)
(0.01100016582 -6.890011117e-08 2.604211569e-08)
(0.01100024288 -3.739375082e-08 6.988776244e-09)
(0.01100024334 -3.223005573e-08 9.458415891e-09)
(0.01100025928 -2.12074113e-08 6.436113922e-09)
(0.01100024356 -1.349637642e-08 4.288040829e-09)
(0.01100022055 -8.716132298e-09 3.759787923e-09)
(0.01100018766 -3.152334242e-09 5.849786955e-10)
(0.01100014949 -3.52501329e-10 6.614365762e-10)
(0.01100010978 4.356719595e-09 -6.562987991e-10)
(0.0110000648 5.695246798e-09 -3.704168846e-09)
(0.01100002578 5.980046561e-09 -5.436257413e-09)
(0.01099998332 8.20852735e-09 -4.718123955e-09)
(0.01099994155 7.152110238e-09 -3.600828288e-09)
(0.01099990971 7.251234589e-09 -3.944614407e-09)
(0.01099987223 7.248756481e-09 -2.593034029e-09)
(0.01100016313 -8.406508713e-08 5.685035081e-08)
(0.01100027024 -2.843968462e-08 1.519252282e-08)
(0.0110002425 -3.043009744e-08 1.499929319e-08)
(0.01100023855 -1.998624006e-08 8.374484836e-09)
(0.01100019357 -1.1108899e-08 2.560105942e-09)
(0.01100014988 -5.105700046e-09 1.131908639e-09)
(0.01100009691 9.782913719e-10 -1.099586709e-09)
(0.01100004221 3.109893569e-09 -4.798421486e-09)
(0.01099999354 5.072442594e-09 -5.702521756e-09)
(0.01099994496 8.667904663e-09 -7.107493212e-09)
(0.01099990619 8.394752876e-09 -7.556790564e-09)
(0.01099986336 8.058133276e-09 -5.428813608e-09)
(0.01099982716 8.624097664e-09 -6.166570927e-09)
(0.01099979725 9.845057152e-09 -5.292954463e-09)
(0.01099976808 8.947651395e-09 -4.138826593e-09)
(0.01100017125 -1.38342508e-07 7.368074505e-08)
(0.01100028439 -4.23800768e-08 1.363412333e-09)
(0.01100019988 -2.556707949e-08 1.861113306e-08)
(0.01100018036 -1.015239408e-08 7.460187669e-09)
(0.01100011851 -1.293686748e-09 5.67164779e-10)
(0.01100005377 1.484397502e-09 -4.045405767e-09)
(0.01099998645 4.433303615e-09 -5.186540594e-09)
(0.01099992456 6.198606472e-09 -6.682426026e-09)
(0.01099987308 5.425011067e-09 -6.833732948e-09)
(0.01099982471 6.653922309e-09 -6.441780395e-09)
(0.010999786 6.279335164e-09 -6.209597496e-09)
(0.01099975068 6.165558487e-09 -5.426783378e-09)
(0.01099972118 6.34445001e-09 -4.328096967e-09)
(0.0109996952 6.437648082e-09 -6.64140023e-09)
(0.0109996732 6.504264527e-09 -5.582345335e-09)
(0.01100018075 -4.850541082e-10 1.932314171e-07)
(0.01100036184 -1.156778371e-09 -2.164530489e-09)
(0.01100020826 -1.531066913e-10 9.312743845e-09)
(0.01100016018 -3.952771477e-10 -7.933893259e-10)
(0.01100007637 -2.44262486e-09 -8.875831535e-09)
(0.01099999979 -2.67983366e-09 -1.02308701e-08)
(0.01099993001 -1.609830171e-09 -1.048044746e-08)
(0.01099986891 2.014122144e-10 -9.728225691e-09)
(0.01099981634 1.365401036e-09 -9.700634456e-09)
(0.01099976999 5.324960519e-11 -7.763269761e-09)
(0.01099973125 -7.39426699e-10 -7.557555765e-09)
(0.01099969973 -9.208105729e-10 -6.338618205e-09)
(0.01099967783 -7.09817132e-10 -6.626387302e-09)
(0.01099965688 -7.253917781e-11 -7.450744925e-09)
(0.01099963866 -3.422890952e-10 -5.639039278e-09)
(0.01100016755 1.371691088e-07 7.326851027e-08)
(0.01100028155 3.863494276e-08 -5.139895169e-10)
(0.01100020142 2.377335325e-08 1.865592888e-08)
(0.01100018093 7.319006594e-09 9.194660692e-09)
(0.01100011961 -8.440332815e-10 7.958182601e-10)
(0.01100005226 -4.230271442e-09 -3.356438869e-09)
(0.01099999045 -6.995275082e-09 -4.773951443e-09)
(0.01099992852 -7.249796808e-09 -7.377504209e-09)
(0.0109998716 -6.545640396e-09 -8.880191487e-09)
(0.01099982277 -7.422544649e-09 -8.428046089e-09)
(0.0109997844 -6.626169765e-09 -7.743255467e-09)
(0.0109997484 -6.82440668e-09 -5.522718969e-09)
(0.01099971691 -5.757887105e-09 -5.15115765e-09)
(0.01099969801 -7.057287221e-09 -7.294195472e-09)
(0.01099967512 -6.194201701e-09 -4.81819948e-09)
(0.01100015673 8.410300076e-08 5.599587985e-08)
(0.01100026956 2.977631152e-08 1.295637081e-08)
(0.0110002411 2.903309526e-08 1.554354286e-08)
(0.01100023818 1.767752714e-08 8.373408796e-09)
(0.01100019527 9.006461057e-09 2.951328389e-09)
(0.01100014969 1.815771221e-09 -7.174762945e-10)
(0.01100009963 -2.754503026e-09 -3.16836305e-09)
(0.01100004664 -3.645968196e-09 -6.415235601e-09)
(0.01099999682 -9.303594144e-09 -6.391924221e-09)
(0.01099994423 -8.512317686e-09 -7.062544309e-09)
(0.01099990201 -8.459411979e-09 -6.298190131e-09)
(0.01099986426 -1.023151434e-08 -7.087534097e-09)
(0.0109998297 -1.004509733e-08 -4.753409212e-09)
(0.01099979806 -1.050204693e-08 -5.554343494e-09)
(0.01099976937 -7.94410445e-09 -3.512484829e-09)
(0.01100016304 6.962839414e-08 2.625987188e-08)
(0.01100024335 3.615704606e-08 7.449487172e-09)
(0.01100024374 3.163784379e-08 8.925978688e-09)
(0.01100025673 2.001617464e-08 5.813732162e-09)
(0.01100024438 1.043175552e-08 3.428142284e-09)
(0.01100022234 7.295439527e-09 2.865820436e-09)
(0.01100019043 2.663559692e-09 -8.921468509e-11)
(0.01100015006 -2.570915419e-09 -1.669571516e-09)
(0.01100011113 -3.941460313e-09 -3.393848384e-09)
(0.01100006405 -4.645784793e-09 -5.675005305e-09)
(0.0110000237 -6.958618939e-09 -6.468742118e-09)
(0.01099998367 -8.26435726e-09 -3.287513601e-09)
(0.0109999439 -9.485778974e-09 -3.900801721e-09)
(0.01099991121 -8.614131386e-09 -3.349956711e-09)
(0.01099987239 -8.001004058e-09 -2.799654692e-09)
(0.01100016262 1.811101877e-08 1.875825928e-08)
(0.01100023246 6.065722464e-09 7.0573693e-09)
(0.01100024663 6.102964511e-09 7.795221942e-09)
(0.01100027075 4.238424629e-09 5.266146068e-09)
(0.01100026643 3.6669341e-09 3.631903594e-09)
(0.01100025801 8.923991671e-10 6.87160536e-10)
(0.0110002397 -6.107074594e-10 -8.386086669e-10)
(0.01100021017 -1.705536969e-09 -1.077606575e-09)
(0.01100017659 -1.817232659e-09 -2.12019886e-09)
(0.01100013466 -2.234813688e-09 -2.018450431e-09)
(0.01100009505 -3.680406427e-09 -2.3664178e-09)
(0.01100005714 -2.479549826e-09 -4.017253601e-09)
(0.01100001762 -1.707748179e-09 -2.581627321e-09)
(0.01099998109 -2.188447761e-09 -3.285881323e-09)
(0.01099993975 -2.448146168e-09 -2.374449448e-09)
)
;

boundaryField
{
    top
    {
        type            slip;
    }
    bottom
    {
        type            slip;
    }
    side-walls
    {
        type            slip;
    }
    inlet
    {
        type            fixedValue;
        value           nonuniform 0();
    }
    outlet
    {
        type            zeroGradient;
    }
    procBoundary1to0
    {
        type            processor;
        value           nonuniform List<vector> 
97
(
(0.01100016851 -1.911827912e-08 -1.554963338e-08)
(0.01100016851 -1.911827912e-08 -1.554963338e-08)
(0.01100016416 -7.007503504e-08 -2.478909847e-08)
(0.01100016083 -8.352052964e-08 -5.702442907e-08)
(0.01100016951 -1.402033216e-07 -7.473891924e-08)
(0.01100017609 1.331662014e-09 -1.941993649e-07)
(0.01100016749 1.386233592e-07 -7.462983219e-08)
(0.01100015941 8.491081024e-08 -5.606714864e-08)
(0.01100016134 6.863663921e-08 -2.642630665e-08)
(0.01100016352 1.936932802e-08 -1.747083979e-08)
(0.01100009821 -9.08349917e-09 -2.989240349e-08)
(0.01100016908 -1.074868781e-07 -1.103249722e-07)
(0.01100016908 -1.074868781e-07 -1.103249722e-07)
(0.01100016908 -1.074868781e-07 -1.103249722e-07)
(0.011000164 -1.34481336e-07 -2.353787705e-07)
(0.01100016922 -2.813067015e-07 -3.578584218e-07)
(0.01100018701 2.291012175e-10 -9.008429189e-07)
(0.01100016635 2.804330538e-07 -3.556195936e-07)
(0.01100016209 1.339551248e-07 -2.345979726e-07)
(0.01100016588 1.075152327e-07 -1.088076156e-07)
(0.01100016454 2.702930759e-08 -7.013121632e-08)
(0.0110000672 -1.655135838e-08 -3.316707606e-08)
(0.01100002787 -8.050356325e-08 -3.968821576e-08)
(0.01100014177 -3.344017008e-07 -3.40457403e-07)
(0.01100014177 -3.344017008e-07 -3.40457403e-07)
(0.01100014177 -3.344017008e-07 -3.40457403e-07)
(0.01100005562 -8.177070397e-07 -4.73553176e-07)
(0.01099988986 -4.216858988e-10 -1.724178792e-06)
(0.01100005474 8.207909278e-07 -4.740740874e-07)
(0.01100014328 3.379103725e-07 -3.395112954e-07)
(0.01100016364 2.350302259e-07 -1.355249325e-07)
(0.01100016011 5.717040574e-08 -8.45912515e-08)
(0.011000047 -1.548272757e-08 -5.678441731e-08)
(0.0109999991 -9.796625903e-08 -9.794089512e-08)
(0.01099983069 -9.155669308e-08 -2.572525599e-07)
(0.01099926347 -1.666072452e-06 -1.666553188e-06)
(0.01099926347 -1.666072452e-06 -1.666553188e-06)
(0.01099926347 -1.666072452e-06 -1.666553188e-06)
(0.01099670397 1.19498448e-09 -8.12811302e-06)
(0.01099926473 1.666936707e-06 -1.666671902e-06)
(0.01100005486 4.719575199e-07 -8.186986594e-07)
(0.01100016854 3.56354139e-07 -2.808915004e-07)
(0.0110001694 7.425417583e-08 -1.38346759e-07)
(0.01099997108 -5.520105416e-08 -7.998325581e-10)
(0.01099983174 -2.768003483e-07 1.981596802e-09)
(0.01099935681 -5.089126195e-07 1.093027888e-09)
(0.01099918033 -2.457903517e-06 4.592867816e-10)
(0.01097347402 1.835516241e-09 -1.381734119e-09)
(0.01097347402 1.835516241e-09 -1.381734119e-09)
(0.01097347402 1.835516241e-09 -1.381734119e-09)
(0.01099670181 8.128455928e-06 -1.632062945e-10)
(0.01099670181 8.128455928e-06 -1.632062945e-10)
(0.0109998869 1.72223211e-06 -2.295721948e-09)
(0.01100018433 9.027763466e-07 5.334003536e-10)
(0.01100017737 1.929730274e-07 -6.667079672e-10)
(0.01100004645 -1.680454732e-08 5.770607882e-08)
(0.01099999725 -9.652537705e-08 9.748778793e-08)
(0.01099983224 -9.029486386e-08 2.583496793e-07)
(0.01099993552 -5.184398527e-07 5.174246723e-07)
(0.01099918408 -5.4498783e-10 2.458759451e-06)
(0.01099993779 5.162909028e-07 5.184075114e-07)
(0.01100005594 4.733683477e-07 8.193121008e-07)
(0.01100005594 4.733683477e-07 8.193121008e-07)
(0.01100005594 4.733683477e-07 8.193121008e-07)
(0.01100016856 3.570086421e-07 2.812174564e-07)
(0.01100017002 7.520759504e-08 1.396832911e-07)
(0.01100006361 -1.857036162e-08 3.286224785e-08)
(0.01100002643 -7.880826254e-08 3.839341864e-08)
(0.01099990275 -8.976375265e-08 8.684996731e-08)
(0.01099983195 -2.583871931e-07 9.045104026e-08)
(0.01099935717 1.167170024e-09 5.089053863e-07)
(0.0109998322 2.568745953e-07 9.061685819e-08)
(0.01099990432 8.921984086e-08 8.88174734e-08)
(0.01100016171 2.382733969e-07 1.347300051e-07)
(0.01100016171 2.382733969e-07 1.347300051e-07)
(0.01100016171 2.382733969e-07 1.347300051e-07)
(0.01100016143 5.660262159e-08 8.475393633e-08)
(0.01100009875 -7.6414549e-09 3.199782728e-08)
(0.01100007929 -4.328550287e-08 4.111734452e-08)
(0.011000028 -3.959621113e-08 7.836519518e-08)
(0.01099999759 -9.875601103e-08 9.566232759e-08)
(0.01099983174 1.324271013e-09 2.760297148e-07)
(0.01099999571 9.707321797e-08 9.668166649e-08)
(0.0110000288 3.891929024e-08 7.861938004e-08)
(0.0110000815 4.197978402e-08 4.123435739e-08)
(0.01100016505 2.573060864e-08 6.792310513e-08)
(0.01100016505 2.573060864e-08 6.792310513e-08)
(0.01100016505 2.573060864e-08 6.792310513e-08)
(0.01100010864 -8.609283365e-09 8.606768839e-09)
(0.01100009922 -3.358322316e-08 8.305561278e-09)
(0.01100006745 -3.299442588e-08 1.630747162e-08)
(0.0110000465 -5.646478218e-08 1.503593329e-08)
(0.0109999723 -5.027347481e-10 5.573408972e-08)
(0.01100004841 5.752911368e-08 1.322944447e-08)
(0.01100006537 3.238970338e-08 1.661552059e-08)
(0.0110000973 3.406554405e-08 1.036108807e-08)
(0.01100010986 7.167673583e-09 7.297949173e-09)
)
;
    }
}


// ************************************************************************* //
