/*--------------------------------*- C++ -*----------------------------------*\
| =========                 |                                                 |
| \\      /  F ield         | OpenFOAM: The Open Source CFD Toolbox           |
|  \\    /   O peration     | Version:  4.x                                   |
|   \\  /    A nd           | Web:      www.OpenFOAM.org                      |
|    \\/     M anipulation  |                                                 |
\*---------------------------------------------------------------------------*/
FoamFile
{
    version     2.0;
    format      ascii;
    class       surfaceScalarField;
    location    "3000";
    object      phi;
}
// * * * * * * * * * * * * * * * * * * * * * * * * * * * * * * * * * * * * * //

dimensions      [1 0 -1 0 0 0 0];

internalField   nonuniform List<scalar> 
3172
(
9.47560403e-06
-3.392681924e-11
-3.380759556e-11
9.475670945e-06
-3.162523127e-11
-3.19202254e-11
9.475718356e-06
-2.630310744e-11
-2.486738061e-11
9.47575563e-06
-1.734106928e-11
-1.645178716e-11
9.475780418e-06
-1.160828931e-11
-1.036968583e-11
9.475793269e-06
-7.519017834e-12
-5.081143945e-12
9.475799303e-06
-4.918014331e-12
-3.105150865e-12
9.475801046e-06
-1.336789291e-12
-1.477310656e-12
9.475800829e-06
1.482279852e-12
1.798339613e-12
9.47579373e-06
2.093748093e-12
2.672288491e-12
9.475789255e-06
3.879079063e-12
5.895261013e-12
9.475780753e-06
3.415499326e-12
4.070086342e-12
9.475767928e-06
4.378371008e-12
6.294373781e-12
5.251062096e-12
4.820982059e-12
9.475577282e-06
-6.407319621e-11
-4.197021629e-11
9.475642938e-06
-5.896501143e-11
-4.32851798e-11
9.475691829e-06
-4.234771248e-11
-2.947295189e-11
9.475721968e-06
-2.874009095e-11
-1.857658457e-11
9.475740477e-06
-1.68512981e-11
-1.057752199e-11
9.475744974e-06
-9.864863956e-12
-4.518380915e-12
9.475747212e-06
-4.575340774e-12
1.100750819e-12
9.475745508e-06
-1.491685264e-13
2.628937638e-12
9.475738959e-06
1.839715544e-12
3.2050108e-12
9.475730436e-06
3.014698588e-12
4.38653329e-12
9.47572357e-06
4.876359169e-12
5.651256278e-12
9.475717476e-06
5.097150082e-12
7.336125357e-12
9.475708668e-06
8.639736811e-12
8.959269205e-12
7.879729215e-12
7.070111616e-12
9.475645814e-06
-5.952424428e-11
-8.3836087e-11
9.47571351e-06
-5.307560602e-11
-7.473357476e-11
9.475751999e-06
-3.587165532e-11
-4.414080633e-11
9.475770201e-06
-2.074300405e-11
-2.184282764e-11
9.475770886e-06
-1.279876515e-11
-9.166622295e-12
9.475764762e-06
-4.970386617e-12
1.681450508e-12
9.475759058e-06
-7.873215561e-13
6.932037081e-12
9.47574967e-06
1.289361379e-12
7.900733571e-12
9.475741303e-06
4.834373846e-12
8.071792615e-12
9.475734074e-06
5.756762178e-12
7.177191336e-12
9.475726479e-06
6.258384238e-12
7.989880237e-12
9.475722708e-06
6.50340204e-12
8.969370663e-12
9.475713515e-06
9.016456776e-12
9.181058393e-12
9.455874538e-12
8.296154417e-12
9.4757107e-06
-4.603396587e-11
-7.324119935e-11
9.475769589e-06
-3.347934443e-11
-7.939465532e-11
9.47579567e-06
-1.90473579e-11
-3.861902295e-11
9.4757986e-06
-1.064719558e-11
-1.139274433e-11
9.475791602e-06
-6.391516062e-12
2.056686727e-12
9.475779057e-06
-3.02557688e-12
8.769000654e-12
9.475768461e-06
-1.260700316e-12
1.236532748e-11
9.475759635e-06
-1.147730643e-12
1.355642564e-11
9.475750805e-06
-2.802782325e-13
1.195104244e-11
9.47574365e-06
1.101788414e-12
8.171191025e-12
9.47573861e-06
1.157545782e-12
8.777819015e-12
9.475736893e-06
3.164690195e-12
9.65551703e-12
9.475734433e-06
3.967789181e-12
1.142795498e-11
4.134138961e-12
9.413458554e-12
9.475778105e-06
4.653041452e-11
-1.5251204e-10
9.47581398e-06
3.460908447e-11
-1.005327212e-10
9.475817204e-06
1.948432443e-11
-3.928702458e-11
9.47580249e-06
1.003794409e-11
-4.149992988e-12
9.475786292e-06
4.664003258e-12
7.3164282e-12
9.475769576e-06
8.929777484e-13
1.047867721e-11
9.475757287e-06
-7.425657926e-14
1.247812167e-11
9.475748425e-06
-5.380670752e-14
1.388319305e-11
9.475737802e-06
-1.868443015e-12
1.094071664e-11
9.475732186e-06
-2.333140459e-12
9.087160054e-12
9.475730265e-06
-2.694107042e-12
8.485370827e-12
9.475726139e-06
-5.885871131e-13
7.255527396e-12
9.475725844e-06
-1.806029513e-12
9.970539716e-12
-2.252007668e-12
9.260397362e-12
9.475699597e-06
6.130678255e-11
-7.403155379e-11
9.475756801e-06
5.226494509e-11
-8.061003149e-11
9.475782396e-06
3.468043425e-11
-3.80874286e-11
9.475786783e-06
2.071582927e-11
-1.07334521e-11
9.475779629e-06
1.213043541e-11
2.360800322e-12
9.475769235e-06
3.995200635e-12
9.518357546e-12
9.47575996e-06
-1.214091756e-13
1.335641873e-11
9.475748236e-06
-2.016000399e-12
1.285482711e-11
9.475739877e-06
-3.91913537e-12
1.215628315e-11
9.475734872e-06
-5.279746345e-12
1.048722263e-11
9.475730957e-06
-5.296001529e-12
9.616851777e-12
9.475726784e-06
-7.409260625e-12
7.401833176e-12
9.475722918e-06
-9.811535127e-12
1.005020743e-11
-8.416317394e-12
9.077751825e-12
9.47563444e-06
6.183269857e-11
-8.490460295e-11
9.475705563e-06
5.68411763e-11
-7.296879234e-11
9.47574055e-06
4.274715414e-11
-4.287157359e-11
9.475756826e-06
3.005411559e-11
-2.263945439e-11
9.475757654e-06
1.796709915e-11
-8.505883913e-12
9.475754e-06
1.045045152e-11
1.389925226e-12
9.47574909e-06
5.467472142e-12
7.020361129e-12
9.47573935e-06
-9.137035548e-14
7.056014727e-12
9.475730374e-06
-4.75224179e-12
8.07831367e-12
9.475723804e-06
-5.270720018e-12
7.461806096e-12
9.475716636e-06
-6.999503829e-12
1.02067162e-11
9.475711061e-06
-7.788150204e-12
7.769553697e-12
9.475704244e-06
-9.006348185e-12
9.600982529e-12
-8.608817774e-12
7.93258389e-12
9.475627076e-06
3.466800665e-11
-4.188778767e-11
9.47569371e-06
3.348757179e-11
-4.160430612e-11
9.47574006e-06
2.484845208e-11
-2.99119193e-11
9.475770719e-06
1.655381282e-11
-1.936558283e-11
9.47578872e-06
1.091981879e-11
-1.189442477e-11
9.475796999e-06
7.625909678e-12
-4.166220255e-12
9.475799114e-06
6.287169975e-12
-1.184974353e-13
9.475792554e-06
3.335056668e-12
2.150372229e-12
9.475791214e-06
2.000846569e-12
6.671203758e-12
9.475783217e-06
-2.85808332e-12
5.141920228e-12
9.475775266e-06
-4.190088996e-12
7.923227512e-12
9.475769008e-06
-5.584685381e-12
7.062116491e-12
9.475759113e-06
-5.699742836e-12
9.495220136e-12
-5.734430789e-12
6.833830269e-12
9.475605498e-06
-3.332623647e-11
9.475669998e-06
-3.183772718e-11
9.475719683e-06
-2.5040351e-11
9.475756349e-06
-1.807625141e-11
9.475780798e-06
-1.302208232e-11
9.475794173e-06
-7.637547642e-12
9.475800536e-06
-2.845106095e-12
9.475800536e-06
-1.364136921e-12
9.475799199e-06
4.861293042e-13
9.475795713e-06
2.492650441e-12
9.475788307e-06
5.042221757e-12
9.475782819e-06
7.043993612e-12
9.475770821e-06
6.971295233e-12
6.408359638e-12
9.475540649e-06
-1.079915522e-10
9.475610381e-06
-4.187706621e-11
-6.10873894e-11
9.475678265e-06
-4.273416691e-11
-5.685464114e-11
9.475725975e-06
-3.005081444e-11
-4.174642985e-11
9.475755321e-06
-1.880211335e-11
-2.793994764e-11
9.475775029e-06
-1.082332482e-11
-1.696662047e-11
9.47577854e-06
-5.677079945e-12
-9.778756901e-12
9.47577985e-06
4.718086863e-13
-3.339055339e-12
9.475777684e-06
3.248271181e-12
2.425623914e-12
9.475771538e-06
4.337981844e-12
4.410157531e-12
9.475766763e-06
4.891123979e-12
6.808489873e-12
9.475757306e-06
4.516835266e-12
7.396662227e-12
9.475750546e-06
7.112695979e-12
8.825300985e-12
9.475734981e-06
7.373101575e-12
9.341845922e-12
7.568587912e-12
1.025461951e-11
9.475684085e-06
-7.785058099e-11
-7.722624864e-11
9.475748441e-06
-7.382429409e-11
-7.350022773e-11
9.475786203e-06
-4.945473355e-11
-4.813189783e-11
9.475802447e-06
-2.819466316e-11
-2.858893137e-11
9.475807833e-06
-1.470672968e-11
-1.327963502e-11
9.475807863e-06
-2.437113908e-12
-2.589862771e-12
9.475804433e-06
2.193846534e-12
3.757615203e-12
9.475798242e-06
7.3484348e-12
6.110610881e-12
9.475791431e-06
7.949911651e-12
8.159278016e-12
9.475785123e-06
8.474899242e-12
8.135919989e-12
9.475781121e-06
8.542874346e-12
9.426823363e-12
9.475774231e-06
9.084463588e-12
7.424902706e-12
9.475764576e-06
1.0453433e-11
9.612881075e-12
1.065465878e-11
1.097283393e-11
9.475736609e-06
-7.203776394e-11
-1.515249863e-10
9.475783258e-06
-6.689199843e-11
-1.277212661e-10
9.475795476e-06
-3.7118967e-11
-6.73426744e-11
9.47578781e-06
-1.630295518e-11
-2.773558549e-11
9.475777194e-06
-5.240122802e-12
-5.988439031e-12
9.47576222e-06
8.299179449e-13
6.178896854e-12
9.475752456e-06
4.26330775e-12
1.109706859e-11
9.475743178e-06
6.332049766e-12
1.250834682e-11
9.475739414e-06
7.520877343e-12
1.333819293e-11
9.475737297e-06
6.848626362e-12
1.286393823e-11
9.475734248e-06
7.036566382e-12
1.219675075e-11
9.475731305e-06
7.4880194e-12
1.146233893e-11
9.475731325e-06
1.136780132e-11
1.456950614e-11
1.066407386e-11
1.343125039e-11
9.475773352e-06
-4.307041245e-11
-8.297801976e-11
9.475787455e-06
-3.526459322e-11
-1.236362714e-10
9.475778755e-06
-1.778526143e-11
-4.582334172e-11
9.475756028e-06
-6.425788965e-12
1.609306619e-13
9.475737928e-06
-1.958489771e-12
1.64943027e-11
9.475725408e-06
-3.038291818e-13
2.41146015e-11
9.475720794e-06
1.386453055e-12
2.452988511e-11
9.475715864e-06
1.307163374e-12
1.945715455e-11
9.475714314e-06
1.287058534e-12
1.732675574e-11
9.475716359e-06
2.844944209e-12
1.624494913e-11
9.475720044e-06
3.128187041e-12
1.484766495e-11
9.475723881e-06
2.757355506e-12
1.334711144e-11
9.475728315e-06
4.074856984e-12
1.706389209e-11
4.669573423e-12
1.494478361e-11
9.475839558e-06
4.292120502e-11
-1.345908035e-10
9.475777234e-06
3.623941955e-11
-1.111934181e-10
9.475728843e-06
1.882832359e-11
-2.615551983e-11
9.475687194e-06
5.247324832e-12
1.973110591e-11
9.475666215e-06
1.126072191e-12
2.713301273e-11
9.475655861e-06
-2.784885494e-12
2.857630586e-11
9.475652432e-06
-1.413563204e-12
2.530391523e-11
9.475646762e-06
-5.060265229e-12
1.914228264e-11
9.475650037e-06
-3.41126333e-12
1.532602339e-11
9.475653001e-06
-3.266297157e-12
1.39537841e-11
9.47565729e-06
-2.616667982e-12
1.335104433e-11
9.475660899e-06
-3.20188462e-12
1.132656788e-11
9.475665889e-06
-3.152145219e-12
1.579239884e-11
-3.840121056e-12
1.363551203e-11
9.47575223e-06
7.288550676e-11
-8.231387287e-11
9.475767804e-06
6.789917043e-11
-1.232985353e-10
9.475755199e-06
3.674339076e-11
-4.54682262e-11
9.475734141e-06
1.495926663e-11
2.761141222e-12
9.475716707e-06
5.217713315e-12
1.897809131e-11
9.475706627e-06
-1.885499271e-12
2.473368705e-11
9.475698322e-06
-5.942745445e-12
2.408033122e-11
9.475697038e-06
-7.390055097e-12
2.299011121e-11
9.475696077e-06
-9.119877495e-12
1.854535619e-11
9.475697991e-06
-8.70952398e-12
1.534207311e-11
9.475700281e-06
-6.356634151e-12
1.454936584e-11
9.475706465e-06
-7.854852829e-12
1.170097049e-11
9.475708322e-06
-1.115421382e-11
1.546728261e-11
-9.731923773e-12
1.432417452e-11
9.475723177e-06
7.798997848e-11
-1.506900087e-10
9.475771636e-06
7.302719493e-11
-1.267790196e-10
9.475780102e-06
4.947909545e-11
-6.639615162e-11
9.475774757e-06
3.068072107e-11
-2.492477763e-11
9.475760997e-06
1.353896996e-11
-6.533598746e-12
9.475750654e-06
4.274982409e-12
7.089465003e-12
9.475740672e-06
-1.765755668e-12
1.365888008e-11
9.475734593e-06
-5.387874673e-12
1.438410425e-11
9.475727812e-06
-6.571366068e-12
1.396507562e-11
9.475727517e-06
-8.372059542e-12
1.273788379e-11
9.475722069e-06
-9.40889212e-12
1.315652028e-11
9.475723328e-06
-9.084674765e-12
1.316738166e-11
9.475720819e-06
-1.037681655e-11
1.414918935e-11
-1.027021669e-11
1.304641239e-11
9.475648664e-06
4.295610815e-11
-7.638970637e-11
9.475711512e-06
4.300325609e-11
-7.193480917e-11
9.475748432e-06
2.954154412e-11
-4.881261398e-11
9.475766302e-06
1.83632662e-11
-2.762647049e-11
9.475773742e-06
1.054197955e-11
-1.377808236e-11
9.475773716e-06
5.32472104e-12
-3.675147739e-12
9.475766944e-06
1.683663968e-12
2.746608438e-12
9.475763437e-06
-1.043024299e-12
5.872219465e-12
9.475755325e-06
-4.147210643e-12
6.379713953e-12
9.47575115e-06
-5.435435682e-12
8.120184949e-12
9.475742191e-06
-6.280864908e-12
9.213187257e-12
9.475738544e-06
-5.754821798e-12
1.111978478e-11
9.475731931e-06
-8.424360086e-12
1.054005263e-11
-6.488255338e-12
1.029882264e-11
9.475602563e-06
-6.268002036e-11
9.475668587e-06
-5.672158861e-11
9.475716159e-06
-3.98495088e-11
9.475746569e-06
-2.519615026e-11
9.475765003e-06
-1.696349801e-11
9.47577153e-06
-9.473611306e-12
9.475770035e-06
-4.380605138e-12
9.475765828e-06
-2.625142043e-13
9.475762422e-06
3.888659612e-12
9.475758321e-06
7.011615989e-12
9.475748267e-06
8.027153503e-12
9.475740884e-06
8.87722611e-12
9.475732643e-06
9.028863841e-12
7.886113822e-12
9.47557569e-06
-1.85498749e-10
-1.329027356e-10
9.475656917e-06
-8.375005169e-11
-6.215787069e-11
9.475725594e-06
-7.317196874e-11
-5.41490877e-11
9.475762986e-06
-4.28912615e-11
-3.434815304e-11
9.475780132e-06
-2.213989064e-11
-2.060051822e-11
9.47578162e-06
-9.037763083e-12
-1.000574632e-11
9.475775321e-06
1.751828449e-12
-3.530157711e-12
9.475769757e-06
7.573145308e-12
8.246222315e-13
9.475759358e-06
7.40662766e-12
3.199226514e-12
9.475752194e-06
8.939173234e-12
3.335162767e-12
9.47574308e-06
6.925792269e-12
3.962839912e-12
9.475737985e-06
7.783088915e-12
5.018710798e-12
9.47573118e-06
6.813925472e-12
5.785135998e-12
9.475723563e-06
8.462288908e-12
7.392766212e-12
9.16168675e-12
7.776067211e-12
9.475631771e-06
-2.568199088e-10
9.47569441e-06
-1.505987923e-10
-7.42344558e-11
9.475741831e-06
-1.281150531e-10
-6.837467753e-11
9.475752103e-06
-6.840133518e-11
-3.788741516e-11
9.475746036e-06
-2.708208166e-11
-1.585912037e-11
9.475734106e-06
-6.334048023e-12
-5.136405268e-12
9.475721167e-06
5.704346126e-12
1.867386609e-12
9.475710002e-06
1.097549287e-11
5.422200859e-12
9.475705009e-06
1.405238911e-11
7.792687966e-12
9.475699114e-06
1.283005748e-11
7.185693224e-12
9.475697348e-06
1.271168488e-11
6.908229786e-12
9.475694802e-06
1.205645513e-11
6.018768278e-12
9.475695651e-06
1.265470378e-11
8.037671862e-12
9.475693764e-06
1.574677308e-11
1.203232416e-11
1.364009193e-11
1.042895821e-11
9.475875117e-06
-1.564853208e-10
-1.574220034e-10
9.475856085e-06
-1.177918745e-10
-1.186657726e-10
9.475806225e-06
-4.233329107e-11
-4.130725253e-11
9.475758513e-06
-3.758306541e-12
-2.042860769e-12
9.475727287e-06
9.442079659e-12
1.046051922e-11
9.475707608e-06
1.515486883e-11
1.433210147e-11
9.475703285e-06
1.527029575e-11
1.512801721e-11
9.475702389e-06
1.301599489e-11
1.280538823e-11
9.475708114e-06
1.183441418e-11
1.111649429e-11
9.475714083e-06
1.119919649e-11
9.453209061e-12
9.475719852e-06
1.049970699e-11
8.088266297e-12
9.475725728e-06
1.000028753e-11
8.704637285e-12
9.475733734e-06
1.326806991e-11
1.220492487e-11
1.170677211e-11
1.143551539e-11
9.47584753e-06
-5.876359234e-11
6.194093408e-11
9.475741372e-06
-5.369239984e-11
-7.865364087e-11
9.47566323e-06
-1.490043048e-11
1.066111463e-11
9.47561788e-06
3.087904637e-12
4.383424311e-11
9.475605366e-06
5.787185576e-12
4.139235423e-11
9.475605886e-06
5.314861266e-12
3.299215197e-11
9.475618129e-06
4.610426996e-12
2.471117838e-11
9.475633968e-06
4.940732614e-12
1.700792863e-11
9.475648276e-06
2.431395222e-12
1.224029339e-11
9.47566371e-06
3.697235376e-12
8.687290172e-12
9.475675489e-06
3.06239128e-12
8.196815883e-12
9.475686916e-06
2.248690935e-12
8.284860838e-12
9.475699968e-06
3.332496746e-12
1.129061994e-11
4.448700364e-12
1.316896676e-11
9.476097468e-06
5.954665323e-11
3.339747929e-10
9.475782493e-06
5.560382991e-11
9.86043641e-11
9.475650944e-06
1.698375197e-11
7.688374968e-11
9.475601097e-06
-1.824693407e-12
7.478423397e-11
9.475596766e-06
-5.713367488e-12
4.587012252e-11
9.475608392e-06
-7.838051985e-12
2.763874896e-11
9.475625669e-06
-6.788238045e-12
1.698643846e-11
9.475642971e-06
-4.543959103e-12
1.125683612e-11
9.475660147e-06
-3.531342646e-12
8.186111064e-12
9.475672912e-06
-3.635133656e-12
5.546034792e-12
9.475685395e-06
-2.855777555e-12
6.464154988e-12
9.475699089e-06
-3.716336847e-12
6.524360082e-12
9.475713212e-06
-4.618899105e-12
1.261126684e-11
-3.608161787e-12
1.215759142e-11
9.475884423e-06
1.573015398e-10
6.386988754e-11
9.475777388e-06
1.179979552e-10
-7.774160069e-11
9.475697312e-06
4.174328516e-11
1.016695746e-11
9.47565154e-06
2.862577716e-12
4.259042904e-11
9.475638447e-06
-1.216405219e-11
4.01527473e-11
9.475643903e-06
-1.599309411e-11
3.437439498e-11
9.475656672e-06
-1.470676677e-11
2.554397474e-11
9.475671055e-06
-1.51015092e-11
1.830089688e-11
9.475685604e-06
-1.314852315e-11
1.376083716e-11
9.475699918e-06
-1.0783865e-11
9.859130942e-12
9.475711187e-06
-8.858648392e-12
9.18237344e-12
9.475723663e-06
-7.23906074e-12
8.770566569e-12
9.475736517e-06
-1.207606664e-11
1.269399477e-11
-1.133223735e-11
1.27143492e-11
9.475838053e-06
1.524391924e-10
-1.569549449e-10
9.475816968e-06
1.287131469e-10
-1.157481634e-10
9.475764962e-06
6.718530591e-11
-4.096933353e-11
9.475716369e-06
2.740591305e-11
-1.437547489e-12
9.475687671e-06
5.956901349e-12
1.258765974e-11
9.475672411e-06
-5.21272374e-12
1.712288536e-11
9.475664044e-06
-1.216439798e-11
1.590879762e-11
9.475664578e-06
-1.433160554e-11
1.437860857e-11
9.475669398e-06
-1.404061576e-11
1.197220603e-11
9.475676869e-06
-1.37013315e-11
9.607713086e-12
9.475682667e-06
-1.319110331e-11
8.553473243e-12
9.475688645e-06
-1.162161317e-11
8.184092541e-12
9.475696871e-06
-1.388521892e-11
1.25011246e-11
-1.373960391e-11
1.134723873e-11
9.475709499e-06
8.413631267e-11
-7.278821442e-11
9.47575452e-06
7.445854971e-11
-6.709448966e-11
9.475765971e-06
4.50757476e-11
-3.767148015e-11
9.475757896e-06
2.429768193e-11
-1.471702039e-11
9.47574759e-06
8.571696192e-12
-3.901426756e-12
9.475736516e-06
3.130512494e-14
3.469090785e-12
9.47572576e-06
-4.605124891e-12
5.894895028e-12
9.475721949e-06
-6.596247233e-12
8.847882387e-12
9.475717702e-06
-6.895825837e-12
8.7861991e-12
9.475717627e-06
-6.880870335e-12
9.688975338e-12
9.475715078e-06
-7.750346474e-12
8.104789624e-12
9.475712545e-06
-8.177911851e-12
7.1860867e-12
9.475714702e-06
-9.303549138e-12
1.094368464e-11
-8.268857459e-12
9.16489185e-12
9.47566855e-06
-5.977457759e-11
9.475737308e-06
-5.20821883e-11
9.475773637e-06
-3.586622421e-11
9.475787957e-06
-2.155335489e-11
9.475792529e-06
-8.887369148e-12
9.475787514e-06
-4.3037343e-12
9.475778763e-06
-8.02115509e-14
9.475770427e-06
2.180164135e-12
9.475762499e-06
4.103751249e-12
9.475755582e-06
5.85254164e-12
9.475747651e-06
6.772597835e-12
9.475743455e-06
7.885072343e-12
9.475736804e-06
8.490206721e-12
6.041521174e-12
9.475636923e-06
-2.879164936e-10
-1.269911765e-10
9.475695747e-06
-7.378057294e-11
-4.742320989e-11
9.475758298e-06
-7.877137392e-11
-3.255889588e-11
9.475781731e-06
-3.920977586e-11
-1.911715105e-11
9.475787618e-06
-1.261767966e-11
-8.922788735e-12
9.475777335e-06
1.016850409e-12
-5.095130521e-12
9.475764108e-06
8.971594155e-12
-2.551546127e-12
9.475753781e-06
1.264748411e-11
-1.117859716e-12
9.475741371e-06
1.179603421e-11
6.543640678e-13
9.475734774e-06
1.152851791e-11
2.906212425e-12
9.475726253e-06
9.144083648e-12
2.385494589e-12
9.475724468e-06
9.469744412e-12
2.681727948e-12
9.475720296e-06
8.817753037e-12
3.075949153e-12
9.475717424e-06
1.136671753e-11
3.279617368e-12
1.08179351e-11
3.029336035e-12
9.475782174e-06
-6.9208165e-10
-2.618836376e-10
9.475762112e-06
-8.121884733e-11
-4.365283381e-11
9.475775635e-06
-1.246655357e-10
-3.544781278e-11
9.47576242e-06
-4.618149677e-11
-1.880432625e-11
9.47574273e-06
2.008560658e-12
-6.285096731e-12
9.475725238e-06
1.755287981e-11
-2.156857593e-12
9.475711744e-06
2.354909799e-11
-3.89392109e-13
9.475704186e-06
2.300905332e-11
1.224320558e-12
9.47570336e-06
2.004051514e-11
2.979481718e-12
9.47570299e-06
1.715077017e-11
2.049786868e-12
9.475703355e-06
1.49240212e-11
3.025466377e-12
9.475706832e-06
1.384366982e-11
3.606189874e-12
9.475711009e-06
1.256793355e-11
4.408920393e-12
9.475713624e-06
1.632496982e-11
3.322808362e-12
1.557878576e-11
3.772162073e-12
9.476122675e-06
-7.82083223e-10
9.475883474e-06
6.214673054e-11
-6.058984116e-11
9.475780449e-06
-7.82194883e-11
-5.460868499e-11
9.475700178e-06
9.434050403e-12
-1.67241665e-11
9.475656356e-06
4.249178391e-11
1.430778778e-12
9.475642533e-06
3.937606484e-11
4.649805481e-12
9.475644843e-06
3.270212016e-11
5.163523298e-12
9.475656317e-06
2.420578186e-11
5.655498011e-12
9.475673234e-06
1.750277963e-11
5.038412727e-12
9.475686839e-06
1.339247178e-11
3.156660741e-12
9.475700399e-06
1.050357923e-11
2.960480778e-12
9.475713573e-06
9.47929209e-12
2.093127456e-12
9.475725379e-06
1.044687975e-11
3.505092155e-12
9.475738704e-06
1.264979473e-11
3.552026215e-12
1.341796288e-11
3.792176463e-12
9.47543316e-06
4.332243013e-10
4.336858663e-10
9.475383312e-06
-4.592324639e-11
-4.681224841e-11
9.475401241e-06
3.38051983e-12
3.852418038e-12
9.4754495e-06
2.351839867e-11
2.301616132e-11
9.475505257e-06
1.416411759e-11
1.37253855e-11
9.475556463e-06
7.418731132e-12
7.682790592e-12
9.475598927e-06
4.60066048e-12
6.595493752e-12
9.475633864e-06
3.966788061e-12
4.559689666e-12
9.475659067e-06
1.737950696e-12
2.369988896e-12
9.475680574e-06
1.688226978e-12
2.14713344e-12
9.47569775e-06
2.915672662e-12
2.32130408e-12
9.4757115e-06
1.124368391e-12
1.480486994e-12
9.47573023e-06
4.805029414e-12
3.52664902e-12
5.277232763e-12
4.249861869e-12
9.475454735e-06
-4.314948467e-10
2.920712592e-09
9.475388578e-06
4.927801046e-11
7.497621274e-11
9.47549891e-06
-2.495295604e-12
-1.751930197e-11
9.475603367e-06
-2.308470671e-11
2.000664766e-11
9.475676607e-06
-1.459331406e-11
1.575504439e-12
9.47573245e-06
-8.322265336e-12
-3.349583134e-12
9.475767644e-06
-5.301260384e-12
-3.2824367e-12
9.475793093e-06
-2.880228883e-12
-1.491536419e-12
9.475808828e-06
-1.031290088e-12
-2.373008438e-12
9.475822823e-06
-1.67049542e-12
-1.555546287e-12
9.475833497e-06
-1.609499203e-12
-1.311715799e-12
9.475847535e-06
-2.200418508e-12
5.210885849e-13
9.475866456e-06
-4.776476272e-12
3.750457859e-12
-5.233968331e-12
3.288804473e-13
9.475467327e-06
-6.351019161e-11
4.31222552e-10
9.475414479e-06
7.86207464e-11
-4.924209424e-11
9.475435529e-06
-9.060073212e-12
2.920173331e-12
9.475483354e-06
-4.191121139e-11
2.174966626e-11
9.475538443e-06
-3.940252423e-11
1.403961592e-11
9.475591392e-06
-3.418338028e-11
8.425049509e-12
9.475636268e-06
-2.48073248e-11
5.274587958e-12
9.475668933e-06
-1.965354188e-11
2.949966008e-12
9.475693504e-06
-1.524410212e-11
1.757583595e-12
9.475713101e-06
-1.144406182e-11
7.280180599e-13
9.475727794e-06
-9.506166795e-12
-7.551400452e-13
9.475744282e-06
-8.531199951e-12
1.32338801e-12
9.475762286e-06
-1.291500788e-11
3.666406712e-12
-1.236468688e-11
4.567075761e-12
9.475864594e-06
8.310474302e-11
-6.033415349e-11
9.475754957e-06
1.235263743e-10
-5.459262282e-11
9.475676e-06
4.478200022e-11
-1.674302752e-11
9.475628786e-06
-1.328916815e-12
1.062388415e-12
9.475616206e-06
-1.728002955e-11
5.677772742e-12
9.475622387e-06
-2.320989792e-11
6.868508364e-12
9.475634369e-06
-2.406087448e-11
4.581163994e-12
9.475649879e-06
-2.085556011e-11
2.822808274e-12
9.475665431e-06
-1.804152652e-11
2.916063536e-12
9.475679174e-06
-1.514361093e-11
2.312466034e-12
9.475691534e-06
-1.299231892e-11
2.793753702e-12
9.475702486e-06
-1.146550739e-11
3.722167513e-12
9.475715691e-06
-1.605081949e-11
4.486812005e-12
-1.578359686e-11
4.299988551e-12
9.475738084e-06
7.36721755e-11
-4.379578474e-11
9.475750217e-06
8.020599125e-11
-3.65974728e-11
9.475742426e-06
4.093680561e-11
-1.80994333e-11
9.475720108e-06
1.268607096e-11
-5.51224144e-12
9.47570457e-06
-2.386884391e-13
-1.825946681e-13
9.475692475e-06
-9.210762769e-12
1.246274428e-12
9.475681895e-06
-1.177044476e-11
2.217860763e-12
9.475677916e-06
-1.266740628e-11
1.208315657e-12
9.475681258e-06
-1.085255406e-11
3.132061716e-12
9.475682775e-06
-1.009793644e-11
2.909141796e-12
9.475685656e-06
-8.191743931e-12
2.692096873e-12
9.475689773e-06
-8.13937395e-12
2.364192692e-12
9.475693081e-06
-1.169870069e-11
3.496504738e-12
-1.035664423e-11
3.056495692e-12
9.475693289e-06
-4.648268785e-11
9.475750292e-06
-3.256442242e-11
9.475777133e-06
-1.825982691e-11
9.475781155e-06
-7.694919702e-12
9.475771597e-06
-3.559075747e-12
9.47576513e-06
-1.20204001e-12
9.475749653e-06
2.032729663e-14
9.475743208e-06
1.164860393e-12
9.475735428e-06
1.229531392e-12
9.475730059e-06
1.905300534e-12
9.475723837e-06
3.144304681e-12
9.475719262e-06
1.942824946e-12
9.475716936e-06
2.595672177e-12
2.505429667e-12
9.475726003e-06
-7.138897379e-10
1.273326349e-10
9.475782313e-06
-1.505007633e-10
4.706289543e-11
9.475817535e-06
-9.989685878e-11
3.279178051e-11
9.475816926e-06
-4.029406424e-11
1.904406313e-11
9.475803499e-06
-7.050384286e-12
9.417527761e-12
9.475785782e-06
5.997264197e-12
3.798352438e-12
9.475768969e-06
1.117736051e-11
7.388970503e-13
9.475756758e-06
1.345171418e-11
-1.104042885e-13
9.475744822e-06
1.130124772e-11
-1.486844415e-12
9.47573516e-06
1.009506425e-11
-3.263714003e-12
9.475729641e-06
8.582129321e-12
-3.462502333e-12
9.475725874e-06
9.235610075e-12
-2.108100832e-12
9.47572059e-06
9.667393551e-12
-1.43041677e-12
9.475720195e-06
1.231157157e-11
-1.474024117e-12
1.164229343e-11
-2.681105728e-12
9.475986592e-06
-2.059747644e-09
2.631003671e-10
9.475883123e-06
-1.339277054e-10
4.409506878e-11
9.475818554e-06
-1.117016453e-10
3.529454828e-11
9.475769674e-06
-2.570107343e-11
1.951712398e-11
9.475731814e-06
2.056999769e-11
7.488165886e-12
9.475706832e-06
2.818298014e-11
2.788474065e-12
9.47569365e-06
2.757656054e-11
-5.671001213e-13
9.475688479e-06
2.559517913e-11
-1.915399622e-12
9.475684569e-06
1.896875318e-11
-2.317475932e-12
9.475687963e-06
1.565371571e-11
-1.580441301e-12
9.475690047e-06
1.282793469e-11
-1.447300906e-12
9.475697021e-06
1.21090772e-11
-3.552742091e-13
9.475699845e-06
1.174157736e-11
-1.310240109e-12
9.475705443e-06
1.664875288e-11
-1.898375454e-12
1.474243053e-11
-3.276658537e-12
9.476720258e-06
-5.559085237e-09
7.820233813e-10
9.476130198e-06
3.3492909e-10
6.184778024e-11
9.475813258e-06
9.844314672e-11
5.533035816e-11
9.475681458e-06
7.800422111e-11
1.64867994e-11
9.475629721e-06
7.453778512e-11
-1.043464835e-12
9.475623418e-06
4.53974303e-11
-3.954108032e-12
9.475634962e-06
2.699968141e-11
-5.41775207e-12
9.475649112e-06
1.691826514e-11
-5.928945643e-12
9.475667226e-06
1.092387829e-11
-4.03220299e-12
9.475684391e-06
8.34258654e-12
-2.278196678e-12
9.475697891e-06
6.924212258e-12
-1.161920284e-12
9.475712602e-06
7.985262823e-12
-1.107721423e-12
9.475722538e-06
8.048860767e-12
-2.060315325e-12
9.475738409e-06
1.302484288e-11
-2.829201858e-12
1.204218818e-11
-3.159841812e-12
9.477152794e-06
1.54765383e-09
9.475437248e-06
2.920075103e-09
-4.298615623e-10
9.47537435e-06
7.645948644e-11
5.020222285e-11
9.475483696e-06
-1.851580249e-11
-1.932249389e-12
9.475589296e-06
1.954662082e-11
-2.307108399e-11
9.475663353e-06
6.014959692e-13
-1.466793348e-11
9.475719318e-06
-3.531661795e-12
-7.638253881e-12
9.475752278e-06
-5.519945948e-12
-6.119895816e-12
9.475778694e-06
-3.028235154e-12
-3.221333297e-12
9.475796226e-06
-3.329919524e-12
-1.184356406e-12
9.475808406e-06
-2.162035777e-12
-4.492803836e-14
9.475823039e-06
2.057672096e-13
-1.346576617e-12
9.475834528e-06
6.129137529e-13
-1.943600422e-12
9.475854702e-06
3.999616508e-12
-4.146798935e-12
7.02506881e-13
-4.521735451e-12
9.546259366e-06
-2.919592796e-09
-2.920508319e-09
9.546647537e-06
-7.524902859e-11
-7.450530008e-11
9.546656572e-06
1.812040204e-11
2.001470495e-11
9.546811892e-06
-2.090502054e-11
-1.968311976e-11
9.546896284e-06
-1.993255948e-12
-1.304718278e-12
9.546958463e-06
3.131508114e-12
3.739003036e-12
9.547018196e-06
3.408598212e-12
4.418999026e-12
9.54707791e-06
1.730061875e-12
3.810352487e-12
9.547146488e-06
2.717723385e-12
4.146462661e-12
9.547214346e-06
-2.850934439e-13
3.138265109e-12
9.547289766e-06
-9.428314003e-13
1.69337063e-12
9.547367568e-06
-1.173817379e-12
-3.108501255e-13
9.54745809e-06
-4.793314029e-12
-5.353557108e-12
-4.491022617e-13
1.958934603e-13
9.475450092e-06
-3.345406368e-10
-4.317431542e-10
9.475385711e-06
-9.670127828e-11
5.050603216e-11
9.475495375e-06
-7.679713042e-11
-1.545461704e-12
9.475601891e-06
-7.401238278e-11
-2.132511431e-11
9.475677986e-06
-4.383806836e-11
-1.416258853e-11
9.475731393e-06
-2.770158768e-11
-9.135710669e-12
9.475765101e-06
-1.775273443e-11
-4.919431065e-12
9.475792536e-06
-1.398892466e-11
-2.692031628e-12
9.475807163e-06
-1.013132118e-11
-2.26623764e-12
9.475819964e-06
-7.037339834e-12
-1.257865475e-12
9.475833914e-06
-6.032006884e-12
8.128618306e-13
9.475847461e-06
-5.876843944e-12
3.54199089e-13
9.475865048e-06
-1.124387818e-11
-3.485064839e-12
-1.131164403e-11
-3.707821663e-12
9.476097646e-06
1.35815733e-10
6.186003087e-11
9.475777724e-06
1.107899779e-10
5.374955236e-11
9.475645737e-06
2.583517587e-11
1.566353238e-11
9.475597913e-06
-1.896296718e-11
-1.147942057e-12
9.475590896e-06
-2.863646361e-11
-5.766597225e-12
9.475605659e-06
-2.783906424e-11
-5.229764393e-12
9.47562293e-06
-2.319703872e-11
-4.116878937e-12
9.475642548e-06
-1.890126512e-11
-7.445315442e-13
9.475658998e-06
-1.557329238e-11
-1.500062694e-12
9.475672812e-06
-1.227777089e-11
-2.192170553e-12
9.475685709e-06
-1.184767999e-11
-2.272765024e-12
9.475697128e-06
-1.109166426e-11
-2.200151219e-12
9.47571171e-06
-1.621160731e-11
-4.482868898e-12
-1.630816441e-11
-4.606393491e-12
9.475915812e-06
1.51935346e-10
4.433064607e-11
9.475852255e-06
1.014268472e-10
3.480651235e-11
9.475805112e-06
4.123264274e-11
1.925175973e-11
9.475763332e-06
6.981138808e-12
5.81376292e-12
9.475740681e-06
-5.460030495e-12
2.875401608e-12
9.475729076e-06
-1.149469233e-11
1.910838401e-13
9.47572074e-06
-1.273154599e-11
-2.249106902e-12
9.475722012e-06
-1.123862615e-11
-4.664982805e-13
9.475725814e-06
-1.094422292e-11
-2.133452119e-12
9.475727726e-06
-9.748416005e-12
-2.942732086e-12
9.475730521e-06
-7.351301143e-12
-4.00080121e-12
9.475736313e-06
-7.574618324e-12
-2.557644345e-12
9.475739549e-06
-1.144235119e-11
-3.748951543e-12
-1.010276334e-11
-3.113871387e-12
9.475774657e-06
4.684776741e-11
9.475808642e-06
3.247995928e-11
9.475811498e-06
1.86692148e-11
9.475797077e-06
7.877062308e-12
9.475779651e-06
5.717029009e-12
9.475768002e-06
3.338974422e-12
9.475749396e-06
1.769142369e-12
9.475740616e-06
1.004586957e-12
9.475734501e-06
3.711758789e-13
9.475728708e-06
-1.601185583e-12
9.475722172e-06
-4.075616308e-12
9.475719617e-06
-3.645782812e-12
9.475718633e-06
-3.373180221e-12
-3.328038255e-12
9.475612e-06
-2.864002075e-10
1.33153502e-10
9.475674172e-06
-7.300472523e-11
6.313638989e-11
9.475735212e-06
-7.907592717e-11
5.448159455e-11
9.475759017e-06
-4.011427168e-11
3.667821527e-11
9.475762427e-06
-1.21290959e-11
2.22177145e-11
9.47575431e-06
1.470747415e-12
1.220952837e-11
9.475742163e-06
8.052909881e-12
3.700615857e-12
9.475731736e-06
1.277918355e-11
3.314309252e-13
9.475720014e-06
1.232166651e-11
-2.675238598e-12
9.475714921e-06
1.265224702e-11
-2.689927648e-12
9.475709676e-06
1.172570375e-11
-3.017370783e-12
9.475702603e-06
1.049625327e-11
-4.658584952e-12
9.475696693e-06
9.687637889e-12
-5.553237803e-12
9.475695956e-06
1.182060282e-11
-7.588987779e-12
1.031354366e-11
-6.835240058e-12
9.475798394e-06
-6.935969227e-10
2.575264687e-10
9.475778933e-06
-8.119113646e-11
7.516409672e-11
9.475793097e-06
-1.241948035e-10
6.817457916e-11
9.475782277e-06
-4.678582714e-11
3.748378834e-11
9.475760963e-06
9.609111654e-13
1.578054214e-11
9.475742979e-06
1.848082092e-11
3.765345792e-12
9.475731908e-06
2.463972401e-11
-2.559454748e-12
9.475724567e-06
2.418813292e-11
-4.466418184e-12
9.475720627e-06
2.048844057e-11
-7.622210639e-12
9.475721399e-06
1.827011966e-11
-7.088321138e-12
9.475723416e-06
1.532604908e-11
-7.827843765e-12
9.475725301e-06
1.247562565e-11
-6.896170561e-12
9.475729733e-06
1.230607993e-11
-7.935433565e-12
9.475731198e-06
1.640878259e-11
-9.832335459e-12
1.546311978e-11
-8.353684163e-12
9.47609821e-06
-1.406692793e-09
7.19307504e-10
9.475858096e-06
6.322368998e-11
1.563892526e-10
9.475754965e-06
-7.650740687e-11
1.181003358e-10
9.475677647e-06
1.187367847e-11
4.272830915e-11
9.475630507e-06
4.217298677e-11
3.237430008e-12
9.475616336e-06
3.749202873e-11
-1.152574272e-11
9.475621613e-06
3.155231722e-11
-1.522500269e-11
9.475634445e-06
2.361368968e-11
-1.420210595e-11
9.475649262e-06
1.78550178e-11
-1.243378203e-11
9.475664035e-06
1.327725774e-11
-1.119731209e-11
9.475676612e-06
1.015298115e-11
-1.038645718e-11
9.475689954e-06
8.286272439e-12
-8.515235351e-12
9.475702209e-06
8.120464126e-12
-9.025215301e-12
9.475715223e-06
1.142786609e-11
-1.236274585e-11
1.250783711e-11
-1.130999297e-11
9.476201236e-06
-1.547143199e-09
1.408619156e-09
9.475462976e-06
4.302247811e-10
-6.137748643e-11
9.475410501e-06
-4.947984684e-11
7.692591056e-11
9.47542973e-06
3.527469977e-12
-1.119346141e-11
9.475477895e-06
2.180839114e-11
-4.147891051e-11
9.475533927e-06
1.266573111e-11
-3.864843172e-11
9.475585716e-06
7.571246315e-12
-3.230783469e-11
9.475630018e-06
5.219223049e-12
-2.462875704e-11
9.475662092e-06
2.999388296e-12
-1.720231475e-11
9.475686625e-06
1.285090611e-12
-1.33717731e-11
9.475703183e-06
3.108694702e-13
-9.935271324e-12
9.475723237e-06
2.466051478e-12
-6.72989109e-12
9.475735907e-06
1.096137342e-12
-7.426771922e-12
9.475755316e-06
2.969734291e-12
-1.219503392e-11
4.39467494e-12
-1.374239114e-11
9.477146828e-06
1.547088722e-09
5.559462298e-09
9.475432723e-06
-4.320539348e-10
-3.332299655e-10
9.475367895e-06
4.945446048e-11
-9.857595095e-11
9.475476298e-06
-2.254016464e-12
-7.796156261e-11
9.475582418e-06
-2.215155203e-11
-7.406859956e-11
9.475657758e-06
-1.406016548e-11
-4.345951519e-11
9.475710006e-06
-9.135971334e-12
-2.615781737e-11
9.475746052e-06
-4.99259148e-12
-1.739052715e-11
9.475770962e-06
-3.760139406e-12
-1.203588302e-11
9.475789695e-06
-3.406002405e-12
-7.980212131e-12
9.475801121e-06
-3.35068472e-12
-5.614014896e-12
9.475815437e-06
-1.546010641e-12
-5.449784138e-12
9.475826224e-06
-1.950794474e-12
-4.816954245e-12
9.47584756e-06
-2.999860581e-12
-1.024774435e-11
-4.442140446e-12
-1.192868852e-11
9.476210601e-06
1.408630755e-09
9.475476604e-06
-6.144502397e-11
-6.180549157e-11
9.475422647e-06
7.704589958e-11
7.88334166e-11
9.475444051e-06
-1.169039188e-11
-9.377724982e-12
9.475490331e-06
-4.311891347e-11
-4.305871991e-11
9.475545271e-06
-3.872818445e-11
-3.850430318e-11
9.47559854e-06
-3.132279367e-11
-3.082868322e-11
9.475639369e-06
-2.492903236e-11
-2.476553065e-11
9.475672473e-06
-1.777456686e-11
-1.700295754e-11
9.475697219e-06
-1.327992581e-11
-1.163006354e-11
9.475717152e-06
-1.180457789e-11
-9.107316917e-12
9.475732628e-06
-1.022265018e-11
-8.013201605e-12
9.475746961e-06
-8.535987696e-12
-8.676353592e-12
9.475768676e-06
-1.237861893e-11
-1.194427432e-11
-1.356240589e-11
-1.28839411e-11
9.475881826e-06
8.222003135e-11
1.572992558e-10
9.475774416e-06
1.237111642e-10
1.172926458e-10
9.475695762e-06
4.512484606e-11
4.245117222e-11
9.475651569e-06
-1.519039186e-12
3.503800476e-12
9.475640062e-06
-1.705345625e-11
-1.055155349e-11
9.475643342e-06
-2.420515197e-11
-1.551533746e-11
9.475655124e-06
-2.473997637e-11
-1.419458113e-11
9.475667781e-06
-2.261646762e-11
-1.266088561e-11
9.475683435e-06
-2.020814344e-11
-1.036619761e-11
9.475700753e-06
-1.436795049e-11
-7.327789818e-12
9.475711874e-06
-1.414358699e-11
-7.911316936e-12
9.475722238e-06
-1.205290819e-11
-7.141566443e-12
9.475733791e-06
-1.660607725e-11
-9.853724417e-12
-1.543943452e-11
-1.101095824e-11
9.47576638e-06
7.369056693e-11
7.250983141e-11
9.475783756e-06
8.073041303e-11
6.766066986e-11
9.475771119e-06
3.944012504e-11
3.738257861e-11
9.47574886e-06
1.220721863e-11
1.540213509e-11
9.475730253e-06
-3.682219013e-13
3.259125492e-12
9.475718644e-06
-8.012933703e-12
-2.026570646e-12
9.475711294e-06
-1.019135031e-11
-3.549237434e-12
9.475708429e-06
-1.115534012e-11
-5.302742216e-12
9.475711711e-06
-1.004758819e-11
-4.717100227e-12
9.475711197e-06
-1.036733133e-11
-6.015312213e-12
9.475714237e-06
-8.837598804e-12
-6.063051705e-12
9.475717428e-06
-9.37024838e-12
-6.8514126e-12
9.475719842e-06
-1.165059692e-11
-9.705740032e-12
-1.072319629e-11
-1.009985066e-11
9.475699222e-06
6.127772672e-11
9.475758025e-06
5.307020366e-11
9.475783333e-06
3.427448469e-11
9.475788274e-06
1.922207777e-11
9.475778845e-06
8.650988158e-12
9.475770534e-06
3.661924414e-12
9.475756321e-06
5.017914772e-13
9.475747717e-06
-2.077706726e-12
9.47574036e-06
-2.16866763e-12
9.475733847e-06
-3.738285091e-12
9.475729525e-06
-5.001257849e-12
9.475725324e-06
-4.061076198e-12
9.475721543e-06
-7.500192356e-12
-8.287856531e-12
9.475585541e-06
-1.835840072e-10
1.085408002e-10
9.475666237e-06
-8.333653729e-11
6.311335373e-11
9.4757366e-06
-7.474820716e-11
5.778471245e-11
9.475773119e-06
-4.610071819e-11
4.163540438e-11
9.475788705e-06
-2.408935421e-11
2.816003299e-11
9.475789413e-06
-1.035396468e-11
1.741079286e-11
9.475788184e-06
7.79083415e-13
1.050572368e-11
9.475779735e-06
5.512050998e-12
4.120503242e-12
9.475770489e-06
7.706022102e-12
3.787396485e-13
9.475763226e-06
8.700340421e-12
-2.2710194e-12
9.475756141e-06
6.923643508e-12
-2.680063547e-12
9.475749178e-06
9.125110687e-12
-3.275866759e-12
9.475743152e-06
7.311378883e-12
-6.707837747e-12
9.475736927e-06
1.004839188e-11
-8.984035758e-12
8.575838039e-12
-8.67305671e-12
9.47568265e-06
-4.220752083e-10
1.813538931e-10
9.475746565e-06
-1.52365253e-10
7.734135269e-11
9.475796514e-06
-1.280053942e-10
7.459839036e-11
9.475807328e-06
-6.666015679e-11
4.930577503e-11
9.475799036e-06
-2.669479842e-11
2.819651717e-11
9.47578718e-06
-4.615906117e-12
1.44935629e-11
9.475778347e-06
9.267777005e-12
6.168564384e-12
9.475767784e-06
1.346170433e-11
-9.463880272e-13
9.475760842e-06
1.468482475e-11
-5.147807965e-12
9.475755441e-06
1.320864439e-11
-6.69519099e-12
9.475755024e-06
1.28980714e-11
-6.37085099e-12
9.475750584e-06
1.132851908e-11
-8.228522457e-12
9.4757509e-06
1.118648682e-11
-7.729545324e-12
9.475748534e-06
1.449184512e-11
-1.067548553e-11
1.183229068e-11
-1.086672791e-11
9.475826175e-06
-7.177720692e-10
4.226264565e-10
9.475835799e-06
-1.542540936e-10
1.516878302e-10
9.47581582e-06
-1.164874949e-10
1.28466183e-10
9.475765229e-06
-4.147237928e-11
6.798979978e-11
9.47571571e-06
-2.076554714e-12
2.716586693e-11
9.475687861e-06
1.108035324e-11
6.9188351e-12
9.47566995e-06
1.426737327e-11
-6.978747613e-12
9.475663601e-06
1.417072414e-11
-1.178259278e-11
9.475663358e-06
1.343778743e-11
-1.309151481e-11
9.475669213e-06
1.194755715e-11
-1.208835746e-11
9.475675767e-06
1.126075498e-11
-1.161846237e-11
9.475681863e-06
9.722603957e-12
-1.121778194e-11
9.475690661e-06
9.080950101e-12
-9.629551747e-12
9.475694621e-06
1.064076473e-11
-1.271140721e-11
1.058538304e-11
-1.336926104e-11
9.476125577e-06
-7.823236586e-10
6.950887231e-10
9.475883691e-06
-6.144492295e-11
8.010966266e-11
9.475779358e-06
-5.567367825e-11
1.241618014e-10
9.475702637e-06
-1.650964083e-11
4.732469778e-11
9.475655204e-06
-4.958670432e-13
5.411938416e-13
9.475642671e-06
4.004205037e-12
-1.754082232e-11
9.475645143e-06
4.671995787e-12
-2.475899657e-11
9.47565903e-06
4.38002746e-12
-2.297982895e-11
9.475674014e-06
2.702199843e-12
-2.15242026e-11
9.475690271e-06
2.55987185e-12
-1.876518234e-11
9.475702897e-06
1.67325325e-12
-1.4226381e-11
9.475715634e-06
2.004388768e-12
-1.385022023e-11
9.475727069e-06
3.450378392e-12
-1.23142601e-11
9.475741113e-06
4.351146584e-12
-1.45342604e-11
4.721036494e-12
-1.537562984e-11
9.476692651e-06
7.818826836e-10
2.062657495e-09
9.476103883e-06
5.94127048e-11
1.342759271e-10
9.475787167e-06
5.595295636e-11
1.104069887e-10
9.475655398e-06
1.717802062e-11
2.638826114e-11
9.475604877e-06
-2.318575693e-12
-1.885262287e-11
9.475598098e-06
-6.760030059e-12
-2.771349017e-11
9.475610702e-06
-6.815213099e-12
-2.768171435e-11
9.475628913e-06
-5.394472584e-12
-2.337624973e-11
9.475647323e-06
-4.030960192e-12
-1.979117048e-11
9.475663146e-06
-2.864121983e-12
-1.593783636e-11
9.475675276e-06
-3.167649087e-12
-1.276161591e-11
9.475687979e-06
-3.116373913e-12
-1.110944586e-11
9.475697807e-06
-3.866435563e-12
-1.22788498e-11
9.475712428e-06
-5.262182124e-12
-1.44568642e-11
-4.089889344e-12
-1.448215314e-11
9.476124145e-06
7.19362693e-10
6.959404381e-10
9.475888165e-06
1.570339758e-10
8.365032969e-11
9.4757817e-06
1.158265161e-10
1.232880297e-10
9.47570059e-06
3.976695093e-11
4.451659209e-11
9.475658446e-06
2.833437916e-12
4.495783306e-13
9.475644823e-06
-1.030097671e-11
-1.569634407e-11
9.475648606e-06
-1.611456503e-11
-2.388824398e-11
9.475662349e-06
-1.527929779e-11
-2.325410954e-11
9.475676736e-06
-1.391948983e-11
-2.003973862e-11
9.475692092e-06
-1.218348272e-11
-1.661003966e-11
9.475707651e-06
-1.045272521e-11
-1.294824622e-11
9.475718836e-06
-1.046775805e-11
-1.193680104e-11
9.475731325e-06
-8.219416935e-12
-1.326642611e-11
9.4757455e-06
-1.03429797e-11
-1.718883148e-11
-1.161863768e-11
-1.563667626e-11
9.475845188e-06
4.209804496e-10
9.475855896e-06
1.51012739e-10
1.512054978e-10
9.475838035e-06
1.274468029e-10
1.273310902e-10
9.475785112e-06
6.661341318e-11
6.581537226e-11
9.475738013e-06
2.642237142e-11
2.7882253e-11
9.475705844e-06
5.099351794e-12
5.506118858e-12
9.475690443e-06
-5.627145073e-12
-6.984279962e-12
9.475685431e-06
-1.131202176e-11
-1.209133547e-11
9.475685262e-06
-1.392172569e-11
-1.244271262e-11
9.475686987e-06
-1.414967919e-11
-1.244465607e-11
9.475693477e-06
-1.248733896e-11
-1.077422362e-11
9.475698127e-06
-1.201474613e-11
-1.112942092e-11
9.475705091e-06
-1.098352166e-11
-1.226685881e-11
9.47571033e-06
-1.574140549e-11
-1.628994864e-11
-1.540172149e-11
-1.43830857e-11
9.475700282e-06
8.548342481e-11
7.617824125e-11
9.475747344e-06
7.514378943e-11
7.467463132e-11
9.475757569e-06
4.417880248e-11
4.766454656e-11
9.47575232e-06
2.177491882e-11
2.858445977e-11
9.475740682e-06
7.708070903e-12
1.374918418e-11
9.475728777e-06
-7.160646316e-13
3.378369574e-12
9.475714897e-06
-5.211607513e-12
-2.873561851e-12
9.475708714e-06
-7.978165525e-12
-5.261135371e-12
9.475702342e-06
-8.789862252e-12
-6.904235964e-12
9.475697918e-06
-8.30948242e-12
-7.354407554e-12
9.475699286e-06
-8.720384082e-12
-8.073278249e-12
9.475696404e-06
-7.337507999e-12
-8.71233976e-12
9.475694007e-06
-1.05363981e-11
-1.271217026e-11
-9.384294884e-12
-1.104972608e-11
9.475681632e-06
6.27167312e-11
9.475751094e-06
5.693307711e-11
9.475787647e-06
3.996164843e-11
9.475806015e-06
2.929048149e-11
9.475809809e-06
1.652827038e-11
9.47580783e-06
7.493256373e-12
9.475795982e-06
1.849191476e-12
9.475788868e-06
1.152979694e-12
9.475780546e-06
-1.947863529e-12
9.475773595e-06
-2.747727741e-12
9.475768354e-06
-5.780228129e-12
9.475757614e-06
-7.584954335e-12
9.475750873e-06
-8.521308996e-12
-7.220904148e-12
9.475533136e-06
-8.269907493e-11
5.622417194e-11
9.475603043e-06
-4.186460112e-11
3.552859783e-11
9.475673204e-06
-4.219846583e-11
3.411557676e-11
9.475718195e-06
-3.116231604e-11
2.53765895e-11
9.475746632e-06
-2.119988657e-11
1.878509543e-11
9.475763392e-06
-1.142256634e-11
1.299332809e-11
9.47577395e-06
-3.775229751e-12
8.793637682e-12
9.475774782e-06
9.010613167e-13
3.217475806e-12
9.475771689e-06
3.104751286e-12
1.748205372e-12
9.475767595e-06
5.160250591e-12
5.096045975e-13
9.475759115e-06
4.710628543e-12
-1.084603424e-12
9.475751275e-06
5.565326699e-12
-2.761664045e-12
9.475745489e-06
6.381946261e-12
-1.851741157e-12
9.475738301e-06
8.308148007e-12
-5.043601575e-12
7.264269629e-12
-5.323947648e-12
9.475566541e-06
-1.793027425e-10
8.413473727e-11
9.47563511e-06
-7.744751668e-11
4.303144598e-11
9.475698344e-06
-7.392806047e-11
4.254478899e-11
9.475735064e-06
-4.871193215e-11
3.023355503e-11
9.475754051e-06
-2.888311317e-11
2.10849723e-11
9.475761041e-06
-1.38490283e-11
1.215226536e-11
9.475761108e-06
-4.189917457e-12
5.627351145e-12
9.475756266e-06
1.903215966e-12
2.591522348e-13
9.47575225e-06
6.229819338e-12
-2.26999588e-12
9.475746426e-06
7.389640493e-12
-3.222615547e-12
9.475740528e-06
8.433792424e-12
-4.22692696e-12
9.475733048e-06
8.54342839e-12
-4.650113748e-12
9.475727718e-06
8.924029404e-12
-4.545653247e-12
9.475720077e-06
1.167791678e-11
-6.481756759e-12
9.315459469e-12
-7.21885392e-12
9.475678342e-06
-2.567756101e-10
1.847533984e-10
9.475744439e-06
-7.357129597e-11
8.512694052e-11
9.475791796e-06
-6.708910021e-11
7.380686683e-11
9.475802639e-06
-3.671113525e-11
4.459758918e-11
9.47579563e-06
-1.425210343e-11
2.412724967e-11
9.475782114e-06
-4.722805441e-12
1.055952105e-11
9.475769842e-06
1.590416194e-12
1.417812578e-12
9.475757828e-06
5.069780894e-12
-4.709440208e-12
9.475748964e-06
5.207792857e-12
-7.511602609e-12
9.475744114e-06
6.263471259e-12
-8.261030783e-12
9.475741692e-06
8.086324075e-12
-7.84259768e-12
9.475739763e-06
6.839878117e-12
-6.980286626e-12
9.475738414e-06
6.150903124e-12
-7.168328049e-12
9.475734515e-06
8.958721851e-12
-8.912397944e-12
8.633144941e-12
-8.175407074e-12
9.475772242e-06
-2.618504314e-10
2.8593209e-10
9.475753674e-06
-4.342795683e-11
7.451362624e-11
9.475767769e-06
-3.762358534e-11
7.902115293e-11
9.47575898e-06
-2.006968251e-11
4.043400686e-11
9.475734536e-06
-8.017313017e-12
1.25543465e-11
9.475718532e-06
-2.632819789e-12
-6.542679725e-13
9.475709403e-06
7.633018535e-13
-8.245418129e-12
9.475700931e-06
-1.621211793e-13
-1.252668196e-11
9.475699264e-06
1.744705892e-12
-1.265901771e-11
9.475701771e-06
2.672696424e-12
-1.057775562e-11
9.475699092e-06
1.278107497e-12
-1.092930907e-11
9.475702393e-06
3.329524505e-12
-9.669620243e-12
9.47570646e-06
2.298248804e-12
-8.211798502e-12
9.475707098e-06
2.872634878e-12
-1.042055325e-11
4.082790246e-12
-9.078921655e-12
9.476011902e-06
2.627610654e-10
7.136202562e-10
9.475905018e-06
4.332448066e-11
1.516586649e-10
9.475842997e-06
3.623134799e-11
1.009063306e-10
9.475792739e-06
1.842651097e-11
4.033882057e-11
9.475751891e-06
5.667562841e-12
6.910730672e-12
9.475729318e-06
1.511347068e-12
-5.885274135e-12
9.475716327e-06
-9.000536395e-13
-1.182832101e-11
9.475711556e-06
-2.342390134e-12
-1.271873224e-11
9.475712489e-06
-9.547329308e-13
-1.26133156e-11
9.475713364e-06
-1.459767055e-12
-1.109533814e-11
9.475717824e-06
-1.864152903e-12
-9.82588324e-12
9.475720618e-06
-2.332203046e-12
-1.048124628e-11
9.475727331e-06
-3.011659985e-12
-8.209156754e-12
9.475731642e-06
-5.375197917e-12
-1.055784964e-11
-4.40902427e-12
-1.106153553e-11
9.475770644e-06
2.547144688e-10
2.850568084e-10
9.475752538e-06
7.259594631e-11
7.340865655e-11
9.47576801e-06
6.642479573e-11
7.917945791e-11
9.475755308e-06
3.560921958e-11
4.019444159e-11
9.475733584e-06
1.542195654e-11
1.293280237e-11
9.475717371e-06
2.323277617e-12
-2.140412735e-12
9.475706918e-06
-4.010301641e-12
-9.176799819e-12
9.475700751e-06
-5.89630343e-12
-1.164258121e-11
9.475696277e-06
-6.867126142e-12
-1.339996397e-11
9.475696999e-06
-7.621565245e-12
-1.199511277e-11
9.475698688e-06
-8.221394194e-12
-9.633969892e-12
9.475698771e-06
-8.894164405e-12
-9.679169017e-12
9.475703346e-06
-7.714075681e-12
-6.975340663e-12
9.47570765e-06
-1.033960383e-11
-9.655774374e-12
-1.00615898e-11
-1.105609149e-11
9.475678438e-06
1.778901624e-10
1.840358183e-10
9.475742702e-06
7.671023046e-11
8.461785055e-11
9.475792146e-06
7.465138789e-11
7.594009816e-11
9.475802987e-06
4.784997967e-11
4.529144795e-11
9.475792751e-06
2.731289262e-11
2.294184952e-11
9.475781399e-06
1.300951283e-11
8.478412893e-12
9.475771511e-06
4.317356498e-12
2.993217133e-14
9.475762835e-06
-1.964522658e-12
-4.536298795e-12
9.475753031e-06
-6.606733978e-12
-7.699164082e-12
9.475749665e-06
-8.069613368e-12
-8.589959081e-12
9.47574552e-06
-9.478843867e-12
-8.073644873e-12
9.475741682e-06
-1.031209005e-11
-8.448214396e-12
9.475742278e-06
-8.665903813e-12
-7.699546632e-12
9.47573946e-06
-1.301876979e-11
-8.584472163e-12
-1.175419277e-11
-9.159185614e-12
9.475629748e-06
8.438956967e-11
9.475698071e-06
4.469841453e-11
4.388790325e-11
9.475756905e-06
4.22383609e-11
4.244937894e-11
9.475796443e-06
2.959339981e-11
3.259693734e-11
9.475813872e-06
1.819037899e-11
1.99800558e-11
9.475822297e-06
1.045715055e-11
1.209201055e-11
9.47582227e-06
3.520517753e-12
4.263167019e-12
9.475817632e-06
1.160803647e-13
7.163154849e-13
9.475811642e-06
-1.152511555e-12
-1.687101969e-12
9.475805877e-06
-4.18849143e-12
-3.829303084e-12
9.475798862e-06
-4.038963882e-12
-5.302116525e-12
9.475793575e-06
-6.435691456e-12
-6.566122087e-12
9.47578759e-06
-6.061547306e-12
-6.109899496e-12
9.475783859e-06
-7.076550745e-12
-5.607130895e-12
-6.638208725e-12
-7.290076594e-12
9.475614251e-06
3.33688126e-11
9.475679759e-06
3.154085831e-11
9.475729993e-06
2.47345917e-11
9.47575739e-06
1.752888729e-11
9.475775026e-06
1.195932346e-11
9.475784793e-06
7.744341976e-12
9.475786633e-06
3.879675997e-12
9.47578039e-06
1.154709773e-12
9.475776144e-06
-5.218963758e-13
9.475766795e-06
-3.19362915e-12
9.475759686e-06
-3.466924335e-12
9.475751853e-06
-3.679085024e-12
9.475740945e-06
-4.214796504e-12
-6.320782488e-12
9.475533777e-06
-5.47382791e-11
9.475602135e-06
-3.507558005e-11
9.475667382e-06
-3.399233158e-11
9.475718341e-06
-2.583374893e-11
9.475754005e-06
-1.885810444e-11
9.475778066e-06
-1.136321868e-11
9.475791368e-06
-6.134154786e-12
9.475800479e-06
-1.783723116e-12
9.475800207e-06
-7.355992928e-13
9.475799433e-06
1.230428229e-12
9.475792875e-06
2.480389474e-12
9.47578491e-06
3.786281159e-12
9.475774022e-06
3.12798781e-12
9.475764222e-06
6.712292021e-12
5.05822135e-12
9.475519842e-06
-1.077997117e-10
9.475591937e-06
-6.303758936e-11
9.475659307e-06
-5.800347484e-11
9.475708817e-06
-4.12568189e-11
9.475738974e-06
-2.782521084e-11
9.475754218e-06
-1.713419941e-11
9.475761419e-06
-9.032680821e-12
9.475764843e-06
-4.166344737e-12
9.475762135e-06
-2.302305598e-13
9.475756499e-06
2.698578937e-12
9.475750162e-06
3.238965077e-12
9.475742205e-06
5.032568652e-12
9.475735541e-06
5.812236927e-12
9.4757254e-06
8.553200519e-12
7.483903091e-12
9.47555419e-06
-1.333673777e-10
9.475636308e-06
-6.111055915e-11
9.475706544e-06
-5.27588651e-11
9.475743651e-06
-3.437966624e-11
9.475758724e-06
-1.987022028e-11
9.475759873e-06
-1.170546139e-11
9.475755586e-06
-5.890587832e-12
9.475747222e-06
-1.282389385e-12
9.475739888e-06
1.379954743e-14
9.475732382e-06
1.695729836e-12
9.475725208e-06
3.528807406e-12
9.475719647e-06
3.776845484e-12
9.475711529e-06
4.605991517e-12
9.475703179e-06
6.810189408e-12
7.494227606e-12
9.475631197e-06
-1.266367491e-10
9.475689174e-06
-4.806459121e-11
9.475750003e-06
-3.350290606e-11
9.475772812e-06
-2.082285142e-11
9.475776307e-06
-1.119999113e-11
9.475769748e-06
-7.339958772e-12
9.475758818e-06
-3.49123058e-12
9.47574643e-06
-1.034826945e-12
9.475738319e-06
4.185115067e-13
9.475730378e-06
8.181985044e-13
9.475722953e-06
1.540738538e-12
9.47572038e-06
1.750213871e-12
9.475717389e-06
8.530287301e-13
9.475711839e-06
1.364591823e-12
2.873999028e-12
9.475727542e-06
1.260271685e-10
9.475783581e-06
4.692794097e-11
9.475820662e-06
3.285878244e-11
9.475822373e-06
1.896367068e-11
9.475806625e-06
8.453893436e-12
9.475791308e-06
3.966926334e-12
9.475775039e-06
1.456431484e-12
9.475759186e-06
3.451213737e-14
9.475750962e-06
-1.12810563e-13
9.475743131e-06
-8.737047754e-13
9.475734312e-06
-1.074280783e-12
9.47573199e-06
-1.240214269e-12
9.4757292e-06
-1.775176707e-12
9.475724779e-06
-3.682238427e-12
-4.171247196e-12
9.475639061e-06
1.3208035e-10
9.475698268e-06
6.06458499e-11
9.475757655e-06
5.325116376e-11
9.475780011e-06
3.338621143e-11
9.475780916e-06
1.938271541e-11
9.475774447e-06
1.004723108e-11
9.475763139e-06
3.792276762e-12
9.475752401e-06
5.491185689e-13
9.475743372e-06
-1.623046751e-12
9.475734128e-06
-4.235025684e-12
9.475725986e-06
-5.490892617e-12
9.47572172e-06
-6.474964123e-12
9.475716743e-06
-7.224324234e-12
9.475712503e-06
-8.778784405e-12
-7.626525747e-12
9.47555995e-06
1.072961306e-10
9.475643127e-06
6.204484379e-11
9.475712574e-06
5.701482324e-11
9.475750096e-06
4.267790087e-11
9.475766119e-06
2.728599501e-11
9.4757707e-06
1.712335062e-11
9.475766694e-06
8.31483567e-12
9.47575888e-06
3.37863071e-12
9.475750152e-06
8.676895558e-13
9.475742014e-06
-2.764759802e-12
9.47573209e-06
-6.121516173e-12
9.475724625e-06
-8.08443173e-12
9.475719559e-06
-7.556940819e-12
9.475711887e-06
-8.862572137e-12
-9.742405624e-12
9.475529059e-06
5.461565127e-11
9.475602214e-06
3.432683255e-11
9.475671228e-06
3.153458492e-11
9.475716795e-06
2.218364706e-11
9.475747184e-06
1.657732477e-11
9.475765465e-06
1.158008725e-11
9.475773224e-06
6.277485779e-12
9.475773756e-06
2.862338077e-12
9.475769909e-06
8.848977154e-13
9.475764315e-06
-7.341768699e-13
9.475757077e-06
-2.38519399e-12
9.475751305e-06
-3.345701458e-12
9.475742816e-06
-3.404071855e-12
9.475729916e-06
-5.691841682e-12
-6.110606133e-12
9.475518612e-06
9.475586876e-06
9.475652218e-06
9.475702205e-06
9.475739e-06
9.475762779e-06
9.475778515e-06
9.475785306e-06
9.475786009e-06
9.475781994e-06
9.475777977e-06
9.475770252e-06
9.475760641e-06
9.475747381e-06
)
;

boundaryField
{
    top
    {
        type            calculated;
        value           uniform 0;
    }
    bottom
    {
        type            calculated;
        value           uniform 0;
    }
    side-walls
    {
        type            calculated;
        value           uniform 0;
    }
    inlet
    {
        type            calculated;
        value           nonuniform 0();
    }
    outlet
    {
        type            calculated;
        value           nonuniform List<scalar> 
81
(
9.475755689e-06
9.475698685e-06
9.475707591e-06
9.47573052e-06
9.475719323e-06
9.475717822e-06
9.475696906e-06
9.475748968e-06
9.475756638e-06
9.475728741e-06
9.475758492e-06
9.475732016e-06
9.475728232e-06
9.475666071e-06
9.47571089e-06
9.475719652e-06
9.475727038e-06
9.475720054e-06
9.475714535e-06
9.475693031e-06
9.475738584e-06
9.475713335e-06
9.475729555e-06
9.475748649e-06
9.475702509e-06
9.475711405e-06
9.475728437e-06
9.475713552e-06
9.475714487e-06
9.475747112e-06
9.475749225e-06
9.475889386e-06
9.475783112e-06
9.475726875e-06
9.475694339e-06
9.475717488e-06
9.475716787e-06
9.475708525e-06
9.475753479e-06
9.475876604e-06
9.547536051e-06
9.475889404e-06
9.4757265e-06
9.475749821e-06
9.475720501e-06
9.475692768e-06
9.475734099e-06
9.475728655e-06
9.475775153e-06
9.475868059e-06
9.47578618e-06
9.475748531e-06
9.475724163e-06
9.475718551e-06
9.475728782e-06
9.475743936e-06
9.475701704e-06
9.475754037e-06
9.475725807e-06
9.475754532e-06
9.475716673e-06
9.475695634e-06
9.475749971e-06
9.475728361e-06
9.475711963e-06
9.475733055e-06
9.47571009e-06
9.475730712e-06
9.475708074e-06
9.475737022e-06
9.475775696e-06
9.47573045e-06
9.475749841e-06
9.475713995e-06
9.475698035e-06
9.475705281e-06
9.475722421e-06
9.475710299e-06
9.47570507e-06
9.475719947e-06
9.475740338e-06
)
;
    }
    procBoundary1to0
    {
        type            processor;
        value           nonuniform List<scalar> 
97
(
-9.475535904e-06
5.300559777e-11
-9.475507943e-06
-9.475561826e-06
-9.47565205e-06
-9.475725114e-06
-9.475641722e-06
-9.475552857e-06
-9.475557002e-06
-9.47553627e-06
-9.47540098e-06
-8.542964221e-11
-9.475616714e-06
1.792527411e-10
-9.475671746e-06
-9.475793104e-06
-9.475947172e-06
-9.475775326e-06
-9.475657009e-06
-9.475583068e-06
-9.475530807e-06
-9.475366548e-06
-9.475315707e-06
-4.195321007e-10
-9.475865769e-06
7.190606922e-10
-9.476087488e-06
-9.476685783e-06
-9.476121397e-06
-9.47582609e-06
-9.475644579e-06
-9.475584224e-06
-9.475357653e-06
-9.475366774e-06
-9.475345567e-06
-1.409270708e-09
-9.476172038e-06
1.544811464e-09
-9.477168315e-06
-9.476204367e-06
-9.476098747e-06
-9.4757571e-06
-9.475632707e-06
-9.475267372e-06
-9.475163129e-06
-9.474780559e-06
-9.475046913e-06
-1.075364059e-08
-9.534472969e-06
-1.075398185e-08
-9.477162973e-06
-1.548114955e-09
-9.476680532e-06
-9.47602064e-06
-9.47571806e-06
-9.475333243e-06
-9.475384589e-06
-9.47532265e-06
-9.475919456e-06
-9.47504253e-06
-9.475929725e-06
1.407722608e-09
-9.476120837e-06
-7.208565441e-10
-9.47578838e-06
-9.475643138e-06
-9.47537348e-06
-9.475368881e-06
-9.475230185e-06
-9.475348913e-06
-9.474754253e-06
-9.47535098e-06
-9.475250438e-06
4.209916271e-10
-9.47563386e-06
-1.778002153e-10
-9.475597568e-06
-9.475394741e-06
-9.475382647e-06
-9.475368368e-06
-9.475360117e-06
-9.475187927e-06
-9.475359834e-06
-9.475365481e-06
-9.475441996e-06
8.484308091e-11
-9.475542728e-06
-5.368171045e-11
-9.475425318e-06
-9.47538315e-06
-9.475344499e-06
-9.475347936e-06
-9.475266562e-06
-9.475358533e-06
-9.475349066e-06
-9.475390551e-06
-9.475409561e-06
)
;
    }
}


// ************************************************************************* //
