/*--------------------------------*- C++ -*----------------------------------*\
| =========                 |                                                 |
| \\      /  F ield         | OpenFOAM: The Open Source CFD Toolbox           |
|  \\    /   O peration     | Version:  4.x                                   |
|   \\  /    A nd           | Web:      www.OpenFOAM.org                      |
|    \\/     M anipulation  |                                                 |
\*---------------------------------------------------------------------------*/
FoamFile
{
    version     2.0;
    format      ascii;
    class       volVectorField;
    location    "2000";
    object      U;
}
// * * * * * * * * * * * * * * * * * * * * * * * * * * * * * * * * * * * * * //

dimensions      [0 1 -1 0 0 0 0];

internalField   nonuniform List<vector> 
1175
(
(0.01099999948 8.461299246e-10 9.174982738e-10)
(0.0110000017 1.356472597e-09 1.262777614e-09)
(0.01100000048 2.558867075e-11 5.356096711e-10)
(0.01099999978 -3.41061494e-09 2.757279703e-09)
(0.0109999979 -3.940228694e-10 7.20185399e-10)
(0.01099999902 6.329495816e-10 1.547189754e-09)
(0.01099999797 -3.787975469e-10 1.424507487e-09)
(0.01099999711 -1.011050424e-09 1.581956621e-10)
(0.01099999834 -2.576001927e-10 -1.585221487e-09)
(0.01099999544 2.0950067e-09 -3.033656638e-09)
(0.01100000267 -1.669332941e-09 -2.961917609e-09)
(0.01099999707 -1.3804126e-09 -2.136895833e-09)
(0.01100003559 -1.325762866e-08 -1.330890029e-08)
(0.01100005205 -8.570969718e-09 -8.154719647e-09)
(0.01100012804 -3.966290919e-08 -3.732940659e-08)
(0.01100000021 -1.008426606e-09 5.594819376e-10)
(0.01099999865 -6.440389399e-10 -2.807242955e-09)
(0.01100000086 1.310283098e-10 1.534073006e-09)
(0.0110000005 -9.362590587e-10 1.825699731e-09)
(0.01100000003 -1.139309508e-09 6.867171485e-10)
(0.01099999677 3.203567976e-10 -8.606339127e-11)
(0.01099999639 5.466362668e-10 1.99969914e-10)
(0.01099999556 3.151260322e-10 6.539147097e-10)
(0.01099999734 5.235488792e-10 2.157521468e-10)
(0.01099998963 1.683614414e-10 2.014044367e-10)
(0.01099999973 -5.797487335e-09 -7.542558978e-11)
(0.01099998455 -6.354435453e-09 -8.554139423e-10)
(0.01100002733 -3.702370134e-08 -1.362786935e-08)
(0.01100002208 -3.18000264e-08 -4.755239039e-09)
(0.01100011065 -1.40418784e-07 -5.861894693e-08)
(0.01099999866 1.883152317e-09 8.49620981e-10)
(0.0109999993 1.141598067e-09 3.41038909e-10)
(0.01099999824 1.130564709e-09 7.275662325e-10)
(0.01099999988 -1.410013242e-10 2.383214444e-09)
(0.01100000142 1.259282167e-10 1.842179593e-09)
(0.01099999792 -5.804325486e-10 -6.34900776e-10)
(0.01099999834 3.080828695e-10 9.112788807e-10)
(0.01099999425 3.954631568e-10 2.666151213e-10)
(0.01099999878 1.985820543e-09 -2.342110595e-09)
(0.01099998494 2.608265431e-09 -5.057645542e-10)
(0.01099999523 -5.694779012e-09 -1.542451386e-09)
(0.0109999593 -4.069433358e-09 -1.31753925e-09)
(0.01100000385 -3.934351027e-08 -1.663663032e-08)
(0.01099994021 -2.329681356e-08 -6.033210416e-09)
(0.01100005475 -1.793040578e-07 -1.223329937e-07)
(0.01099999993 -7.938900277e-10 3.54108518e-10)
(0.01099999956 1.694153364e-09 1.487747231e-09)
(0.01099999911 -2.476216613e-10 1.343283362e-09)
(0.01099999912 1.424341265e-09 -3.927038135e-10)
(0.01099999904 6.473618077e-10 -1.369982079e-10)
(0.01099999883 -5.948327297e-10 8.44443606e-10)
(0.01099999954 -7.191860551e-10 8.911648856e-10)
(0.01099999623 1.10422669e-09 1.721287263e-10)
(0.01099999965 1.397189715e-09 4.619336352e-10)
(0.01099998496 2.028088698e-09 1.382156752e-09)
(0.01099999752 -3.667392574e-09 3.730177261e-09)
(0.0109999522 -3.442264061e-09 5.622846589e-09)
(0.01099999814 -5.103547627e-08 -1.363572364e-08)
(0.01099987779 -3.906608777e-08 4.881953997e-09)
(0.01100003355 -2.879313768e-07 -1.754659149e-07)
(0.0109999998 1.773776166e-10 -1.746411263e-09)
(0.01099999833 -7.580680249e-10 -1.777248226e-09)
(0.01099999839 1.28878994e-09 -1.189191771e-09)
(0.01100000011 7.863235119e-10 -7.119382895e-10)
(0.01099999704 -1.365262721e-09 2.863046926e-10)
(0.01100000022 -1.839070437e-09 5.959353027e-11)
(0.01100000151 7.069055541e-10 1.389911342e-09)
(0.01099999706 -6.617588548e-10 2.101623508e-09)
(0.0110000006 -6.67670484e-10 1.671359742e-09)
(0.01099997987 -6.008927743e-10 2.311081819e-09)
(0.01099998892 -7.137778875e-10 2.668344511e-09)
(0.01099991405 -8.865599124e-10 4.690116806e-09)
(0.01099995708 1.143433724e-09 -2.602100354e-08)
(0.0109996994 -6.285955974e-10 -3.825664941e-09)
(0.01099992972 -1.266738393e-09 -4.313601372e-07)
(0.01099999934 -1.226746492e-09 9.380864256e-10)
(0.01100000114 -6.99686201e-10 1.706696164e-09)
(0.01099999807 -3.571707106e-10 -2.119003875e-10)
(0.01100000017 -3.716456864e-10 1.133563889e-09)
(0.0109999994 4.707324373e-10 -1.62078885e-10)
(0.01100000284 4.202405956e-10 3.683981097e-10)
(0.01100000073 -1.154184744e-09 2.361700379e-09)
(0.01099999708 -5.781879265e-10 3.28205057e-09)
(0.01099999934 2.494860468e-10 2.360395492e-09)
(0.01099998592 -8.698236264e-10 1.250269621e-09)
(0.01099999421 4.607655561e-09 3.054348502e-09)
(0.01099994695 5.081475734e-09 6.674830307e-09)
(0.01099999937 4.994246115e-08 -9.98409581e-09)
(0.01099987688 3.93287836e-08 6.507114999e-09)
(0.01100003347 2.887225695e-07 -1.761949879e-07)
(0.01100000025 -2.392188547e-10 4.557225886e-10)
(0.01100000078 4.589439288e-10 -3.883095058e-10)
(0.01100000106 -1.298186171e-09 3.365813242e-10)
(0.01099999641 1.222982434e-09 -1.289227111e-09)
(0.01099999672 2.656084913e-10 -1.02341448e-09)
(0.01099999734 -1.739120042e-09 7.227174201e-10)
(0.01099999888 -1.25091442e-09 -4.319273482e-10)
(0.0109999977 -1.25969488e-09 4.833938524e-10)
(0.01099999744 -3.005132262e-09 3.398712554e-09)
(0.01099998575 -3.364756741e-09 8.520681955e-10)
(0.01099999622 3.308597887e-09 -4.918918932e-10)
(0.01099996095 1.041865615e-09 4.988706716e-10)
(0.01100000181 3.808732764e-08 -1.866699498e-08)
(0.01099993953 2.198602668e-08 -4.095507217e-09)
(0.01100005385 1.786641e-07 -1.217651052e-07)
(0.01100000061 -5.647201628e-10 -5.357957357e-10)
(0.01099999663 4.258479204e-10 1.799917517e-09)
(0.01099999848 1.086579653e-09 2.908495518e-09)
(0.0110000003 -5.361385531e-10 -1.013629886e-09)
(0.01099999789 -3.033046749e-10 2.038146507e-10)
(0.01099999795 7.073273136e-10 1.759342976e-09)
(0.01099999754 -4.246545242e-10 3.514557833e-09)
(0.01099999647 -1.949536051e-09 1.829990489e-09)
(0.01099999987 -1.756347366e-09 7.265898764e-10)
(0.01099999019 -5.912513063e-11 8.001941311e-10)
(0.01100000121 5.873235469e-09 -7.780470541e-10)
(0.01099998471 5.893446317e-09 1.274757711e-09)
(0.01100002706 3.749951545e-08 -1.460704828e-08)
(0.01100002166 3.12931409e-08 -4.576823769e-09)
(0.01100010733 1.394522972e-07 -5.803646344e-08)
(0.01100000086 8.06409979e-10 -7.266460031e-11)
(0.01099999927 5.735824975e-10 -1.428080097e-09)
(0.01099999946 7.863272946e-10 -1.421120334e-09)
(0.01099999732 1.129961622e-09 1.780862168e-09)
(0.01099999837 1.830161871e-09 1.832452277e-09)
(0.01099999899 5.325246749e-10 1.121019979e-09)
(0.01099999684 -6.305431399e-10 3.873603228e-09)
(0.01099999454 -4.299415203e-10 2.894196538e-09)
(0.01100000001 -1.342104633e-11 1.187151112e-09)
(0.01099999455 -1.376682232e-09 3.728960541e-09)
(0.01100000601 8.634303009e-10 -9.764548263e-10)
(0.01099999768 1.414692018e-09 -6.526651279e-10)
(0.01100003546 1.210958034e-08 -1.491114164e-08)
(0.01100005253 8.288012263e-09 -8.805821622e-09)
(0.01100012739 3.974318542e-08 -3.971889007e-08)
(0.01099999895 -8.309032323e-11 -8.275484404e-10)
(0.01099999995 1.055849408e-09 1.875504428e-10)
(0.0109999995 5.918259838e-10 -2.707808383e-10)
(0.01099999746 -1.75687825e-10 1.123277586e-09)
(0.01100000088 8.400506465e-10 1.478281435e-09)
(0.01099999973 -8.610723698e-10 1.092833466e-09)
(0.01099999689 -1.42837353e-09 9.532534662e-11)
(0.01099999563 7.527489155e-10 5.718067065e-10)
(0.01099999861 -1.549826997e-09 4.732625016e-10)
(0.01099999048 1.177973313e-09 -2.255438659e-10)
(0.01100000099 -7.855412084e-10 -8.034465333e-09)
(0.01099998311 1.680036447e-10 -7.897231455e-09)
(0.01100002607 -1.331635482e-08 -3.874049081e-08)
(0.01100002002 -5.331805766e-09 -3.084028425e-08)
(0.0109999996 -1.105511923e-09 -8.703773848e-10)
(0.01099999909 2.463140014e-10 5.836730942e-10)
(0.01099999866 4.877489492e-11 5.679955735e-12)
(0.01099999965 -1.502534097e-09 1.657222779e-09)
(0.01099999928 -6.049209018e-10 8.853272564e-10)
(0.01099999837 2.231095234e-10 4.297524762e-10)
(0.01099999933 -5.445817963e-10 1.262271818e-09)
(0.01099999385 -1.134236345e-10 5.190599437e-10)
(0.01099999974 8.018855138e-10 1.255525563e-09)
(0.0109999907 5.162700198e-10 1.51421842e-09)
(0.01099999848 -4.153103414e-09 -4.079057183e-09)
(0.01099996984 -3.264530889e-09 -3.074131857e-09)
(0.01100001933 -4.311055973e-08 -4.393421776e-08)
(0.01099997073 -2.652805079e-08 -2.621952943e-08)
(0.01100008458 -2.24676361e-07 -2.246804744e-07)
(0.01100000046 1.730048701e-09 -8.345117748e-10)
(0.01099999886 1.019387779e-09 2.554901703e-10)
(0.01099999927 -6.703335844e-11 5.787463345e-10)
(0.01099999832 7.592039051e-10 2.095377684e-09)
(0.01099999996 -5.24074237e-10 1.173998241e-09)
(0.01099999969 8.451208349e-10 1.796380479e-09)
(0.0109999988 3.588262803e-10 1.522272856e-09)
(0.01099999378 1.370476725e-09 2.141942258e-09)
(0.01100000035 1.359485246e-09 2.847635808e-09)
(0.01099998637 4.30897987e-09 3.94430108e-09)
(0.01099999602 1.088270141e-09 -1.030026864e-09)
(0.0109999408 4.897967248e-09 2.519833502e-09)
(0.01099998805 -3.476377939e-08 -5.735827124e-08)
(0.0109998393 -9.530771277e-09 -2.647046352e-08)
(0.01099999386 -3.024732506e-07 -4.884567255e-07)
(0.01099999894 -5.70778083e-12 -1.551770855e-09)
(0.01099999655 2.960650661e-10 -8.63287836e-10)
(0.01100000202 -5.084164551e-12 -1.315115739e-09)
(0.0110000001 1.981103938e-10 1.008022368e-10)
(0.01100000018 8.663300497e-11 1.034118546e-09)
(0.01099999997 -3.614274134e-10 1.590442513e-09)
(0.01099999716 1.565236724e-09 1.637447889e-09)
(0.01099999676 2.152408182e-09 2.040975317e-09)
(0.01100000069 2.962597953e-09 5.862361749e-09)
(0.01099998641 3.224826944e-09 8.337824013e-09)
(0.01100000105 -3.410669893e-11 1.217086832e-08)
(0.01099993872 3.747600317e-09 1.441353799e-08)
(0.01099997832 -5.947538119e-08 -3.401009382e-08)
(0.01099973951 -3.666671578e-08 -1.05430429e-09)
(0.01099993947 -6.102788144e-07 -7.862514683e-07)
(0.01099999993 -1.389466194e-09 -6.82765125e-11)
(0.01099999807 1.46474143e-09 -1.719827073e-10)
(0.01100000109 8.239406358e-10 -4.997245232e-10)
(0.01100000057 4.34898076e-10 7.852843208e-10)
(0.01100000197 -8.792414875e-10 7.802995707e-10)
(0.0109999989 -1.286782139e-09 7.803580152e-10)
(0.01100000203 1.327075727e-10 3.981958047e-09)
(0.01099999767 1.422860286e-09 4.629965007e-09)
(0.01099999946 -1.169116479e-10 7.124092268e-09)
(0.01099998481 -6.686074387e-10 1.212934602e-08)
(0.01099999427 -1.051663425e-09 1.791689217e-08)
(0.01099988799 -6.999901387e-10 3.062138763e-08)
(0.0109999153 -2.559941915e-10 -7.210193452e-08)
(0.01099934106 -3.291400239e-10 -8.446677934e-09)
(0.01099968692 -3.039771737e-10 -1.946659237e-06)
(0.01100000061 -1.874620305e-10 -3.594617986e-10)
(0.01099999931 -7.407507475e-10 -1.080919835e-10)
(0.01099999966 -7.602546992e-11 1.074239105e-09)
(0.01099999786 9.948887374e-10 -1.790796546e-10)
(0.01100000056 -1.162496442e-09 4.266405546e-10)
(0.01100000003 -5.461563806e-10 6.583884757e-10)
(0.01100000136 -3.467906236e-10 1.044167393e-09)
(0.01099999916 -1.99573511e-09 2.142463903e-09)
(0.01099999939 -1.845481894e-09 6.102340709e-09)
(0.01099999156 -4.106114603e-09 8.484270042e-09)
(0.01099999984 -6.449397095e-10 1.296813851e-08)
(0.01099993789 -4.052977616e-09 1.646881099e-08)
(0.01099998119 5.906343166e-08 -3.258863041e-08)
(0.01099973532 3.623404439e-08 -5.55206431e-10)
(0.01099993841 6.083442517e-07 -7.857883557e-07)
(0.0109999999 -1.15408374e-09 -1.126212375e-09)
(0.01100000029 -4.259015055e-10 -1.7671753e-10)
(0.010999999 1.249357081e-09 3.226247098e-10)
(0.01099999801 -8.451757793e-10 1.41828993e-09)
(0.01099999958 4.822900029e-10 -2.795913772e-10)
(0.01099999749 -6.89257398e-10 1.629002612e-09)
(0.0110000008 -1.464301991e-09 1.689196252e-09)
(0.01099999672 -2.685057752e-09 2.28570352e-09)
(0.01099999508 -3.315437989e-09 1.941873979e-09)
(0.01099998621 -3.198249898e-09 3.939853651e-09)
(0.01099999409 -1.784786256e-09 2.127172339e-09)
(0.01099994421 -5.364737299e-09 4.569987138e-09)
(0.01099998588 3.58014829e-08 -5.671109871e-08)
(0.01099983334 8.477622963e-09 -2.689107079e-08)
(0.01099999324 3.028055957e-07 -4.87355772e-07)
(0.01100000075 -4.257482228e-10 -4.189070031e-10)
(0.01100000193 1.634110477e-10 -1.782011291e-09)
(0.01099999898 6.130034835e-10 -5.011410868e-11)
(0.01099999826 9.895564685e-10 4.349651226e-10)
(0.0109999994 1.026137717e-09 5.998812734e-10)
(0.01099999831 -1.04493575e-10 5.255361808e-10)
(0.01099999853 -9.621576795e-10 1.501494897e-09)
(0.01099999305 -1.295163457e-09 1.908003732e-09)
(0.01099999739 -3.657394243e-10 2.091926745e-09)
(0.01099998842 -3.021298926e-09 1.563767304e-09)
(0.0110000008 3.106962106e-09 -1.342547708e-09)
(0.01099997295 2.610754739e-09 -2.58322727e-09)
(0.0110000165 4.29063145e-08 -4.341063351e-08)
(0.01099996983 2.429109788e-08 -2.645464411e-08)
(0.0110000818 2.238244997e-07 -2.22272792e-07)
(0.01100000139 3.52315457e-10 -3.52824623e-11)
(0.01100000002 1.589676428e-09 7.095283469e-10)
(0.01099999807 1.555332912e-09 -4.517796034e-10)
(0.0109999984 1.48317942e-09 1.301325246e-10)
(0.01099999699 5.810690848e-10 -1.321164207e-09)
(0.0109999974 4.533907197e-10 -1.833563607e-10)
(0.01099999623 -1.618351932e-09 -5.410352238e-10)
(0.01099999382 -7.973667817e-10 6.617403899e-10)
(0.01099999832 -3.295350359e-09 -8.85562781e-10)
(0.01099998898 -2.060284236e-09 6.312218658e-10)
(0.01100000321 -5.630625597e-10 -5.819839102e-09)
(0.01099998631 -5.585502076e-10 -5.627141082e-09)
(0.01100002828 1.123123482e-08 -3.758193676e-08)
(0.01100001944 4.886653919e-09 -3.131769862e-08)
(0.01100010999 5.79509852e-08 -1.398195764e-07)
(0.01100000029 -8.671154342e-11 -2.151956361e-09)
(0.01100000014 1.472391467e-09 -3.096684541e-09)
(0.01099999991 1.154349817e-09 -1.697423354e-09)
(0.01099999955 -1.498269466e-09 -1.504433334e-09)
(0.0109999998 4.236908138e-10 -1.262018886e-09)
(0.01099999913 1.945850718e-09 -1.228761386e-09)
(0.01099999811 -1.289765773e-09 -8.657639584e-10)
(0.01099999434 1.231323938e-09 6.032385346e-10)
(0.01099999674 1.983342098e-09 -1.268888579e-09)
(0.01099998651 2.380175419e-09 -3.744964937e-10)
(0.01099999657 1.130040294e-09 -7.190401564e-09)
(0.01099995955 3.540506958e-09 -4.229213655e-09)
(0.01100000261 -1.86398402e-08 -3.878938019e-08)
(0.01099993916 -2.831136163e-09 -2.557128496e-08)
(0.01099999851 4.325719542e-10 -3.094588188e-09)
(0.01100000031 6.492990356e-10 -5.976849001e-10)
(0.01099999976 4.108910433e-10 -2.686085621e-10)
(0.01099999909 4.525247861e-10 6.96244664e-10)
(0.01099999753 -4.068186625e-10 -9.904598626e-11)
(0.01099999634 1.060013433e-09 -1.681876982e-09)
(0.0109999991 -1.970952332e-10 -8.679655103e-11)
(0.01099999576 2.244764936e-09 1.444160949e-09)
(0.01099999799 2.31592906e-09 2.34961259e-09)
(0.01099998588 4.825336389e-09 3.904812404e-09)
(0.01099999413 1.026355232e-09 -6.006189511e-11)
(0.01099994448 3.329645914e-09 2.703455483e-09)
(0.01099998881 -5.666157965e-08 -3.638609722e-08)
(0.0109998366 -2.788045709e-08 -9.422414559e-09)
(0.01099999903 -1.076986582e-10 -1.433450521e-09)
(0.01100000112 -4.95130051e-10 -1.484508752e-09)
(0.01099999977 -1.073844133e-09 -1.489315183e-09)
(0.01100000007 -1.28734153e-09 3.633234804e-09)
(0.0109999983 3.520987954e-10 1.469560755e-09)
(0.01099999726 1.26988081e-09 -1.197017449e-09)
(0.01099999895 2.570154322e-09 2.123159244e-09)
(0.01099999538 3.938483584e-09 2.649279143e-09)
(0.01100000306 6.346881695e-09 7.788366795e-09)
(0.01099998321 8.801467049e-09 9.682257505e-09)
(0.01099999146 1.552218094e-08 1.213939544e-08)
(0.01099990357 1.779178804e-08 1.757824856e-08)
(0.01099993372 -2.764062051e-08 -2.876605977e-08)
(0.0109995471 5.212329535e-09 3.783913508e-09)
(0.01099974966 -7.490442348e-07 -7.526594846e-07)
(0.01100000048 7.117422869e-10 -2.445911357e-09)
(0.01099999914 1.622841322e-10 -2.09888982e-09)
(0.01100000055 1.785576663e-10 3.834928806e-11)
(0.01100000038 -5.437991816e-10 6.234114263e-10)
(0.01100000273 -6.884386702e-10 3.141692686e-10)
(0.01099999954 -4.763058503e-12 -6.801970676e-10)
(0.011 1.925069377e-09 2.562268747e-09)
(0.01099999843 3.268965272e-09 5.493136567e-09)
(0.01100000515 4.811174767e-09 1.118023773e-08)
(0.0109999919 9.576733804e-09 1.725559625e-08)
(0.01099999787 1.239996878e-08 3.96529566e-08)
(0.01099991988 2.239443118e-08 3.982256621e-08)
(0.01099988703 -6.577688084e-08 7.798815647e-08)
(0.0109993357 -1.735887059e-08 3.504708175e-08)
(0.01099934455 -1.768263005e-06 -1.174788264e-06)
(0.01100000047 1.010353315e-09 -2.64689462e-09)
(0.01099999792 1.231045312e-09 -1.104782225e-09)
(0.01099999978 1.860452556e-09 9.336845094e-10)
(0.01099999748 6.826822327e-10 8.718669266e-10)
(0.01100000114 -4.656190475e-10 2.999061666e-10)
(0.01100000083 -7.780571973e-10 1.922876245e-09)
(0.01100000129 -8.683181156e-10 3.407029169e-09)
(0.01099999958 8.718623773e-10 6.373758227e-09)
(0.01100000648 2.041408769e-09 1.405486855e-08)
(0.01099999494 4.87754171e-10 2.632358178e-08)
(0.01100000056 -1.435333262e-09 6.136736777e-08)
(0.01099984569 4.026338908e-10 8.385045978e-08)
(0.01099975632 2.332974111e-10 1.163409093e-07)
(0.01099825837 -4.010239381e-11 6.29053278e-08)
(0.01099796986 -6.794598324e-11 -4.061663279e-06)
(0.01099999924 -1.645649682e-09 -1.434178831e-09)
(0.01100000002 -7.278513153e-10 -1.898888434e-09)
(0.01099999858 -7.558589346e-11 -4.954855567e-10)
(0.0109999988 -8.287217007e-10 -1.107922573e-09)
(0.0110000011 -5.26333176e-10 1.86725593e-09)
(0.01100000046 -1.122579263e-10 1.364955283e-09)
(0.01099999989 -2.404916077e-09 3.082496834e-09)
(0.01100000333 -4.54075658e-09 3.617579876e-09)
(0.0110000037 -5.771832854e-09 1.283635426e-08)
(0.01099999417 -1.057505889e-08 1.768343675e-08)
(0.0109999996 -1.200899578e-08 3.860639802e-08)
(0.01099992156 -2.315538574e-08 4.07206838e-08)
(0.01099988638 6.530501091e-08 7.917571629e-08)
(0.01099933424 1.579811386e-08 3.67992811e-08)
(0.01099934309 1.769004899e-06 -1.175409016e-06)
(0.01099999995 -5.240339256e-10 -1.339267808e-09)
(0.01100000275 -8.264503963e-10 -1.710588441e-09)
(0.01099999909 -3.06990729e-10 -7.949662314e-10)
(0.01100000012 2.276049142e-09 1.722901526e-09)
(0.01100000236 1.762857534e-09 3.096231593e-09)
(0.01099999623 3.796886257e-10 1.737688286e-09)
(0.0109999992 -1.640375636e-10 1.127595089e-09)
(0.01099999492 -3.611095522e-09 1.564147907e-09)
(0.01099999653 -8.989212987e-09 5.270239415e-09)
(0.01099998413 -1.036504038e-08 9.201598958e-09)
(0.01099999036 -1.324632428e-08 1.337494252e-08)
(0.01099990484 -1.786025646e-08 1.568768382e-08)
(0.01099993212 2.606018106e-08 -2.847956242e-08)
(0.01099954497 -6.198451164e-09 5.306374524e-09)
(0.01099974963 7.510163676e-07 -7.519922386e-07)
(0.01099999963 -3.867561844e-10 5.025944238e-10)
(0.01100000086 -3.803451122e-10 3.139247019e-10)
(0.01099999992 -5.706070424e-10 -5.880097058e-10)
(0.01099999834 -1.816034957e-09 -1.759647624e-10)
(0.01099999961 -2.036177843e-09 1.756483071e-09)
(0.01100000002 -2.533233081e-09 1.661526024e-09)
(0.01099999727 -4.332810092e-09 6.738694248e-10)
(0.01099999321 -3.268320271e-09 -7.101265356e-10)
(0.01099999686 -3.090469538e-09 3.383686902e-10)
(0.01099998513 -5.480015644e-09 3.709557281e-09)
(0.01099999377 -2.105742273e-09 -6.161510272e-10)
(0.01099994145 -4.484133914e-09 4.113259518e-09)
(0.01099998876 5.714498617e-08 -3.812895696e-08)
(0.01099983445 2.712045539e-08 -1.057485963e-08)
(0.0109999949 4.874518405e-07 -3.038834105e-07)
(0.01100000122 4.918099119e-11 -4.211121472e-10)
(0.01100000049 7.856102396e-10 -2.18736737e-09)
(0.01100000006 5.050963233e-10 -1.992588382e-09)
(0.01099999918 1.046473553e-09 -2.038930651e-09)
(0.01099999808 -2.066208616e-09 1.45244214e-10)
(0.01099999767 -2.416216197e-09 7.710082805e-11)
(0.01099999615 -1.301476023e-09 -6.338688896e-11)
(0.01099999551 -3.329191723e-09 -1.999083152e-09)
(0.01099999742 -1.826711641e-09 -1.994034333e-10)
(0.01099998434 -2.132758722e-09 5.544620736e-10)
(0.01099999679 -3.351451577e-09 -4.093178364e-09)
(0.01099996078 -1.108660537e-09 -4.817933035e-09)
(0.01100000357 1.823626386e-08 -3.920709632e-08)
(0.01099993948 3.51574041e-09 -2.362440212e-08)
(0.01100005519 1.225518681e-07 -1.786797198e-07)
(0.01099999975 7.278603748e-11 -2.853155434e-10)
(0.01100000003 -3.214155347e-10 -1.147214637e-09)
(0.01099999988 5.349531646e-10 -5.663477525e-10)
(0.01099999832 1.276562554e-09 -9.142162002e-10)
(0.01100000023 1.416061644e-09 -3.953859888e-10)
(0.01099999714 6.295449315e-10 8.384989614e-10)
(0.01099999741 -2.67509812e-10 9.549556657e-10)
(0.01099999386 1.038429771e-09 1.376044664e-09)
(0.0109999997 9.659073984e-10 1.433397931e-09)
(0.01099998434 1.86653295e-09 1.791126467e-09)
(0.0109999937 4.464757736e-09 -4.374823025e-09)
(0.010999949 5.520240904e-09 -4.294599158e-09)
(0.01099999545 -9.859469129e-09 -4.960828343e-08)
(0.01099987852 7.864429981e-09 -3.943063781e-08)
(0.01099999997 3.343695064e-10 -5.204174525e-10)
(0.0110000022 -8.851807251e-10 -1.044332646e-09)
(0.01100000058 -1.694506464e-09 -1.414409029e-09)
(0.01099999918 2.279861027e-09 -4.527235221e-11)
(0.01099999963 -7.578102978e-10 -4.216351276e-10)
(0.01099999757 -6.653177743e-10 5.706567475e-10)
(0.01100000049 1.020235631e-09 4.861971219e-10)
(0.01099999698 2.408331319e-09 2.025609214e-09)
(0.01100000062 6.126042405e-09 2.324232835e-09)
(0.01099998566 9.25800141e-09 3.674327278e-09)
(0.01099999969 1.343164727e-08 1.537955795e-10)
(0.01099993694 1.614028327e-08 4.138105112e-09)
(0.01099998071 -3.379898728e-08 -5.7751464e-08)
(0.01099973646 -2.097290043e-09 -3.531164481e-08)
(0.01099999879 -5.141763037e-10 -1.405513005e-09)
(0.01100000107 -8.385713885e-10 -9.027009356e-10)
(0.01100000126 7.201086682e-10 -5.315014327e-11)
(0.01100000029 3.341418941e-10 -4.959031276e-10)
(0.0109999991 1.026041719e-09 6.695927475e-10)
(0.01100000029 1.20096905e-09 5.115841794e-10)
(0.01100000006 2.866433281e-09 8.472381441e-10)
(0.01100000051 3.701729462e-09 2.967604273e-09)
(0.01100000521 1.136864174e-08 5.188482739e-09)
(0.01099999235 1.595526308e-08 9.603761783e-09)
(0.01099999985 4.041242455e-08 1.325547713e-08)
(0.01099991832 4.068088651e-08 2.343362497e-08)
(0.01099988543 7.867787069e-08 -6.671984862e-08)
(0.0109993359 3.634434545e-08 -1.551130435e-08)
(0.0109999995 7.705530747e-11 -1.393727087e-09)
(0.01100000044 3.625673785e-10 2.655538267e-10)
(0.01100000103 6.729770922e-10 -1.880637633e-10)
(0.01100000169 -1.170727011e-09 4.637145432e-10)
(0.01100000091 1.133285726e-10 -4.685745042e-10)
(0.01099999868 3.056308974e-10 -3.847236609e-10)
(0.01100000489 2.749244169e-09 1.211008334e-09)
(0.01100000475 6.02871781e-09 4.016479824e-09)
(0.01100001498 9.581760485e-09 1.19992795e-08)
(0.01100001844 1.837018909e-08 1.88717354e-08)
(0.01100001767 4.655276891e-08 4.612386784e-08)
(0.01100003695 6.768335472e-08 6.795398631e-08)
(0.01099970766 8.459752569e-08 8.187784293e-08)
(0.01099947565 2.487025241e-08 2.481308361e-08)
(0.01099719744 -3.917521556e-06 -3.922068858e-06)
(0.01100000171 1.145071102e-09 -9.981689587e-10)
(0.01100000053 6.860633159e-10 -1.313316889e-09)
(0.01100000179 4.213122052e-10 -8.938878274e-10)
(0.01100000066 1.242142848e-10 -1.084598322e-09)
(0.01099999918 -2.126610179e-10 9.656510792e-10)
(0.01100000222 1.428490848e-09 8.474156403e-11)
(0.01100000504 -1.780692217e-09 2.620430261e-09)
(0.01100000705 -8.761239991e-10 5.109470679e-09)
(0.01100002202 1.177251427e-10 1.574913569e-08)
(0.01100003541 -1.264914433e-10 3.275607684e-08)
(0.01100004407 -1.151162584e-09 8.200858076e-08)
(0.01100003519 3.278172096e-10 2.184826617e-07)
(0.01099937847 9.898023556e-10 2.779839605e-07)
(0.01099763398 1.972869608e-09 1.419086648e-06)
(0.01098831342 -1.174329102e-09 -1.874862688e-05)
(0.0109999997 -4.239270715e-10 -1.557012365e-09)
(0.01099999947 1.19124656e-10 -1.095261951e-11)
(0.01100000192 -1.749457217e-09 -1.403458903e-09)
(0.01100000191 -6.805035127e-10 8.025713962e-10)
(0.01100000099 -1.990977009e-10 1.608792401e-09)
(0.01100000131 -1.284566242e-09 2.699377187e-09)
(0.01100000352 -1.564724946e-09 2.541566243e-09)
(0.01100000441 -6.709623382e-09 3.926335481e-09)
(0.0110000156 -1.092687124e-08 9.073947408e-09)
(0.01100002117 -1.812318572e-08 1.651422835e-08)
(0.01100001579 -4.691217814e-08 4.571764826e-08)
(0.01100003575 -6.892339874e-08 6.783708246e-08)
(0.01099970921 -8.520692737e-08 8.332087026e-08)
(0.01099947307 -2.649421587e-08 2.515023295e-08)
(0.01099719688 3.917924153e-06 -3.918893774e-06)
(0.0109999992 1.068826003e-09 -9.005068873e-10)
(0.01099999858 5.696699692e-10 1.109510515e-09)
(0.01100000066 5.393307877e-10 -6.523747223e-10)
(0.01100000078 7.844399548e-10 -8.862763137e-10)
(0.01099999985 -6.018744769e-10 -4.861886425e-10)
(0.01099999862 -1.148489402e-09 -1.06773274e-09)
(0.0110000001 -1.893152922e-09 7.272717736e-11)
(0.01100000046 -5.74928497e-09 1.63265627e-09)
(0.01100000365 -1.242197392e-08 5.20292421e-09)
(0.01099999472 -1.879449218e-08 8.661873114e-09)
(0.01099999951 -4.120663445e-08 1.061300048e-08)
(0.01099991973 -4.183600343e-08 2.290490334e-08)
(0.01099988703 -8.084376975e-08 -6.766011798e-08)
(0.01099933573 -3.947136983e-08 -1.625452821e-08)
(0.01099934316 1.175608548e-06 -1.767606229e-06)
(0.0110000006 -3.738044921e-10 -1.293385847e-09)
(0.01099999872 1.518785134e-09 2.326449296e-10)
(0.01099999968 8.845664002e-10 1.543771697e-10)
(0.01099999989 -7.815439354e-10 -8.581958569e-11)
(0.01100000005 -1.188007512e-09 -2.231116333e-10)
(0.01099999771 -1.710636263e-09 -2.135064852e-10)
(0.01099999809 -3.416581244e-09 -1.54400897e-09)
(0.0109999958 -3.394360405e-09 4.747771317e-10)
(0.01100000122 -7.015207852e-09 2.886228232e-09)
(0.01099998815 -9.224911376e-09 4.037975354e-09)
(0.01099999728 -1.301364406e-08 3.034138185e-10)
(0.01099993517 -1.684765473e-08 2.994987336e-09)
(0.01099998128 3.220699481e-08 -5.89289098e-08)
(0.01099973869 9.982567483e-11 -3.475627084e-08)
(0.01099994157 7.847145805e-07 -6.079205677e-07)
(0.01100000069 4.479845316e-10 -1.239536187e-10)
(0.01099999912 -5.169156102e-10 -9.048410747e-10)
(0.01100000141 -1.352931014e-10 -1.928454662e-09)
(0.01099999807 -1.616383761e-09 -7.100654867e-10)
(0.0109999972 -6.529972837e-10 -6.233315672e-10)
(0.0109999965 -1.404946252e-10 -1.132663201e-09)
(0.01099999648 -3.195016175e-09 -1.126605682e-09)
(0.0109999965 -2.147866174e-09 1.05579957e-09)
(0.01099999747 -3.526026168e-09 5.416132421e-10)
(0.01099998667 -4.189651024e-09 1.007669871e-09)
(0.010999996 -4.805406033e-09 -5.377217604e-09)
(0.01099995038 -6.655718028e-09 -4.364810597e-09)
(0.0109999984 1.285127443e-08 -4.999629344e-08)
(0.01099987716 -5.388650233e-09 -3.918485707e-08)
(0.01100003727 1.763877464e-07 -2.890953757e-07)
(0.01100000007 5.552219226e-10 -1.573838735e-09)
(0.01099999967 4.890721437e-10 4.004990299e-10)
(0.011 8.862188862e-10 -1.301205006e-09)
(0.01099999997 1.120206851e-09 -2.079069453e-09)
(0.01100000221 9.119749659e-10 1.312072741e-11)
(0.010999998 2.666267063e-09 5.90524349e-10)
(0.01099999992 9.911509528e-10 -4.506720055e-10)
(0.01099999494 2.532146474e-09 4.459021238e-10)
(0.01099999832 3.981277191e-09 -5.236771427e-11)
(0.01099997785 3.730087559e-09 -1.496214889e-09)
(0.01099998796 6.802402605e-09 -5.055767069e-10)
(0.01099991216 1.042130112e-08 -1.275642645e-10)
(0.01099995673 -2.471349641e-08 -6.974125662e-10)
(0.01099969812 1.207916008e-09 -1.006331511e-09)
(0.01100000017 -4.473305929e-10 -9.332300059e-10)
(0.01100000021 8.000260721e-10 -2.208118062e-09)
(0.01100000098 -1.360322195e-11 -9.028829858e-10)
(0.01099999895 1.185423101e-09 -2.02475141e-09)
(0.01099999996 -8.289077502e-10 -9.230172125e-10)
(0.01099999921 2.728539408e-10 -6.920581742e-10)
(0.0109999995 1.532136233e-09 -2.050258535e-11)
(0.01099999619 3.540912741e-09 7.303154388e-10)
(0.01100000021 8.278628897e-09 1.281123295e-09)
(0.01099998193 1.24839122e-08 5.385147815e-10)
(0.01099999363 1.939298294e-08 -7.773524755e-10)
(0.01099988699 3.182987282e-08 -3.038158722e-10)
(0.01099991413 -7.13078739e-08 -1.591456303e-09)
(0.01099934028 -8.662811907e-09 -1.161074481e-09)
(0.0109999996 9.639717619e-10 -2.605135148e-09)
(0.01100000142 -4.046244152e-11 -1.037479918e-09)
(0.01100000021 1.797301783e-09 -1.978820181e-09)
(0.01099999974 9.296682322e-10 -4.329254987e-09)
(0.01099999823 -1.303386978e-09 -3.246468572e-09)
(0.010999999 6.871687672e-11 -2.603121304e-09)
(0.0110000022 3.529700694e-09 -7.466544757e-10)
(0.01100000041 7.512809642e-09 -7.402310763e-11)
(0.01100000982 1.705457042e-08 5.297454794e-10)
(0.0109999937 2.679797289e-08 -6.179772039e-10)
(0.01100000226 6.250108573e-08 6.124524802e-11)
(0.01099984506 8.632563224e-08 7.318313293e-10)
(0.01099975366 1.153842484e-07 6.547683759e-10)
(0.01099825808 6.349984445e-08 -4.563627937e-10)
(0.01099999974 2.113065136e-10 -5.129113843e-10)
(0.01100000174 7.533925183e-10 -7.484396621e-10)
(0.0110000015 -4.523140251e-11 -1.939651102e-09)
(0.01099999746 -8.595721938e-10 -2.728971256e-09)
(0.01099999943 1.648714972e-09 -2.944064961e-09)
(0.01100000146 1.892543765e-10 -1.327259042e-09)
(0.01100000657 2.173015738e-09 -1.242635608e-09)
(0.01100001001 5.087055655e-09 8.038858918e-10)
(0.01100002199 1.393775458e-08 7.69244657e-10)
(0.01100003716 3.16863114e-08 -9.90888339e-10)
(0.01100004224 8.281957762e-08 1.367835499e-09)
(0.01100003485 2.194736246e-07 1.08791233e-09)
(0.01099937764 2.786288812e-07 -4.132170954e-10)
(0.01099763079 1.417997419e-06 5.672297585e-10)
(0.01100000092 7.425272726e-10 -9.864704077e-10)
(0.01100000153 1.249937081e-09 -1.227104518e-09)
(0.0110000001 1.277722647e-09 -1.427663975e-09)
(0.01099999864 6.99852282e-10 -2.179341002e-09)
(0.01100000197 1.026204069e-09 -4.697914602e-10)
(0.01100000166 1.640980497e-09 2.424016401e-10)
(0.01100000804 -1.739147608e-10 -9.225341635e-10)
(0.01100001343 5.519741674e-10 -5.363868688e-10)
(0.01100003851 -2.789109302e-09 1.081468509e-09)
(0.0110000708 -7.740027699e-10 3.776934989e-10)
(0.01100018536 -2.468131122e-09 1.72415948e-10)
(0.01100019581 -6.888853016e-10 1.284133928e-09)
(0.01099997096 1.241162381e-09 -3.023104568e-10)
(0.0109868733 -6.188337648e-10 2.021478612e-10)
(0.01091613286 1.291483261e-09 4.126723543e-10)
(0.01100000103 2.543309634e-10 -2.731262977e-10)
(0.01099999993 9.892504291e-10 -7.490365128e-10)
(0.01100000181 -1.288315102e-09 -8.268271117e-10)
(0.01099999908 4.538425367e-10 8.754431995e-10)
(0.01100000133 6.614440706e-11 -5.44366382e-11)
(0.01099999961 -6.773720945e-10 -2.767145586e-10)
(0.0110000045 -3.522945112e-09 -1.785890252e-10)
(0.01100000726 -5.523391983e-09 6.873261459e-10)
(0.01100001901 -1.447503329e-08 -2.033381046e-09)
(0.01100003528 -3.464850909e-08 -2.485928436e-10)
(0.01100004212 -8.464499357e-08 6.805109146e-11)
(0.011000037 -2.204614487e-07 1.352266462e-09)
(0.01099937655 -2.803778694e-07 -5.273120569e-10)
(0.01099763246 -1.418409341e-06 -4.805990335e-10)
(0.01098831223 1.874912768e-05 -4.097982594e-10)
(0.01099999874 -5.258973222e-10 -1.829731835e-10)
(0.01099999897 1.77741399e-10 2.29330593e-11)
(0.01099999907 1.834924276e-09 -4.08191603e-10)
(0.01099999879 -1.286820895e-10 -1.520980172e-09)
(0.0110000015 -1.926776838e-09 -1.042871553e-09)
(0.01099999864 -1.454473648e-09 -9.536055127e-11)
(0.0110000025 -3.888397219e-09 1.059379121e-09)
(0.01100000116 -1.060681252e-08 -2.04564467e-10)
(0.0110000066 -1.673174565e-08 -1.005583325e-09)
(0.01099999287 -2.628541305e-08 2.916683597e-10)
(0.01100000338 -6.23584382e-08 1.419446188e-10)
(0.01099984728 -8.630335685e-08 1.419655277e-09)
(0.01099975562 -1.193233246e-07 -1.216050142e-10)
(0.01099825755 -6.493728062e-08 -9.008471242e-10)
(0.01099797028 4.060464338e-06 -1.70281242e-09)
(0.01099999966 1.807539589e-10 -1.05506705e-09)
(0.01099999906 -1.538795385e-09 -1.139178708e-09)
(0.01100000101 -2.323931427e-09 5.142591065e-11)
(0.01099999951 -1.705007185e-09 -4.843267055e-10)
(0.01100000098 -1.037780067e-09 -2.08406223e-09)
(0.01099999779 -2.472118798e-09 -3.596197387e-10)
(0.01100000055 -2.962475405e-09 -2.895276699e-10)
(0.0109999988 -3.98635026e-09 -5.829776914e-10)
(0.01100000212 -8.78415814e-09 -1.189999305e-09)
(0.01099998472 -1.26678444e-08 -7.834990094e-10)
(0.01099999409 -1.904468773e-08 -9.721933768e-10)
(0.01099988472 -2.988938842e-08 8.759765125e-10)
(0.0109999145 7.264228285e-08 6.539706892e-10)
(0.01099934272 7.73232531e-09 -1.078118124e-10)
(0.01099968479 1.944989859e-06 -5.652436145e-10)
(0.01100000002 3.21750708e-10 -1.526991244e-09)
(0.0109999992 -3.643548831e-10 -1.260514772e-09)
(0.01099999984 -1.448863369e-09 -5.813995005e-11)
(0.01099999855 -1.992125136e-09 -6.366093564e-10)
(0.01100000064 -2.439726269e-09 -1.43601091e-10)
(0.01099999798 -1.512609052e-09 -2.119693796e-10)
(0.01099999876 -2.47327409e-09 6.998547956e-10)
(0.01099999533 -1.030341822e-09 2.911708613e-10)
(0.01099999622 -3.390161437e-09 8.296991941e-10)
(0.01099998214 -5.794306525e-09 1.085053584e-09)
(0.01099998878 -5.514788956e-09 9.390958526e-10)
(0.01099991409 -9.647751037e-09 1.943718118e-09)
(0.01099995769 2.586296156e-08 1.863674798e-10)
(0.0109997019 8.129007665e-10 1.829392119e-10)
(0.01099993397 4.28304595e-07 1.106301967e-09)
(0.01100000037 -7.613387697e-10 -2.502127333e-10)
(0.01100000009 -8.623147891e-10 -9.184525687e-10)
(0.01099999675 -5.614636202e-10 -3.457472616e-10)
(0.01099999906 1.938136553e-10 2.388890582e-10)
(0.01099999996 -1.110995573e-09 -8.750408669e-10)
(0.01099999844 -6.710252616e-10 -2.05480935e-09)
(0.01099999811 -1.309300558e-09 -1.07042351e-09)
(0.01099999539 -3.17460328e-10 -4.983356002e-10)
(0.01099999515 2.434536161e-09 -2.588610601e-09)
(0.01099998493 4.165564292e-09 -6.594957484e-10)
(0.01099999691 4.072643248e-09 2.53532971e-09)
(0.01099994979 5.807982343e-09 3.682489352e-09)
(0.0109999989 -1.1804877e-08 5.060161204e-08)
(0.01099987633 6.086293364e-09 3.969325286e-08)
(0.01100000029 -1.268604615e-10 -3.843907595e-10)
(0.01100000013 -1.094275005e-09 4.693616292e-10)
(0.01099999932 -6.695236516e-10 -1.001997651e-09)
(0.0109999996 4.256483444e-10 3.841905415e-11)
(0.01099999946 1.521984173e-11 -1.701133875e-09)
(0.010999999 -1.995739593e-09 4.758533173e-10)
(0.01099999942 1.655262773e-09 1.016617951e-09)
(0.01099999816 2.15503417e-09 -1.370620642e-09)
(0.01100000007 5.361095426e-09 -1.355917092e-09)
(0.01099998722 7.635408585e-09 -3.763907546e-09)
(0.01099999967 1.24329678e-08 -1.967811161e-09)
(0.01099993807 1.814448766e-08 -2.772209503e-09)
(0.01099998106 -3.263334677e-08 6.004288433e-08)
(0.01099973427 -1.249950413e-10 3.625137273e-08)
(0.01100000137 5.4900407e-10 -2.803386439e-10)
(0.01099999846 8.643657133e-10 -1.49942621e-09)
(0.01099999842 7.561391056e-10 -1.355648622e-09)
(0.01099999967 -3.376273554e-10 -2.023600512e-13)
(0.0109999998 -2.051909753e-09 -9.873856381e-10)
(0.01100000215 1.86425031e-10 -1.500755585e-09)
(0.0110000029 1.130687005e-09 -5.988600054e-10)
(0.01100000195 3.554435941e-09 -3.32482684e-09)
(0.01100000444 1.185651642e-08 -6.314135849e-09)
(0.01099999564 1.765512769e-08 -9.834844386e-09)
(0.01099999819 4.231013946e-08 -1.336040272e-08)
(0.01099991715 4.154335483e-08 -2.48491593e-08)
(0.01099988547 7.995007614e-08 6.563373768e-08)
(0.01099933691 3.772982597e-08 1.568541066e-08)
(0.01100000033 -3.812097112e-10 4.622801928e-10)
(0.01100000009 2.751839551e-10 -1.036783968e-09)
(0.01099999891 1.562669119e-10 -3.248546568e-10)
(0.01099999843 1.753418139e-10 -7.778135681e-10)
(0.0110000003 1.988296312e-09 -8.995573294e-10)
(0.0110000004 1.977244587e-09 1.461304205e-10)
(0.01100000518 1.386223321e-09 -2.837673309e-09)
(0.0110000067 4.829728053e-09 -5.848040145e-09)
(0.01100001148 9.12654879e-09 -1.229847876e-08)
(0.01100002176 1.755934611e-08 -1.903700277e-08)
(0.01100001521 4.622308101e-08 -4.798881326e-08)
(0.01100003443 6.802957571e-08 -6.924069001e-08)
(0.01099970663 8.321163572e-08 -8.431347468e-08)
(0.01099947489 2.65467091e-08 -2.436603034e-08)
(0.01100000062 2.198826768e-09 -9.337009729e-10)
(0.01099999989 1.946649952e-09 -1.431309369e-09)
(0.01100000146 1.915710794e-09 -1.208993992e-09)
(0.01100000043 3.15477042e-09 2.464131515e-10)
(0.01100000062 1.782717405e-09 -1.865644474e-09)
(0.011000003 2.808794711e-09 -6.195382541e-10)
(0.01100000398 1.143683001e-09 -3.127235548e-09)
(0.01100000621 7.857574097e-10 -6.650055877e-09)
(0.01100002132 -1.577707557e-09 -1.475946472e-08)
(0.01100003229 -1.547048425e-09 -3.554652454e-08)
(0.01100004504 -2.307508224e-09 -8.374427242e-08)
(0.01100003597 -4.077722978e-10 -2.205799026e-07)
(0.01099937571 1.277794269e-09 -2.807595425e-07)
(0.01099763369 -8.75094365e-11 -1.41746522e-06)
(0.01099999976 -7.364984076e-10 1.236458996e-10)
(0.01099999862 -3.67747613e-11 -1.233475584e-09)
(0.01100000041 9.371181931e-10 -2.314409421e-10)
(0.01099999875 -3.475977465e-10 -8.551823907e-10)
(0.01099999844 -1.600056269e-09 -6.929564246e-10)
(0.01100000079 -1.630840368e-09 -2.183071783e-09)
(0.01100000305 -1.466920187e-09 -3.697223456e-09)
(0.01100000319 -6.485383486e-09 -5.0405869e-09)
(0.01100001324 -1.165630613e-08 -1.07047024e-08)
(0.0110000219 -1.903004356e-08 -1.786639534e-08)
(0.01100001553 -4.656388598e-08 -4.531029549e-08)
(0.01100003571 -6.832152018e-08 -7.066967354e-08)
(0.01099970685 -8.519246185e-08 -8.428759642e-08)
(0.01099947244 -2.67353629e-08 -2.457980882e-08)
(0.0110000004 -1.036532212e-10 -1.180094535e-10)
(0.0109999996 -1.435047319e-10 -1.706299111e-09)
(0.01100000024 8.691690319e-10 -3.955872624e-10)
(0.01099999639 -1.558134058e-09 -3.331861001e-10)
(0.01099999995 -1.403944589e-09 -1.139973775e-09)
(0.01100000029 -2.857839268e-09 -5.012556522e-10)
(0.01100000016 -3.675958771e-09 -2.353259952e-09)
(0.01099999885 -5.32406948e-09 -2.501181882e-09)
(0.0110000028 -1.174519399e-08 -5.634375919e-09)
(0.010999993 -1.769731937e-08 -1.017566582e-08)
(0.01100000353 -4.269059653e-08 -1.249995325e-08)
(0.01099992007 -4.314494137e-08 -2.448058132e-08)
(0.01099988394 -8.040885943e-08 6.669324293e-08)
(0.0109993382 -3.923603309e-08 1.665522178e-08)
(0.01099934207 1.176437192e-06 1.767666757e-06)
(0.01100000036 3.490159693e-10 -8.585067013e-10)
(0.0110000017 -7.639875596e-10 -1.239455257e-09)
(0.01099999826 -4.799409353e-10 -1.50381598e-09)
(0.01099999711 6.966093297e-11 -3.008137067e-09)
(0.01099999859 -7.352627409e-10 -1.731795921e-09)
(0.01099999869 -2.159745341e-09 -1.734234529e-09)
(0.01099999961 -3.286691219e-09 -1.201543292e-09)
(0.01099999707 -3.638256344e-09 -5.654021749e-10)
(0.01100000046 -4.676330172e-09 -9.859073467e-10)
(0.01099998524 -7.897268061e-09 -4.218406865e-09)
(0.01099999826 -1.2182591e-08 -4.03204346e-10)
(0.0109999376 -1.680766083e-08 -3.478782318e-09)
(0.0109999806 3.250818791e-08 5.972551587e-08)
(0.01099973809 1.013488467e-09 3.58132175e-08)
(0.01099994046 7.853077474e-07 6.088176384e-07)
(0.01100000101 1.235070901e-10 1.709291782e-13)
(0.01100000284 2.23235672e-10 -1.337144035e-09)
(0.01099999758 6.07923387e-12 -1.056526507e-09)
(0.01099999901 -7.636919663e-10 -1.651274042e-09)
(0.01099999708 7.58411608e-10 -3.600079493e-10)
(0.0109999968 -3.571806256e-11 -3.152497078e-10)
(0.01099999794 -2.475744475e-09 -9.469608858e-10)
(0.01099999614 -9.855983822e-10 3.41481501e-10)
(0.01099999819 -1.81141045e-09 1.050805124e-09)
(0.01099998376 -3.142709989e-09 -1.089820377e-09)
(0.01099999693 -3.679187656e-09 5.202486282e-09)
(0.01099994893 -5.957896743e-09 4.749156827e-09)
(0.01099999849 1.094060577e-08 5.042813681e-08)
(0.01099987851 -6.064588968e-09 4.011648925e-08)
(0.01100003632 1.775373591e-07 2.893908749e-07)
(0.01100000031 -7.823704325e-10 -5.591234967e-10)
(0.01100000169 2.036742584e-11 -1.296928193e-09)
(0.0109999989 -6.058566569e-10 -1.673636414e-09)
(0.01100000135 8.775820515e-10 -1.124536737e-09)
(0.01099999959 -3.877761969e-10 -1.146924323e-09)
(0.01099999802 -5.263990667e-10 -2.389058913e-09)
(0.01100000052 1.084529494e-09 -9.53350487e-10)
(0.01099999307 1.603570274e-09 -2.856092824e-09)
(0.01099999677 8.417957566e-10 -1.305603381e-09)
(0.01099998425 7.814231204e-10 -2.244020196e-09)
(0.0109999969 5.872856046e-10 4.205491273e-09)
(0.0109999624 2.992807061e-09 3.227799401e-09)
(0.01100000299 -1.817070315e-08 3.840920047e-08)
(0.01099993707 -3.443379874e-09 2.398544222e-08)
(0.01100000026 8.804636826e-10 -9.152701497e-10)
(0.01099999923 4.514317605e-10 -3.045820168e-09)
(0.01099999927 2.497916984e-10 -6.146220913e-10)
(0.01099999866 7.565139573e-10 -1.834910101e-09)
(0.01099999924 -3.362968164e-10 -9.117473551e-10)
(0.01099999819 -3.223829474e-10 -2.887254261e-09)
(0.0110000005 2.216731371e-12 -4.125683914e-09)
(0.01099999501 -1.126108787e-09 -3.394398561e-09)
(0.01099999986 1.99020909e-09 -4.391700979e-09)
(0.0109999839 3.176082154e-09 -4.103861966e-09)
(0.01099999658 2.122586132e-09 -5.271474793e-10)
(0.01099994252 4.731713384e-09 -3.701502559e-09)
(0.01099998829 -5.69486997e-08 3.598353052e-08)
(0.01099983326 -2.682903214e-08 8.241478143e-09)
(0.01099999958 9.791716689e-10 -1.237152402e-09)
(0.01099999943 2.761059935e-10 -1.333267417e-09)
(0.01099999979 5.952758834e-10 -1.39827647e-09)
(0.01099999858 -1.113788807e-09 -1.581923765e-09)
(0.01099999813 -8.368204546e-10 -1.049028875e-09)
(0.01099999812 -3.269030654e-10 -2.720319166e-09)
(0.01100000118 7.948256942e-10 -3.001952366e-09)
(0.01099999944 2.214902695e-09 -3.554390846e-09)
(0.01099999939 4.826056219e-09 -7.594957595e-09)
(0.01099998619 9.01804761e-09 -1.112476705e-08)
(0.0109999924 1.350448112e-08 -1.57801623e-08)
(0.01099990505 1.5272165e-08 -1.591716857e-08)
(0.01099993439 -2.763959886e-08 2.864023834e-08)
(0.0109995435 4.331351217e-09 -3.947435897e-09)
(0.01100000001 -2.425126749e-10 -3.213389271e-10)
(0.01099999875 5.202846109e-11 2.050625818e-10)
(0.01099999998 8.579458452e-10 -9.43840465e-10)
(0.01099999769 5.043188269e-10 -2.204087706e-09)
(0.01100000139 1.041553026e-09 1.482763236e-09)
(0.01100000048 1.612584974e-09 -2.519082351e-09)
(0.01100000136 2.642552731e-09 -2.773550956e-09)
(0.01099999963 3.186122664e-09 -5.012201454e-09)
(0.01100000665 5.29096657e-09 -1.232242632e-08)
(0.01099999486 8.350509674e-09 -1.691734305e-08)
(0.01099999971 1.430541749e-08 -4.242327435e-08)
(0.01099992086 2.320860789e-08 -4.130128424e-08)
(0.0109998861 -6.654758135e-08 -7.758863317e-08)
(0.0109993349 -1.675711597e-08 -3.690688074e-08)
(0.01100000176 1.333902312e-09 -2.242129261e-10)
(0.01099999997 1.423072232e-09 7.103737293e-10)
(0.01099999997 2.599189088e-09 1.89290008e-10)
(0.01099999839 4.935035516e-10 -7.315987431e-10)
(0.01100000228 2.037136472e-09 -9.475732713e-10)
(0.01099999712 6.963448353e-10 -3.816706813e-09)
(0.0110000022 -3.612221263e-10 -5.222835367e-09)
(0.01100000199 -1.25406949e-09 -9.260028236e-09)
(0.01100000707 -7.994016392e-11 -1.690636752e-08)
(0.01099999384 7.378188088e-10 -2.518276365e-08)
(0.0110000041 -4.573777687e-10 -6.263270138e-08)
(0.01099984616 -1.161294416e-09 -8.512975595e-08)
(0.0109997571 -5.362458208e-12 -1.16287288e-07)
(0.01099826064 6.119605562e-10 -6.217698106e-08)
(0.01099999951 8.649358641e-10 2.082312067e-10)
(0.0109999979 5.556684748e-10 -4.214667269e-10)
(0.01099999899 -9.925246447e-10 -1.230664019e-09)
(0.01100000068 -3.444635344e-10 -1.825230505e-09)
(0.01099999875 -9.274268411e-10 -1.795478596e-09)
(0.0110000005 -1.111420718e-09 -3.134825868e-09)
(0.01100000184 -2.945188486e-09 -3.373367857e-09)
(0.01100000149 -1.644423535e-09 -5.470440246e-09)
(0.01100000556 -4.516296929e-09 -1.138174458e-08)
(0.0109999951 -1.083636732e-08 -1.597266887e-08)
(0.01100000125 -1.235082717e-08 -4.127374153e-08)
(0.0109999186 -2.425287754e-08 -4.236504611e-08)
(0.01099988789 6.461281058e-08 -7.967312411e-08)
(0.01099933573 1.394739758e-08 -3.638823269e-08)
(0.01100000045 -1.638207284e-09 1.452215127e-09)
(0.01099999832 -1.196405244e-09 -6.214786142e-10)
(0.01099999762 -2.07252998e-10 -3.505518797e-11)
(0.01099999856 -1.216306097e-09 -3.188075279e-09)
(0.01099999805 -2.360032781e-09 -1.271822687e-09)
(0.01099999934 -6.442963074e-10 -1.946202562e-09)
(0.0109999995 -2.769121705e-10 -2.450866251e-09)
(0.01099999681 -2.767929614e-09 -4.241192284e-09)
(0.01099999787 -7.055778324e-09 -5.779363729e-09)
(0.01099998321 -9.273171137e-09 -9.941903149e-09)
(0.0109999945 -1.495369163e-08 -1.374518836e-08)
(0.01099990493 -1.665482253e-08 -1.755873639e-08)
(0.01099993463 2.853191442e-08 2.768963105e-08)
(0.01099954311 -6.040226732e-09 -3.760713931e-09)
(0.01100000085 3.414401944e-11 6.933492043e-10)
(0.01099999908 1.586805656e-10 -9.22300562e-10)
(0.01099999677 -1.415056209e-09 -1.013349008e-09)
(0.01099999901 -1.41523174e-10 -1.879362371e-09)
(0.01099999997 -6.530029338e-10 5.121817639e-10)
(0.01099999845 -1.580241413e-09 -1.857259831e-09)
(0.01099999925 -1.984695866e-09 -2.350602292e-09)
(0.01099999514 -1.562006654e-09 -2.521555526e-09)
(0.01099999558 -2.740071824e-09 -4.187181726e-09)
(0.0109999852 -4.185095455e-09 -4.034793299e-09)
(0.01099999594 -4.072894447e-10 -2.74921481e-10)
(0.01099994294 -2.952727543e-09 -3.442029041e-09)
(0.01099998777 5.573617156e-08 3.549240262e-08)
(0.0109998374 2.628718304e-08 9.360540501e-09)
(0.01099999351 4.902956131e-07 3.01349307e-07)
(0.01099999997 8.38373905e-10 -1.080382933e-09)
(0.01099999779 -8.527656465e-10 -9.224159819e-10)
(0.01099999965 -1.576116055e-09 -4.918523499e-10)
(0.01099999951 6.070772553e-10 -2.031157699e-09)
(0.0109999981 -1.146124557e-09 -1.789532818e-09)
(0.01099999939 -1.922638319e-09 -8.821156428e-10)
(0.01100000023 -6.92940151e-10 1.311659125e-09)
(0.01099999414 4.331695916e-10 7.432158821e-10)
(0.01099999493 -1.004385464e-09 -1.330062369e-09)
(0.01099998449 -3.206093526e-10 -5.217107546e-10)
(0.01099999719 -5.611121729e-10 5.119776585e-09)
(0.01099996041 -3.827568468e-10 2.960445085e-09)
(0.01100000381 1.768460658e-08 3.990375889e-08)
(0.01099994044 4.382331397e-09 2.47481246e-08)
(0.01100005655 1.201943146e-07 1.776625666e-07)
(0.01099999941 -5.958531078e-10 -9.257001523e-10)
(0.0110000019 -2.970699028e-09 9.159857279e-11)
(0.01099999942 -1.158817297e-09 1.159504729e-10)
(0.01099999884 2.670768131e-09 2.703922161e-10)
(0.01100000001 -6.623411117e-11 -1.784985984e-09)
(0.01099999792 -1.277968831e-09 -9.9613089e-10)
(0.01099999855 -1.309800781e-09 -1.487762035e-09)
(0.01099999383 2.661185462e-10 -2.654658968e-09)
(0.0109999986 8.921282276e-12 -4.377983613e-11)
(0.01099998854 7.280542117e-11 -1.413145632e-09)
(0.01100000227 -5.334374784e-10 6.240531879e-09)
(0.0109999866 6.403345023e-10 5.191650874e-09)
(0.01100002731 -1.219411897e-08 3.814979153e-08)
(0.01100001977 -5.212181758e-09 3.109171116e-08)
(0.0109999997 -6.139132164e-10 -4.012281149e-10)
(0.010999999 1.164322596e-09 7.275864495e-10)
(0.01099999949 1.398105071e-10 -1.052038564e-09)
(0.01099999951 4.260755822e-10 -6.41838469e-10)
(0.01099999826 -6.860153545e-10 9.282919263e-11)
(0.01099999971 -1.136260821e-09 -1.657836452e-09)
(0.01099999983 -1.354925249e-10 -1.62728751e-09)
(0.01099999536 2.139766256e-09 -5.489272686e-10)
(0.01099999708 1.563478209e-09 -1.507681539e-09)
(0.01099998896 5.081456726e-10 -2.642864028e-09)
(0.01100000166 -2.276477266e-09 4.044904587e-09)
(0.01099997029 -8.987858979e-10 2.106507699e-09)
(0.01100001833 -4.327531224e-08 4.205795021e-08)
(0.01099996992 -2.687472142e-08 2.542686553e-08)
(0.01100000115 4.76979763e-10 5.509862279e-10)
(0.01099999961 8.496690577e-10 -9.690302256e-11)
(0.01099999925 3.876288738e-10 1.159400808e-10)
(0.01100000129 1.221897026e-09 -2.04332852e-10)
(0.011000001 1.808602478e-09 9.55300111e-11)
(0.01099999939 1.459261931e-09 3.421598075e-10)
(0.01100000034 1.441177673e-09 -1.38672352e-09)
(0.01099999342 9.597084619e-10 -7.078912165e-10)
(0.01099999671 3.030613979e-09 -2.231147084e-09)
(0.01099998499 4.703528862e-09 -4.548082669e-09)
(0.01099999787 -3.4066021e-10 -8.450441345e-10)
(0.01099994413 1.771584791e-09 -4.622872861e-09)
(0.0109999886 -3.519680267e-08 5.656202105e-08)
(0.01099983542 -9.087604948e-09 2.61239246e-08)
(0.01099999864 1.724192833e-09 -7.230798293e-10)
(0.01100000118 1.545163543e-09 -4.747098826e-10)
(0.0109999999 6.283873817e-10 -4.884003306e-10)
(0.01100000092 -9.690216089e-11 2.181241266e-10)
(0.011 8.076312037e-10 -1.068746354e-09)
(0.01099999923 -2.351739886e-10 -5.958931211e-10)
(0.01099999928 -2.868204933e-10 -1.287353471e-09)
(0.01099999788 1.993936146e-10 -1.877543444e-09)
(0.01100000049 1.412037414e-09 -4.69490279e-09)
(0.01099998717 3.716024231e-09 -8.242510124e-09)
(0.01100000125 1.193282476e-09 -1.194146457e-08)
(0.01099993877 3.207441318e-09 -1.627253162e-08)
(0.01099998119 -5.984180762e-08 3.40121966e-08)
(0.01099973632 -3.366096237e-08 4.676784944e-10)
(0.01100000218 8.576468075e-10 5.885832273e-10)
(0.01099999935 1.263843564e-09 1.354931178e-09)
(0.01100000058 6.514034108e-10 4.517841698e-10)
(0.01099999788 -2.388787384e-10 -1.240385377e-10)
(0.01100000015 8.797198785e-10 -2.770046776e-10)
(0.01099999819 1.735159891e-09 -9.258710307e-10)
(0.01100000192 3.560959255e-11 -2.509330192e-09)
(0.01099999929 -7.770255882e-10 -3.221744925e-09)
(0.01100000247 -3.699801496e-10 -7.417102173e-09)
(0.01099998464 1.312454098e-10 -1.293077694e-08)
(0.01099999619 9.281139477e-10 -1.769429594e-08)
(0.01099988662 1.695196128e-10 -2.995769685e-08)
(0.01099991886 -7.819142585e-10 7.337369349e-08)
(0.01099933999 -6.230399159e-10 7.251615361e-09)
(0.01100000077 4.48440905e-10 3.339691604e-10)
(0.01099999764 4.316329089e-10 3.290913771e-10)
(0.01099999975 -1.66219188e-10 -5.402867206e-10)
(0.01100000058 -7.325859284e-10 1.941659903e-10)
(0.0109999977 -6.193650144e-10 -6.832038804e-10)
(0.01100000048 -6.357253723e-10 -1.219708644e-09)
(0.01100000169 -1.118610093e-09 -2.172515169e-10)
(0.01099999682 -2.064074214e-09 -2.24010556e-09)
(0.0110000013 -3.170313045e-09 -5.54431862e-09)
(0.01099998658 -4.594030984e-09 -9.235037514e-09)
(0.01099999897 -1.391305536e-09 -1.342949109e-08)
(0.01099993795 -3.739357239e-09 -1.460990103e-08)
(0.01099998047 5.891777174e-08 3.396823352e-08)
(0.0109997359 3.35145139e-08 -1.076333687e-10)
(0.01099999944 -1.024864438e-09 -1.993199484e-10)
(0.01099999893 -1.134124675e-09 -6.564696562e-10)
(0.01099999908 9.11777278e-10 -7.088661081e-10)
(0.01099999807 -3.929793885e-10 9.366163673e-11)
(0.01099999997 -1.901011224e-09 1.238420488e-10)
(0.01099999848 -8.965909823e-10 4.164233701e-10)
(0.01099999938 -3.898655952e-10 -1.123531568e-09)
(0.01099999696 -1.136514614e-09 -1.399576678e-09)
(0.01099999896 -3.816861909e-09 -2.39373605e-09)
(0.01099998549 -5.749308596e-09 -3.990481771e-09)
(0.01099999828 -2.471497238e-09 -2.248015321e-09)
(0.01099994291 -3.19813207e-09 -2.559079843e-09)
(0.01099998936 3.548264931e-08 5.877665725e-08)
(0.01099983393 9.438138766e-09 2.776894479e-08)
(0.01099999988 -4.30594485e-10 -7.098067703e-10)
(0.01100000058 -3.422578546e-10 1.578205665e-12)
(0.01100000062 -9.734171499e-10 -1.311881488e-09)
(0.01099999757 2.568242959e-10 1.0061809e-10)
(0.01099999966 5.140927626e-10 5.263154026e-10)
(0.01099999619 -5.705577569e-10 2.395593144e-10)
(0.01099999981 -1.085324324e-09 -4.665079844e-10)
(0.01099999421 -2.334858888e-09 -2.070982857e-09)
(0.0109999958 -1.55329828e-09 -1.497179322e-09)
(0.01099998914 6.304777871e-11 -7.314422078e-10)
(0.01100000118 3.681730574e-09 4.144690105e-09)
(0.01099997135 2.957692649e-09 3.475866218e-09)
(0.01100002015 4.247253251e-08 4.39785577e-08)
(0.01099996945 2.597942276e-08 2.658189022e-08)
(0.01100000091 -5.094052936e-10 -1.026480152e-09)
(0.01099999796 -8.86491674e-11 -6.178588332e-10)
(0.01099999884 -4.711962112e-10 -7.480204404e-10)
(0.01099999966 -1.179559179e-09 -1.207274606e-09)
(0.01099999834 -1.293006502e-09 8.514080804e-10)
(0.01099999971 -1.2469155e-09 1.492096886e-10)
(0.01099999864 2.249358921e-10 2.975012011e-10)
(0.01099999499 1.130253872e-09 -1.040859356e-09)
(0.01099999528 -5.459404973e-10 3.991453045e-11)
(0.0109999898 -3.960850267e-10 7.420732183e-10)
(0.01100000248 3.962717067e-10 5.638783505e-09)
(0.01099998621 -6.698241262e-10 7.141783196e-09)
(0.0110000286 1.509742934e-08 3.855709259e-08)
(0.01100001937 6.845331952e-09 3.107830273e-08)
(0.01100011024 5.768365973e-08 1.405539674e-07)
(0.01100000058 -8.295785285e-11 -1.629224181e-09)
(0.01100000246 1.239836748e-09 8.201470595e-10)
(0.01099999986 7.620200423e-10 5.397151975e-10)
(0.01099999842 -2.481454988e-09 3.165151604e-11)
(0.01099999998 -1.564374494e-09 7.560328356e-11)
(0.01099999757 -7.11859811e-10 -8.504935458e-10)
(0.01099999864 -2.792978311e-09 -7.66591226e-10)
(0.01099999444 -2.689361892e-10 -4.338925136e-10)
(0.0109999988 9.985628718e-10 -1.867358381e-09)
(0.01099999298 -3.037334944e-09 -6.21629243e-10)
(0.01100000589 -2.843613878e-09 8.540646394e-10)
(0.01099999998 -1.091626501e-09 1.48265144e-09)
(0.01100003821 -1.1276544e-08 1.176176325e-08)
(0.01100005065 -7.385528739e-09 7.021848928e-09)
(0.01100000086 1.241164388e-10 -8.386457358e-10)
(0.01100000028 7.729901535e-10 3.177833313e-10)
(0.01099999926 -5.69624897e-10 -2.751104649e-10)
(0.01099999848 5.240303727e-10 1.092935535e-10)
(0.01099999945 6.85405926e-12 -7.29892609e-10)
(0.01099999904 -4.267002566e-10 6.266518033e-10)
(0.01099999985 6.370438641e-10 5.123580473e-10)
(0.01099999464 1.615863774e-09 -1.170658827e-09)
(0.01099999687 4.408491277e-10 -8.210285328e-10)
(0.01099999173 -7.334853162e-10 -7.020417056e-10)
(0.01100000216 -5.989797551e-09 9.959723775e-10)
(0.01099998278 -7.614967648e-09 8.123030522e-10)
(0.01100002708 -3.748938896e-08 1.405544181e-08)
(0.01100002085 -3.066284522e-08 5.206564567e-09)
(0.01100000035 1.666335721e-09 6.532539383e-10)
(0.01099999723 1.531770997e-09 1.432072076e-09)
(0.01099999945 1.376865673e-09 -7.873509551e-10)
(0.01099999885 6.19372222e-10 -4.041576676e-10)
(0.01099999929 -2.754901928e-11 1.905752287e-09)
(0.01099999846 1.372836643e-09 2.715640703e-11)
(0.0110000009 1.280203864e-09 -9.129206722e-10)
(0.0109999955 -1.203569587e-09 -1.122351984e-09)
(0.0109999961 -5.243202091e-10 -1.223757466e-09)
(0.01099998693 4.674250687e-10 -2.296226192e-09)
(0.01099999646 -4.688289661e-09 -2.328940718e-09)
(0.01099996303 -4.324654685e-09 -2.82451765e-09)
(0.01100000359 -3.913600842e-08 1.841014258e-08)
(0.01099993875 -2.349584211e-08 5.64835171e-09)
(0.01099999989 5.513495565e-10 -5.426652581e-10)
(0.01099999972 1.411628884e-09 7.346519167e-10)
(0.01099999999 1.120193258e-09 -6.229095757e-10)
(0.01100000131 1.09998682e-09 5.232524165e-10)
(0.01099999748 -8.094967018e-10 -1.504265429e-10)
(0.0109999986 4.047865878e-11 -1.409755127e-09)
(0.01099999865 -5.64361933e-10 -1.152243381e-10)
(0.0109999935 5.046239019e-10 -1.382334827e-09)
(0.01099999751 2.544277997e-10 -2.081435845e-09)
(0.0109999867 1.067360416e-09 -3.342744595e-09)
(0.01099999638 -3.446457093e-09 -2.468249109e-09)
(0.01099994804 -3.957726091e-09 -5.047459464e-09)
(0.01099999707 -5.141767574e-08 1.23760702e-08)
(0.01099987947 -3.904442853e-08 -5.724142282e-09)
(0.0110000007 1.13977769e-09 4.353092769e-10)
(0.01099999948 4.375047039e-10 -3.112350838e-10)
(0.01099999854 1.212900276e-09 -8.129518491e-10)
(0.0109999998 1.724280957e-09 -1.044837527e-09)
(0.01099999995 5.174688814e-10 4.413035003e-10)
(0.01099999775 -1.222937053e-10 1.278020193e-10)
(0.0109999977 -8.702110423e-10 -7.441452547e-10)
(0.01099999831 -1.048957182e-09 -2.232635524e-09)
(0.010999999 -1.562119627e-10 -4.105295604e-09)
(0.01099998261 -1.405625577e-09 -3.756012903e-09)
(0.01099999073 -1.235631439e-09 -4.903629247e-09)
(0.01099991403 -4.679756516e-10 -8.309337547e-09)
(0.01099996033 7.88172519e-10 2.522794242e-08)
(0.01099969998 -1.275090624e-09 1.43953218e-09)
(0.010999999 1.528917437e-09 4.568162898e-10)
(0.01099999801 3.803178105e-10 -7.471131628e-10)
(0.01099999877 1.969685896e-10 5.881365368e-11)
(0.01099999841 -1.042006554e-09 2.17665385e-10)
(0.01099999904 -2.599558607e-10 -1.056205296e-09)
(0.01099999919 3.244870744e-10 1.213416882e-11)
(0.01100000027 -5.68166115e-10 -1.386819119e-09)
(0.01099999654 -5.180214639e-10 -1.332067703e-09)
(0.01099999902 -5.525963026e-10 -2.347338166e-09)
(0.0109999867 -1.412679741e-09 -4.972739105e-09)
(0.01099999876 2.85284304e-09 -3.890346878e-09)
(0.01099994985 4.103047629e-09 -5.346704318e-09)
(0.01099999845 4.944741772e-08 1.051709579e-08)
(0.01099987478 4.006623129e-08 -5.179678679e-09)
(0.01099999911 -1.443119043e-09 -1.104744693e-09)
(0.01099999891 -2.664431015e-09 2.778448717e-10)
(0.01099999951 -2.534915885e-10 -1.447955658e-09)
(0.01099999756 -1.867662292e-09 -1.126621968e-09)
(0.01100000014 5.07596307e-10 -9.95648072e-10)
(0.0110000002 -1.038356662e-09 -1.964281419e-09)
(0.01099999895 -2.007548439e-09 -3.66443367e-10)
(0.01099999515 -2.727488644e-09 -4.218490435e-10)
(0.01099999973 -2.256736139e-09 -1.949283951e-09)
(0.01099998557 -3.672178637e-10 -1.856723632e-09)
(0.01099999762 6.341608069e-09 2.105594241e-10)
(0.0109999614 3.780760578e-09 -1.967288426e-09)
(0.01100000233 3.88962881e-08 1.74284223e-08)
(0.01099993942 2.20525363e-08 3.945455758e-09)
(0.01099999893 8.865505836e-11 6.891309624e-10)
(0.01099999831 5.464209902e-10 -9.471497712e-10)
(0.01099999965 -3.738191335e-10 -4.839849416e-10)
(0.01099999911 -3.737893739e-10 5.711194137e-10)
(0.01099999847 6.870303168e-10 -1.038781747e-09)
(0.01099999861 -1.885274876e-10 -9.367809382e-10)
(0.01099999823 4.01802035e-10 -1.340077724e-09)
(0.01099999704 -2.788040095e-10 -1.397806336e-09)
(0.01100000063 -3.961551333e-10 -9.863215526e-10)
(0.01099999083 7.052569529e-10 8.122964609e-10)
(0.01100000121 6.211541826e-09 1.708288164e-09)
(0.01099998398 6.893944366e-09 1.196454144e-09)
(0.01100002808 3.661671639e-08 1.454129535e-08)
(0.01100002014 3.024136833e-08 4.911511705e-09)
(0.01100000008 -6.646320007e-10 8.957218593e-10)
(0.01099999871 -2.241882529e-10 -1.017379109e-09)
(0.01099999904 -4.323249576e-10 -3.247658267e-10)
(0.01100000043 -7.294366816e-10 2.878977505e-10)
(0.01099999954 1.050457601e-09 7.232859465e-10)
(0.01099999837 1.428034805e-09 6.042847359e-10)
(0.01099999664 1.246539546e-09 5.674719458e-11)
(0.01099999715 2.109284268e-09 -2.615902935e-10)
(0.01099999581 5.14432777e-10 -1.01420527e-09)
(0.01099999233 4.958032292e-11 1.892075527e-10)
(0.01100000614 1.323645819e-09 2.230136201e-09)
(0.01099999772 3.031894463e-09 3.515444547e-09)
(0.01100003563 1.442142713e-08 1.332187425e-08)
(0.01100004956 7.856905808e-09 6.636807675e-09)
)
;

boundaryField
{
    top
    {
        type            slip;
    }
    bottom
    {
        type            slip;
    }
    side-walls
    {
        type            slip;
    }
    inlet
    {
        type            fixedValue;
        value           uniform (0.011 0 0);
    }
    outlet
    {
        type            zeroGradient;
    }
    procBoundary0to1
    {
        type            processor;
        value           nonuniform List<vector> 
97
(
(0.01100028307 -2.343532806e-08 -2.248216642e-08)
(0.01100010817 -5.828758914e-08 -1.414148974e-07)
(0.01100029657 -9.850625337e-08 -2.859856374e-08)
(0.01100031662 -9.620487725e-08 -5.497587659e-08)
(0.01100034146 -1.463345736e-07 -3.828753502e-08)
(0.0110004396 -2.166903459e-09 -1.013268812e-07)
(0.01100034276 1.469782411e-07 -3.769199184e-08)
(0.01100031929 9.534522273e-08 -5.388446425e-08)
(0.01100029625 9.948133992e-08 -2.733532586e-08)
(0.01100028134 2.371229169e-08 -2.494546908e-08)
(0.01100010817 -5.828758914e-08 -1.414148974e-07)
(0.01100010817 -5.828758914e-08 -1.414148974e-07)
(0.011000312 -1.317495138e-07 -1.298662185e-07)
(0.01099999371 -4.879078601e-07 -3.017438632e-07)
(0.01100032728 -1.060274436e-07 -2.52059764e-07)
(0.01100025615 -2.002902778e-07 -2.554231153e-07)
(0.01100039356 -2.443826054e-09 -5.076614768e-07)
(0.01100025179 1.988447359e-07 -2.553824986e-07)
(0.01100032313 1.08537651e-07 -2.504571791e-07)
(0.01100031213 1.297975691e-07 -1.318720035e-07)
(0.01100029604 2.681260838e-08 -9.921104897e-08)
(0.01100005584 -1.205692103e-07 -1.795416364e-07)
(0.01099999371 -4.879078601e-07 -3.017438632e-07)
(0.01099999371 -4.879078601e-07 -3.017438632e-07)
(0.01100023269 -2.241683233e-07 -2.283175852e-07)
(0.0109993445 -1.176690382e-06 -1.771510369e-06)
(0.01099961262 -4.212977259e-07 -3.142020429e-09)
(0.01099936607 -1.362444673e-09 1.072216131e-07)
(0.01099961268 4.194827439e-07 -4.798760781e-09)
(0.01100023118 2.270479527e-07 -2.279655279e-07)
(0.01100032558 2.514247343e-07 -1.086824076e-07)
(0.01100032102 5.235116141e-08 -9.4560204e-08)
(0.01100003633 -1.759902228e-07 -2.887586862e-07)
(0.01099994294 -7.836853457e-07 -6.08237086e-07)
(0.0109993445 -1.176690382e-06 -1.771510369e-06)
(0.0109993445 -1.176690382e-06 -1.771510369e-06)
(0.01099628015 1.326550596e-07 1.296995725e-07)
(0.01098831469 -1.87504683e-05 1.275113199e-09)
(0.01099170417 -1.691581352e-09 1.19064109e-06)
(0.01099628047 -1.339147158e-07 1.321553481e-07)
(0.01099961221 3.875631831e-09 -4.200677636e-07)
(0.01100025341 2.558307779e-07 -2.0093671e-07)
(0.01100034127 4.081587798e-08 -1.459315343e-07)
(0.01099993431 -4.267400413e-07 -3.196408775e-10)
(0.01099968691 -1.943243724e-06 -2.179030389e-09)
(0.01099797016 -4.061765921e-06 -5.719940617e-10)
(0.01098831469 -1.87504683e-05 1.275113199e-09)
(0.01098831469 -1.87504683e-05 1.275113199e-09)
(0.01097800627 -6.204215052e-10 -5.98237588e-10)
(0.01098831701 -1.760977227e-09 1.874905051e-05)
(0.01099170209 -1.191421205e-06 -3.241576859e-10)
(0.01099719721 3.914551517e-06 3.919332768e-06)
(0.01099936262 -1.112430542e-07 -1.168790424e-09)
(0.01100038856 5.098749277e-07 4.612551319e-10)
(0.01100044027 9.923821469e-08 4.693930324e-10)
(0.01100003466 -1.764873228e-07 2.872656394e-07)
(0.01099994595 -7.827312951e-07 6.077012156e-07)
(0.0109993488 -1.173439247e-06 1.768657001e-06)
(0.01099720007 -3.91897809e-06 3.918781261e-06)
(0.01098831701 -1.760977227e-09 1.874905051e-05)
(0.01099719721 3.914551517e-06 3.919332768e-06)
(0.01099719721 3.914551517e-06 3.919332768e-06)
(0.01099961216 4.028485153e-09 4.213909011e-07)
(0.01099975024 7.50816282e-07 7.52329901e-07)
(0.01100025298 2.575646516e-07 2.0186331e-07)
(0.01100034133 3.885246365e-08 1.464700645e-07)
(0.01100005657 -1.207338032e-07 1.798834517e-07)
(0.01099999247 -4.870554447e-07 3.046582259e-07)
(0.01099975081 -7.509745155e-07 7.511512785e-07)
(0.01099934345 -1.769012478e-06 1.176798945e-06)
(0.01099797216 -6.084486884e-10 4.061060986e-06)
(0.01099934574 1.764754163e-06 1.176532587e-06)
(0.01099975024 7.50816282e-07 7.52329901e-07)
(0.01099975024 7.50816282e-07 7.52329901e-07)
(0.01100032311 2.523602538e-07 1.076401983e-07)
(0.01100008443 2.2501993e-07 2.240049797e-07)
(0.0110003213 5.337480696e-08 9.565087972e-08)
(0.01100010962 -5.783285386e-08 1.40498852e-07)
(0.01100008116 -2.237731612e-07 2.246028191e-07)
(0.01099999333 -3.020002074e-07 4.885378776e-07)
(0.01099994435 -6.068917512e-07 7.85268897e-07)
(0.01099969061 -2.08062588e-09 1.944592591e-06)
(0.01099994611 6.066557298e-07 7.847607149e-07)
(0.01099999432 3.00584649e-07 4.896432882e-07)
(0.01100008443 2.2501993e-07 2.240049797e-07)
(0.01100008443 2.2501993e-07 2.240049797e-07)
(0.01100029446 2.901377983e-08 9.827208174e-08)
(0.01100013192 3.969956122e-08 3.914577578e-08)
(0.01100012881 -3.824852566e-08 3.862073845e-08)
(0.0110001097 -1.372264888e-07 5.889284636e-08)
(0.01100005757 -1.773134729e-07 1.229605397e-07)
(0.01100003705 -2.895127942e-07 1.786295428e-07)
(0.01099993437 -2.498833082e-09 4.301920771e-07)
(0.01100003671 2.869302684e-07 1.770362259e-07)
(0.01100005559 1.771351739e-07 1.224505168e-07)
(0.01100011173 1.376641803e-07 5.754719536e-08)
(0.01100013192 3.969956122e-08 3.914577578e-08)
)
;
    }
}


// ************************************************************************* //
