/*--------------------------------*- C++ -*----------------------------------*\
| =========                 |                                                 |
| \\      /  F ield         | OpenFOAM: The Open Source CFD Toolbox           |
|  \\    /   O peration     | Version:  4.x                                   |
|   \\  /    A nd           | Web:      www.OpenFOAM.org                      |
|    \\/     M anipulation  |                                                 |
\*---------------------------------------------------------------------------*/
FoamFile
{
    version     2.0;
    format      ascii;
    class       surfaceScalarField;
    location    "8000";
    object      phi;
}
// * * * * * * * * * * * * * * * * * * * * * * * * * * * * * * * * * * * * * //

dimensions      [1 0 -1 0 0 0 0];

internalField   nonuniform List<scalar> 
3172
(
9.497969593e-06
-9.618435295e-12
-1.001511986e-11
9.497990711e-06
-8.95050607e-12
-8.440421814e-12
9.498006408e-06
-7.071666105e-12
-4.334755403e-12
9.498011875e-06
-5.591939217e-12
-2.529416659e-12
9.498018838e-06
-4.215016592e-12
-2.312122601e-12
9.498020504e-06
-2.666156575e-12
-2.42125444e-12
9.498023949e-06
2.102958253e-13
-4.55015388e-13
9.498019585e-06
1.92656225e-13
6.8617285e-13
9.49801984e-06
9.677513679e-13
2.335739167e-12
9.498017125e-06
-2.191721811e-13
1.837686395e-12
9.498009851e-06
5.553631715e-13
2.058570461e-13
9.498007373e-06
1.858346006e-12
2.165221321e-12
9.498002318e-06
2.946262947e-12
2.762425822e-12
3.226081714e-12
1.64943461e-12
9.498013264e-06
-1.66055587e-11
-9.094092049e-12
9.498032257e-06
-1.71470314e-11
-1.069214221e-11
9.498045434e-06
-9.509856087e-12
-5.909114501e-12
9.498051322e-06
-5.098465177e-12
-3.85308476e-12
9.498054151e-06
-4.929890578e-12
-1.520735687e-12
9.498055682e-06
-2.509628725e-12
7.214742758e-14
9.498050419e-06
-3.517408215e-13
1.085495223e-12
9.498047174e-06
5.273546145e-13
2.043027459e-12
9.498044811e-06
6.51271621e-14
1.801593404e-12
9.498042556e-06
1.350001893e-12
3.577668894e-12
9.498037155e-06
1.589742212e-12
2.45723395e-12
9.498031999e-06
3.229799489e-12
1.475968202e-12
9.498028767e-06
3.475697339e-12
2.985244479e-12
2.153091471e-12
2.098693138e-12
9.498017112e-06
-1.365271111e-11
-1.762335578e-11
9.498035576e-06
-1.387350005e-11
-1.959267545e-11
9.498040786e-06
-5.810740651e-12
-8.038673281e-12
9.498037589e-06
-1.869176943e-12
-3.193157414e-12
9.49803727e-06
-1.195854399e-12
1.918330588e-12
9.498031802e-06
-1.184957788e-12
1.635090103e-12
9.498024675e-06
-1.699529319e-12
2.876084748e-12
9.498021649e-06
8.953182145e-13
3.940803215e-12
9.49801727e-06
3.573395477e-12
2.908975387e-12
9.498014151e-06
9.686071381e-13
3.029564417e-12
9.498012234e-06
2.934802421e-12
3.570807351e-12
9.49800632e-06
3.51699873e-12
3.618175947e-12
9.498002707e-06
3.836692586e-12
3.709066521e-12
3.735047849e-12
2.716085816e-12
9.498030965e-06
-6.503405186e-12
1.271699788e-12
9.498046917e-06
-3.991208181e-12
-2.302430873e-11
9.498047997e-06
2.80842322e-13
-7.70387217e-12
9.498039353e-06
1.767992908e-13
-1.068255059e-12
9.498033704e-06
4.640389152e-13
4.492725279e-12
9.498024868e-06
-9.40030532e-14
5.770589702e-12
9.498019921e-06
1.407430411e-12
7.18089302e-12
9.498014478e-06
1.761278882e-12
6.554531209e-12
9.498007481e-06
2.00773515e-12
5.433032514e-12
9.498006097e-06
1.657595361e-12
4.586145625e-12
9.498001467e-06
8.271687961e-13
3.110764336e-12
9.49799819e-06
8.276613253e-13
3.646288722e-12
9.497997103e-06
2.946866673e-13
3.8010132e-12
1.343605604e-12
3.819876199e-12
9.498052433e-06
6.463975065e-12
2.282411364e-11
9.498044706e-06
5.21310801e-12
1.08064544e-13
9.498030901e-06
1.227466019e-12
1.05471855e-11
9.498018674e-06
-4.725799031e-14
1.467723454e-11
9.498009158e-06
2.756124389e-13
1.251087599e-11
9.498001794e-06
-9.348048769e-14
1.014320226e-11
9.497995704e-06
4.906764739e-13
8.815993138e-12
9.497991554e-06
-9.723929277e-13
7.175429784e-12
9.497984556e-06
-2.28112623e-12
3.40735468e-12
9.497982735e-06
-1.33308545e-12
4.15587148e-12
9.497981024e-06
-1.562172608e-12
2.949872494e-12
9.497978322e-06
-2.081739014e-12
2.662600721e-12
9.497977869e-06
-6.905529948e-13
4.084743137e-12
-7.303328769e-14
3.301295344e-12
9.49800797e-06
1.279940642e-11
4.946014183e-13
9.498021322e-06
1.425516596e-11
-2.307104991e-11
9.498021396e-06
6.824066107e-12
-8.165840119e-12
9.498014612e-06
2.528679991e-12
3.835167881e-13
9.498009315e-06
1.524745571e-12
4.01791181e-12
9.498005427e-06
5.720019284e-13
7.106721539e-12
9.497997563e-06
-4.311967051e-13
5.321114786e-12
9.497992026e-06
-1.076165145e-12
6.285974146e-12
9.497987316e-06
-1.395911005e-12
6.067556775e-12
9.497984357e-06
-2.65092701e-12
5.731868949e-12
9.49798178e-06
-2.237571851e-12
5.03973402e-12
9.497979776e-06
-8.693965484e-13
3.248714216e-12
9.497976435e-06
-2.474413496e-12
4.443700469e-12
-2.417507223e-12
3.557660971e-12
9.498028556e-06
1.574159719e-11
-1.730044834e-11
9.498044661e-06
1.718290576e-11
-1.947067483e-11
9.498051988e-06
1.060103639e-11
-7.839524018e-12
9.498048332e-06
4.980212665e-12
-6.823579631e-13
9.498045669e-06
2.851276134e-12
1.355739569e-13
9.498040657e-06
1.115210966e-13
1.425197673e-12
9.498035404e-06
-5.240150549e-13
2.263988671e-12
9.498032664e-06
-4.156633942e-13
5.37153239e-12
9.498027347e-06
-1.064822639e-12
5.30219904e-12
9.49802595e-06
-1.762293397e-12
4.390530541e-12
9.498024225e-06
-1.753745708e-12
4.079524168e-12
9.498019447e-06
-2.999114108e-12
2.329140151e-12
9.498016009e-06
-6.021699873e-12
3.875025047e-12
-3.290999446e-12
4.111099882e-12
9.497983741e-06
8.929270801e-12
-8.436885376e-12
9.498000115e-06
8.391053853e-12
-1.136263321e-11
9.498012138e-06
5.623358166e-12
-6.464100448e-12
9.498018796e-06
4.406102733e-12
-4.006773359e-12
9.498022259e-06
2.319069255e-12
-1.950543388e-12
9.498023461e-06
1.210017327e-12
-6.209243779e-14
9.49802197e-06
6.227351944e-13
-4.328759393e-13
9.49801854e-06
-7.266586925e-13
3.159239809e-13
9.498014666e-06
-5.580309088e-13
1.075938375e-12
9.498012695e-06
-5.361115292e-13
4.028624321e-12
9.49800828e-06
-2.576244631e-12
3.02202092e-12
9.498004941e-06
-2.26531801e-12
3.113718028e-12
9.498001809e-06
-2.306201184e-12
4.700841028e-12
-3.112115552e-12
1.873901635e-12
9.497964753e-06
-9.28384078e-12
9.497983781e-06
-9.62644049e-12
9.497996866e-06
-4.389289042e-12
9.498003948e-06
-3.910151823e-12
9.498010078e-06
-1.846029301e-12
9.498016536e-06
-1.539491193e-12
9.49801516e-06
-1.082558278e-12
9.498013561e-06
1.262210266e-13
9.498009932e-06
1.498631389e-14
9.498008443e-06
1.061456612e-12
9.498005685e-06
1.918498594e-12
9.497999874e-06
2.302576888e-12
9.497995572e-06
3.255012055e-12
2.847666079e-12
9.497996201e-06
-4.923399531e-11
9.498012085e-06
-8.04810789e-12
-1.569930715e-11
9.498031619e-06
-1.125959446e-11
-1.586567688e-11
9.498041692e-06
-8.292387937e-12
-1.026332316e-11
9.498046921e-06
-5.111682953e-12
-7.881304876e-12
9.498050118e-06
-2.997801999e-12
-3.520647216e-12
9.4980519e-06
-1.576204505e-13
6.670685925e-13
9.498051674e-06
2.214243062e-12
1.786018286e-12
9.498046625e-06
1.598970548e-12
1.627274121e-13
9.498044413e-06
1.88454786e-12
1.204193312e-12
9.498040001e-06
2.618379793e-12
1.972199374e-12
9.498038096e-06
3.622765317e-12
1.354052838e-12
9.498034017e-06
2.738945188e-12
3.323227006e-12
9.498027426e-06
4.022519131e-12
4.80751818e-12
4.633400449e-12
5.265619125e-12
9.497977988e-06
-1.159316455e-11
-1.343345697e-11
9.497993466e-06
-2.154069433e-11
-2.189287111e-11
9.498001548e-06
-1.184068781e-11
-1.174247319e-11
9.498001303e-06
-5.330685524e-12
-6.221861515e-12
9.498000177e-06
-2.808727476e-12
-1.401962494e-12
9.497999057e-06
-3.633539826e-13
4.332930452e-13
9.497993861e-06
2.0969525e-12
1.572210341e-12
9.497988477e-06
2.997239827e-12
2.889758378e-12
9.497987479e-06
1.93408298e-12
2.837666045e-12
9.497983243e-06
1.959927024e-12
1.456031709e-12
9.497979298e-06
4.163405073e-12
2.126613161e-12
9.497979736e-06
6.355311852e-12
4.309698215e-12
9.497975157e-06
5.584112649e-12
4.323686582e-12
3.968063065e-12
4.108378135e-12
9.498000977e-06
-1.676852401e-12
-2.163542777e-11
9.498007603e-06
-1.532722269e-11
-2.843193103e-11
9.498001498e-06
-4.80788322e-12
-8.022644698e-12
9.497990295e-06
-9.72971955e-13
1.681307799e-12
9.497981781e-06
2.607507697e-12
7.038208403e-12
9.497975721e-06
3.578750529e-12
8.995178765e-12
9.497969347e-06
2.792856577e-12
5.97749401e-12
9.497963203e-06
3.235627051e-12
5.057911159e-12
9.497962203e-06
4.878473918e-12
5.573789021e-12
9.497960487e-06
2.935547328e-12
3.249670875e-12
9.49795753e-06
1.720122376e-12
3.425746868e-12
9.497954226e-06
2.633502063e-12
2.872785467e-12
9.497951479e-06
3.227536563e-12
5.231917173e-12
4.407305373e-12
6.029519675e-12
9.498042164e-06
1.552853037e-11
4.64523414e-11
9.49804347e-06
3.558506066e-13
-3.766647865e-11
9.498030458e-06
3.243117456e-12
-5.395758428e-12
9.498020062e-06
6.139908893e-12
1.006031265e-11
9.498005737e-06
3.49127859e-12
1.155194285e-11
9.497998806e-06
2.597968311e-12
1.357510374e-11
9.497994733e-06
2.466956571e-12
1.213684052e-11
9.497994204e-06
2.610949171e-12
9.04026429e-12
9.497991414e-06
9.246727867e-13
5.863250278e-12
9.49799291e-06
1.015384457e-12
5.728531411e-12
9.497992306e-06
4.597130127e-13
4.135465346e-12
9.49799252e-06
6.734649075e-13
3.641225673e-12
9.497993702e-06
2.210193605e-13
6.055515015e-12
1.315879459e-12
6.374729822e-12
9.498088769e-06
-1.682964625e-11
2.250728224e-10
9.498034653e-06
3.568819231e-13
5.621352744e-11
9.498006177e-06
-1.798969209e-12
4.66982239e-11
9.497986676e-06
-5.206279106e-12
4.054130519e-11
9.497977e-06
-4.098795709e-12
2.848132078e-11
9.497974466e-06
-2.45555614e-12
2.134669522e-11
9.497972367e-06
-2.862489237e-12
1.359647757e-11
9.49797035e-06
-3.180865009e-12
9.616186194e-12
9.497972028e-06
-1.338066557e-12
7.555695378e-12
9.497972176e-06
-1.529970609e-12
5.813456878e-12
9.497975653e-06
-5.076272758e-13
5.087179993e-12
9.497975557e-06
-2.307914166e-12
3.969426165e-12
9.497975532e-06
-1.734058222e-12
7.054398796e-12
-8.928828854e-13
7.336916816e-12
9.498064971e-06
3.107180538e-12
4.609717697e-11
9.498064321e-06
1.65696969e-11
-3.742695262e-11
9.498052604e-06
4.969642878e-12
-4.996662528e-12
9.49803794e-06
1.606550276e-13
1.02379017e-11
9.49802748e-06
-1.961352621e-12
1.367651875e-11
9.498020888e-06
-4.798661993e-12
1.503992541e-11
9.498017455e-06
-3.785629585e-12
1.298629413e-11
9.498013144e-06
-2.796724069e-12
1.011781084e-11
9.498013223e-06
-1.86882268e-12
8.787809451e-12
9.498013179e-06
-3.279641626e-12
6.621123918e-12
9.498011892e-06
-3.68687463e-12
4.773402566e-12
9.498015607e-06
-2.743221086e-12
4.542301075e-12
9.49801665e-06
-3.536962507e-12
6.758409466e-12
-3.155227063e-12
5.683881491e-12
9.497984896e-06
1.179635457e-11
-1.928905631e-11
9.497988637e-06
2.106021166e-11
-2.97245763e-11
9.497983597e-06
1.250741356e-11
-7.904814701e-12
9.497972032e-06
3.608234479e-12
1.603839543e-12
9.497963034e-06
1.680182933e-12
6.243101648e-12
9.497957178e-06
-1.034908814e-12
9.103957617e-12
9.497952866e-06
-3.712133044e-12
9.775216972e-12
9.497947181e-06
-5.047173505e-12
8.225735796e-12
9.497944011e-06
-5.61336241e-12
6.799780058e-12
9.497944919e-06
-2.870581477e-12
4.740210262e-12
9.497943106e-06
-3.848989721e-12
4.007908658e-12
9.497942778e-06
-2.856968119e-12
4.758512185e-12
9.497940801e-06
-4.721222919e-12
5.77355306e-12
-5.083519734e-12
4.02945151e-12
9.498049323e-06
7.472375933e-12
-1.303682933e-11
9.498064385e-06
1.102171951e-11
-2.10543242e-11
9.498072849e-06
7.910711016e-12
-1.226494151e-11
9.498075902e-06
5.087588232e-12
-4.507021926e-12
9.49807425e-06
2.651031542e-12
-1.548446938e-12
9.498071266e-06
-6.526504598e-13
2.217553426e-12
9.498069487e-06
-1.761005999e-14
5.113757537e-12
9.498063678e-06
-2.276827243e-13
5.975827853e-12
9.498061305e-06
-1.343351852e-12
5.847417686e-12
9.498055784e-06
-3.131208694e-12
3.683233171e-12
9.498052784e-06
-3.042974167e-12
3.713933306e-12
9.498049566e-06
-2.7781993e-12
1.411588678e-12
9.498046703e-06
-3.294075191e-12
4.662834582e-12
-2.661615066e-12
3.941305557e-12
9.497928209e-06
-1.53748313e-11
9.497947207e-06
-1.732755237e-11
9.497955804e-06
-1.165204967e-11
9.497963493e-06
-6.112475892e-12
9.497964801e-06
-2.36900899e-12
9.497967212e-06
2.904417771e-13
9.497965721e-06
1.153365694e-12
9.49796036e-06
1.493779302e-12
9.497958523e-06
3.767879547e-12
9.497955778e-06
2.219119737e-12
9.49795222e-06
2.238829786e-12
9.497948533e-06
1.132721983e-12
9.49794477e-06
3.955994595e-12
3.971203317e-12
9.497987979e-06
-8.578605508e-11
-6.260194464e-11
9.498000548e-06
-1.612759143e-11
-1.390894625e-11
9.498017162e-06
-1.941120324e-11
-1.427210949e-11
9.498021038e-06
-7.900212814e-12
-6.079359247e-12
9.498021898e-06
-1.210769314e-12
-2.998564134e-12
9.498018216e-06
7.708619851e-13
-3.152653311e-12
9.498012992e-06
2.200590864e-12
1.905103017e-13
9.498009254e-06
3.74488106e-12
1.460715864e-12
9.498003964e-06
5.093154223e-12
1.6442186e-12
9.497999925e-06
3.795094439e-12
7.085161689e-13
9.497994374e-06
4.121912611e-12
3.677522394e-13
9.497992984e-06
5.701703949e-12
1.66697e-12
9.497990571e-06
4.626241867e-12
2.901425361e-12
9.497986167e-06
4.369892646e-12
3.5848613e-12
4.518023796e-12
3.984591123e-12
9.498101193e-06
-1.143736463e-10
9.498092096e-06
-1.929553513e-11
-2.706871154e-12
9.498097329e-06
-2.809158064e-11
-1.692767151e-11
9.498091428e-06
-7.617708518e-12
-6.900126574e-12
9.49808136e-06
2.267297753e-12
-2.236710415e-12
9.498070378e-06
5.460983286e-12
-4.028978129e-13
9.498063749e-06
8.345125013e-12
2.909295604e-12
9.498057754e-06
6.973171899e-12
4.28185409e-12
9.498051927e-06
5.569691202e-12
3.398676905e-12
9.498052789e-06
5.961946844e-12
2.676087188e-12
9.498049365e-06
4.595783515e-12
1.170042345e-12
9.498048209e-06
5.59035602e-12
1.38292734e-12
9.498048823e-06
5.011250376e-12
2.336305418e-12
9.498047314e-06
7.201658926e-12
5.00028149e-12
6.302340145e-12
4.73867989e-12
9.498124119e-06
1.795465472e-11
1.57316918e-11
9.498083971e-06
-1.060589612e-11
-1.146619632e-11
9.498047274e-06
1.120998265e-11
1.064992831e-11
9.498021404e-06
1.568570668e-11
1.438674367e-11
9.498005344e-06
1.264810541e-11
1.281087346e-11
9.497998533e-06
1.115779965e-11
1.044595294e-11
9.49799861e-06
1.047352355e-11
1.092112133e-11
9.497996845e-06
7.464552874e-12
8.273190642e-12
9.498000102e-06
6.772979294e-12
7.716420019e-12
9.498003319e-06
5.478693284e-12
5.220732084e-12
9.498004731e-06
3.641976461e-12
3.847487888e-12
9.498007968e-06
3.301135487e-12
3.842267146e-12
9.498009311e-06
5.463861209e-12
2.633125922e-12
4.933441774e-12
3.758472853e-12
9.498073459e-06
8.301623439e-11
2.011957288e-10
9.498015078e-06
2.501011484e-11
-9.553145926e-12
9.497970593e-06
2.20567929e-11
2.533401516e-11
9.497947343e-06
1.819913763e-11
3.159971818e-11
9.497941741e-06
1.081403156e-11
2.318485231e-11
9.497942233e-06
7.064866377e-12
1.748259565e-11
9.497947996e-06
4.380602262e-12
1.287828677e-11
9.497954454e-06
4.467184118e-12
1.071402287e-11
9.497961742e-06
4.298452484e-12
6.336412998e-12
9.497967477e-06
1.870263549e-12
4.270294886e-12
9.497973296e-06
2.240106364e-12
4.703572809e-12
9.497979908e-06
1.847344887e-12
2.889137343e-12
9.497982711e-06
2.00970998e-12
3.998821125e-12
3.394302897e-12
4.603013474e-12
9.498227684e-06
-8.361929276e-11
9.980016269e-10
9.498019016e-06
-2.323862332e-11
3.080850648e-10
9.497963361e-06
-2.140661249e-11
1.515763358e-10
9.497954264e-06
-1.650549012e-11
8.923084594e-11
9.497963433e-06
-1.007486111e-11
4.497357931e-11
9.497975675e-06
-5.640350373e-12
2.309992575e-11
9.497990157e-06
-4.641616201e-12
1.160303045e-11
9.497998067e-06
-3.552905598e-12
6.851803565e-12
9.498007235e-06
-2.865757393e-12
3.809154893e-12
9.498014935e-06
-2.570189511e-12
1.531344888e-12
9.49802116e-06
-1.985972865e-12
2.599623642e-12
9.498026885e-06
-2.862702978e-12
2.104219516e-12
9.498031943e-06
-2.329269711e-12
3.171883247e-12
-2.712134562e-12
3.745919188e-12
9.498092485e-06
-1.525960618e-11
2.010420832e-10
9.49802904e-06
1.009902969e-11
-1.229358692e-11
9.497986187e-06
-1.157011384e-11
2.465653084e-11
9.497964637e-06
-1.55488474e-11
3.038627377e-11
9.49795822e-06
-1.334327954e-11
2.380576434e-11
9.497959794e-06
-1.326045455e-11
1.738137955e-11
9.497965347e-06
-8.653017002e-12
1.135931492e-11
9.497973474e-06
-6.455942849e-12
1.021858959e-11
9.497978297e-06
-4.972939661e-12
6.557003693e-12
9.497985097e-06
-5.468098743e-12
4.458369452e-12
9.49799137e-06
-4.465602995e-12
5.385644964e-12
9.497998195e-06
-3.534465016e-12
4.713732641e-12
9.498002509e-06
-5.428213416e-12
6.41644025e-12
-5.82880044e-12
5.981755905e-12
9.498098806e-06
1.678907968e-11
1.436326678e-11
9.498061431e-06
2.847902576e-11
-1.23843303e-11
9.498022042e-06
7.771920417e-12
9.549531048e-12
9.497993622e-06
-1.991028915e-12
1.462567313e-11
9.497979461e-06
-6.438759343e-12
1.401606379e-11
9.497975802e-06
-7.443396434e-12
1.201533789e-11
9.497971517e-06
-7.756905542e-12
7.519448595e-12
9.497970366e-06
-6.908620694e-12
7.238879557e-12
9.497969893e-06
-7.023258548e-12
6.294162276e-12
9.497976969e-06
-3.270557336e-12
6.779270889e-12
9.497979562e-06
-3.737187205e-12
5.710627349e-12
9.497983174e-06
-5.524632845e-12
6.291872836e-12
9.497984218e-06
-5.019333657e-12
7.148360071e-12
-5.481753125e-12
6.602230464e-12
9.497988735e-06
1.796150366e-11
-1.758001123e-12
9.497993541e-06
1.919115133e-11
-1.693229245e-11
9.497985933e-06
7.466152387e-12
-8.494084471e-12
9.49797445e-06
1.681490284e-12
-1.461797397e-12
9.497966099e-06
8.556484969e-14
1.620470978e-12
9.497959027e-06
-4.36536688e-12
2.090730574e-12
9.497952717e-06
-4.636248981e-12
2.385157914e-12
9.497947718e-06
-4.109218582e-12
3.842958951e-12
9.497946263e-06
-3.793951318e-12
3.885624608e-12
9.497944884e-06
-4.191575899e-12
2.800954437e-12
9.497942973e-06
-3.96788246e-12
3.196671403e-12
9.497946389e-06
-2.657531129e-12
3.846005415e-12
9.497942932e-06
-4.055613451e-12
3.431776704e-12
-3.113009585e-12
4.047592312e-12
9.498045133e-06
-1.325108845e-11
9.498062122e-06
-1.520368919e-11
9.498065904e-06
-8.553711804e-12
9.498064381e-06
-5.081004396e-12
9.498062343e-06
-2.109977428e-12
9.498057429e-06
-1.532663414e-13
9.498054574e-06
-5.98329707e-13
9.49804834e-06
1.911961968e-12
9.498042282e-06
2.035823667e-12
9.49803861e-06
2.263780421e-12
9.498035154e-06
2.622511696e-12
9.498034814e-06
2.382976804e-12
9.498031424e-06
2.49513995e-12
2.756625293e-12
9.498018512e-06
-1.222374288e-10
-5.948422481e-11
9.498012318e-06
2.244854069e-12
-6.713172976e-12
9.498026259e-06
-2.428417396e-11
-5.335548288e-12
9.498025011e-06
-9.071022506e-12
-1.747307185e-12
9.498020038e-06
-1.054473877e-12
-1.616640488e-13
9.498017044e-06
4.674717328e-12
5.013137857e-13
9.49800589e-06
6.200663665e-12
-1.292427572e-12
9.497999041e-06
6.287973034e-12
-1.859474892e-12
9.497995003e-06
6.224757634e-12
1.574119612e-12
9.49798964e-06
4.942051868e-12
-4.25035114e-13
9.497985568e-06
4.273743187e-12
-2.001626526e-13
9.497983736e-06
4.584250954e-12
1.61359474e-13
9.49798296e-06
5.010584567e-12
-6.319468861e-13
9.497978479e-06
5.330168607e-12
6.815242904e-13
4.860655707e-12
1.116776974e-12
9.498069262e-06
-2.849090116e-10
-1.163026787e-10
9.498005686e-06
4.671825534e-11
1.634609835e-11
9.498003072e-06
-3.636257627e-11
6.0856476e-13
9.497991298e-06
-4.558365375e-12
1.999328354e-12
9.497978355e-06
1.035394945e-11
4.275842006e-12
9.497968143e-06
1.461789912e-11
3.510170158e-12
9.497958458e-06
1.354632664e-11
1.651599129e-12
9.497954055e-06
1.186127913e-11
1.18761263e-12
9.497950945e-06
1.039207571e-11
1.041611797e-12
9.497952274e-06
9.865762325e-12
2.563970345e-12
9.497953678e-06
9.284320824e-12
2.189622691e-12
9.497956476e-06
7.10319501e-12
7.691255277e-13
9.497956507e-06
4.876293019e-12
-6.246764466e-13
9.497956912e-06
4.599884701e-12
7.687355787e-13
4.787483532e-12
1.164095741e-12
9.49833143e-06
-3.577589155e-10
9.498111718e-06
2.026451708e-10
8.330829011e-11
9.498049511e-06
-9.208512847e-12
2.312642224e-11
9.498007169e-06
2.548862088e-11
2.180561118e-11
9.497988339e-06
3.266293761e-11
1.830497774e-11
9.497981561e-06
2.298038165e-11
1.03555468e-11
9.497983026e-06
1.784978234e-11
7.663318251e-12
9.497988101e-06
1.230278262e-11
5.37480788e-12
9.497995636e-06
1.04794332e-11
3.064943303e-12
9.498000744e-06
5.85568521e-12
6.482507852e-13
9.498007253e-06
5.00668802e-12
4.980303475e-13
9.498013826e-06
3.417065631e-12
-3.901396737e-13
9.498015691e-06
2.204116388e-12
8.484160812e-13
9.498022321e-06
6.086122218e-12
2.343677139e-12
5.249905834e-12
2.687163069e-12
9.497837066e-06
4.175078593e-10
4.168683056e-10
9.497860834e-06
-2.124150537e-11
-2.093314093e-11
9.497874456e-06
2.004239151e-11
1.849387109e-11
9.49788828e-06
2.383985495e-11
2.370331095e-11
9.497909975e-06
1.208564554e-11
1.304715846e-11
9.497928882e-06
6.677051002e-12
6.66651001e-12
9.497946332e-06
3.844705463e-12
4.659562507e-12
9.49795748e-06
2.295367317e-12
2.422079852e-12
9.49796941e-06
2.442609805e-12
1.691578103e-12
9.497975971e-06
7.849163979e-13
9.749575671e-13
9.497981957e-06
1.619696861e-12
1.413251922e-12
9.497989444e-06
1.177204567e-12
1.223940593e-12
9.497996001e-06
1.671325571e-12
2.727376784e-12
2.770778473e-12
2.483954722e-12
9.497620858e-06
-4.185644288e-10
3.253328362e-09
9.497650849e-06
2.067239298e-11
2.430820447e-10
9.497750127e-06
-1.971974375e-11
9.419166977e-11
9.497820084e-06
-2.520794525e-11
6.577780185e-11
9.497867491e-06
-1.293044286e-11
2.445850479e-11
9.497898781e-06
-7.034743395e-12
8.345752894e-12
9.497919557e-06
-4.397697787e-12
3.328518602e-12
9.497932279e-06
-1.656449401e-12
2.262967593e-12
9.497938914e-06
-1.335662222e-12
5.329878245e-13
9.497947248e-06
-1.84210706e-12
1.883674062e-13
9.497952592e-06
-8.377318368e-13
-1.836712406e-12
9.497958305e-06
-1.089930513e-12
-5.690997134e-13
9.49796687e-06
1.810109251e-13
1.573827618e-12
-1.42371284e-12
2.263700982e-12
9.497867544e-06
-2.014335946e-10
4.149198023e-10
9.497892697e-06
9.810522669e-12
-2.351393498e-11
9.497904155e-06
-2.704791845e-11
1.714730172e-11
9.497921842e-06
-3.169267315e-11
2.268488543e-11
9.49794245e-06
-2.387926749e-11
1.084830158e-11
9.497962685e-06
-1.910814206e-11
6.151073833e-12
9.49798321e-06
-1.36685328e-11
5.079780354e-12
9.497992925e-06
-9.101973192e-12
3.067617305e-12
9.498002971e-06
-6.085473856e-12
1.980487527e-12
9.498012596e-06
-4.736606948e-12
4.009917888e-13
9.498017083e-06
-4.497929208e-12
8.314899578e-13
9.49802636e-06
-2.541916676e-12
1.67609022e-12
9.498030164e-06
-5.315377003e-12
1.603410934e-12
-4.824343971e-12
2.208789256e-12
9.498070996e-06
-4.649874476e-11
8.020004248e-11
9.498009229e-06
3.743483834e-11
2.150545399e-11
9.497968971e-06
4.5322394e-12
2.047281807e-11
9.497947076e-06
-1.001430128e-11
1.570875164e-11
9.49794026e-06
-1.402977261e-11
8.693699627e-12
9.497942004e-06
-1.461537421e-11
6.0735759e-12
9.497951859e-06
-1.166922892e-11
5.532428434e-12
9.497957008e-06
-9.313861228e-12
2.674558271e-12
9.497961712e-06
-7.880351029e-12
2.305739758e-12
9.497969484e-06
-6.965235561e-12
2.645244378e-12
9.497975211e-06
-6.180051237e-12
2.116557745e-12
9.497980228e-06
-6.573376201e-12
5.387206997e-13
9.497985772e-06
-8.94816915e-12
5.353804396e-13
-7.960549442e-12
9.899248374e-13
9.498086633e-06
-1.060393841e-12
1.535339974e-11
9.498083889e-06
2.299401508e-11
-5.260134161e-13
9.498072556e-06
8.311881391e-12
1.901589431e-12
9.498058416e-06
-1.148152427e-12
1.554997469e-12
9.498046718e-06
-3.301875797e-12
2.59108091e-12
9.498039429e-06
-5.754054493e-12
2.812816492e-12
9.498035526e-06
-7.202740518e-12
1.450105615e-12
9.498030389e-06
-6.557392634e-12
6.291942464e-13
9.498027373e-06
-5.8028017e-12
9.018285741e-13
9.49803033e-06
-4.459533808e-12
2.466829834e-12
9.498028213e-06
-4.844144123e-12
1.265288189e-12
9.498030312e-06
-4.533411114e-12
2.338914787e-12
9.498031386e-06
-4.71119938e-12
1.984276795e-12
-3.22593529e-12
2.084985125e-12
9.498040276e-06
-5.653016255e-12
9.498054404e-06
-4.623425993e-12
9.498054385e-06
-2.482081102e-12
9.498049234e-06
-1.85887847e-13
9.498040725e-06
1.647092828e-12
9.498033448e-06
3.366457739e-14
9.498030222e-06
4.994229762e-13
9.498022493e-06
2.133717201e-13
9.498015941e-06
-3.716803518e-14
9.49801279e-06
1.770872555e-12
9.498011159e-06
2.17434886e-12
9.49800986e-06
1.973944966e-12
9.498008535e-06
1.876198649e-12
8.935686432e-13
9.49810127e-06
-3.313208158e-10
5.749292392e-11
9.498070674e-06
2.578419459e-11
6.965028628e-12
9.498062157e-06
1.071548527e-12
4.599181723e-12
9.498048211e-06
1.164113193e-11
-8.391457078e-13
9.498036206e-06
1.447743181e-11
-2.989957643e-12
9.49802655e-06
1.400900765e-11
-2.513931982e-12
9.498019053e-06
1.189799168e-11
-1.991644427e-12
9.498015171e-06
9.389697107e-12
-3.57483294e-13
9.498005598e-06
6.225725203e-12
-2.061425945e-12
9.498005019e-06
7.315182365e-12
-1.080735509e-12
9.498001912e-06
5.658414869e-12
3.275592324e-13
9.498002084e-06
5.397695191e-12
2.795326476e-14
9.498000172e-06
4.16448449e-12
-1.479053867e-13
9.49799606e-06
4.955783758e-12
-1.567627533e-12
5.275373415e-12
-2.00714249e-12
9.498302321e-06
-9.340650715e-10
1.166965803e-10
9.498133843e-06
2.245561315e-10
-1.742896718e-11
9.498081702e-06
5.58529755e-11
-4.015205763e-13
9.498050569e-06
4.672094707e-11
-3.222126256e-12
9.498032971e-06
4.336575648e-11
-4.541596604e-12
9.498021602e-06
2.905044957e-11
-3.412863688e-12
9.498018003e-06
2.176756914e-11
-3.317049864e-12
9.498015161e-06
1.582988419e-11
-2.541220658e-12
9.498014762e-06
1.06455787e-11
-1.304362306e-12
9.498014549e-06
6.824507413e-12
-7.712912435e-13
9.498016408e-06
6.498044326e-12
-7.064770491e-13
9.498021774e-06
5.693559167e-12
-8.96218104e-13
9.498025754e-06
5.941021053e-12
-1.709317309e-12
9.49802579e-06
6.834013192e-12
-1.695915043e-12
6.861140696e-12
-1.651031803e-12
9.498806836e-06
-2.569778237e-09
3.551019391e-10
9.498199669e-06
9.983075024e-10
-8.540051305e-11
9.497988904e-06
3.10024741e-10
-2.558762873e-11
9.4979344e-06
1.514309155e-10
-2.256831044e-11
9.49792441e-06
8.976782092e-11
-1.892203889e-11
9.497932033e-06
4.504594331e-11
-1.206862355e-11
9.497944389e-06
2.253692713e-11
-8.198578661e-12
9.497957129e-06
1.221687212e-11
-3.924729568e-12
9.497966777e-06
9.092296372e-12
-3.639730374e-12
9.497977522e-06
5.841973215e-12
-1.751379806e-12
9.497983129e-06
3.499193182e-12
-1.104358561e-12
9.497990001e-06
3.17916351e-12
-1.396115406e-12
9.49799429e-06
3.496817723e-12
-7.826396585e-13
9.49799924e-06
5.856159534e-12
-1.81121442e-12
5.601285471e-12
-1.346483016e-13
9.499074354e-06
6.028006307e-10
9.497659084e-06
3.254596552e-09
-4.192448917e-10
9.497685925e-06
2.430011778e-10
1.935252084e-11
9.497789142e-06
9.565169051e-11
-1.975429988e-11
9.497858136e-06
6.569575352e-11
-2.514291268e-11
9.497904566e-06
2.358741807e-11
-1.426689417e-11
9.497938601e-06
9.299438065e-12
-8.532159453e-12
9.497958894e-06
3.00187875e-12
-4.976331312e-12
9.497969669e-06
1.447273252e-12
-3.858133836e-12
9.497978818e-06
5.560499191e-13
-1.931435332e-12
9.497986814e-06
7.33067381e-13
-1.252785752e-12
9.497995311e-06
-7.33639724e-13
-2.023556478e-12
9.498000596e-06
-7.696525528e-13
-6.783449482e-14
9.498006262e-06
8.061339125e-13
2.164271666e-14
2.116580229e-12
-2.270600133e-13
9.526446282e-06
-3.25656062e-09
-3.257114749e-09
9.527449432e-06
-2.45869413e-10
-2.45756196e-10
9.527855406e-06
-9.661686898e-11
-9.566568911e-11
9.528144133e-06
-6.91260729e-11
-6.855589078e-11
9.528268598e-06
-2.614375542e-11
-2.742363261e-11
9.528328667e-06
-1.044459246e-11
-1.019157096e-11
9.52836468e-06
-3.35908664e-12
-3.870812653e-12
9.528386945e-06
-1.022476469e-12
-1.879269941e-12
9.528410217e-06
-2.562874741e-13
-7.471348979e-14
9.528432632e-06
-5.906364331e-13
2.988651656e-13
9.528457239e-06
1.042756046e-12
1.544218893e-12
9.528476041e-06
2.956105799e-14
6.180614515e-13
9.528502554e-06
-1.060973865e-12
-1.539126398e-12
-1.642327926e-12
-1.056938134e-12
9.497700032e-06
-9.989006391e-10
-4.172509147e-10
9.49772731e-06
-3.093850684e-10
2.025803973e-11
9.497829165e-06
-1.526722123e-10
-2.018966713e-11
9.497898742e-06
-9.012622324e-11
-2.5079415e-11
9.497945252e-06
-4.539178084e-11
-1.437228494e-11
9.497976594e-06
-2.519112373e-11
-9.173409122e-12
9.497997883e-06
-1.397973043e-11
-5.548978479e-12
9.498007748e-06
-8.496053099e-12
-3.523960541e-12
9.498016167e-06
-5.390061641e-12
-1.957809415e-12
9.498023395e-06
-2.117153445e-12
-1.458482846e-12
9.498027501e-06
-2.250406811e-12
-1.300862971e-12
9.498034487e-06
-3.30842436e-12
-7.486025856e-13
9.498042213e-06
-6.143344259e-12
-2.402690914e-12
-5.640416294e-12
-1.33387363e-12
9.498170361e-06
-2.243072816e-10
-8.336784972e-11
9.497958059e-06
-5.470846531e-11
-2.625041887e-11
9.49790168e-06
-4.695105464e-11
-2.366462943e-11
9.497892668e-06
-4.277970731e-11
-1.788431371e-11
9.497901474e-06
-2.901789487e-11
-1.082855608e-11
9.497916222e-06
-1.979425059e-11
-7.629217286e-12
9.497928205e-06
-1.487123731e-11
-5.569940252e-12
9.497937382e-06
-1.10821808e-11
-4.850391604e-12
9.49794579e-06
-7.367487382e-12
-3.247178016e-12
9.49795272e-06
-6.853776705e-12
-2.561758184e-12
9.497958655e-06
-6.722968606e-12
-2.42438264e-12
9.497965359e-06
-5.147289886e-12
-1.329843538e-12
9.497973544e-06
-7.356065641e-12
-1.591110713e-12
-6.84944751e-12
-2.439074935e-12
9.49808592e-06
-2.186913362e-11
-1.681772234e-11
9.498030651e-06
-1.649925196e-13
-5.031310241e-12
9.498002275e-06
-1.166054174e-11
-4.300854622e-12
9.497985624e-06
-1.398867238e-11
-3.073149577e-12
9.497974779e-06
-1.075731707e-11
-2.275813097e-12
9.497968738e-06
-1.088182636e-11
-3.289178129e-12
9.497967991e-06
-9.454647426e-12
-2.946859549e-12
9.497967583e-06
-6.063617359e-12
-4.060374281e-12
9.497968261e-06
-5.3836252e-12
-3.274163971e-12
9.497969545e-06
-3.852640919e-12
-6.46909729e-13
9.497972684e-06
-3.084690237e-12
-9.318906679e-13
9.497974207e-06
-4.692106958e-12
-1.542738357e-12
9.497977434e-06
-4.90240572e-12
-9.052257343e-13
-4.568018881e-12
-1.481230292e-12
9.498026028e-06
5.00098411e-12
9.498016762e-06
1.748476576e-12
9.498006034e-06
-1.317080975e-12
9.497995823e-06
-1.673264747e-12
9.497983532e-06
-2.025848229e-12
9.497976173e-06
-8.650395482e-13
9.497972579e-06
-3.706563077e-13
9.497965553e-06
-1.428344286e-12
9.497961069e-06
-2.073917056e-12
9.497957167e-06
-9.84301075e-13
9.497954399e-06
-1.05501091e-12
9.497954919e-06
-3.484101735e-13
9.497955046e-06
6.060853182e-13
-1.787575925e-12
9.498033448e-06
-1.201500778e-10
6.133178521e-11
9.498022292e-06
-1.572440649e-13
9.44002305e-12
9.49803747e-06
-2.323943995e-11
1.08828964e-11
9.498038142e-06
-7.51936354e-12
4.587472316e-12
9.498035114e-06
-1.917322412e-13
2.160593086e-12
9.498026038e-06
6.152402866e-12
-8.430859527e-13
9.498021437e-06
6.64090531e-12
-1.106661816e-12
9.49801117e-06
6.028804458e-12
-7.567903613e-13
9.498006392e-06
6.396155088e-12
-1.989603602e-12
9.498002948e-06
6.786864768e-12
-1.831958638e-12
9.497997606e-06
4.345595408e-12
-3.301208418e-12
9.497997578e-06
4.779805631e-12
-2.901407326e-12
9.497994664e-06
2.199531912e-12
-2.705101992e-12
9.497993037e-06
4.495602288e-12
-3.554271155e-12
4.378776573e-12
-3.036958597e-12
9.498116093e-06
-2.881001653e-10
1.113753398e-10
9.49805437e-06
4.445783268e-11
-5.247467872e-14
9.498051158e-06
-3.864581127e-11
1.461154325e-11
9.498038603e-06
-6.092880892e-12
4.333740302e-12
9.498029038e-06
1.01823369e-11
5.463919143e-14
9.498013806e-06
1.164378032e-11
-1.984388025e-12
9.498010636e-06
1.457207373e-11
-3.752797495e-12
9.498004864e-06
1.429823154e-11
-2.045151929e-12
9.498002425e-06
9.901150133e-12
-3.004835756e-12
9.498000648e-06
7.391232304e-12
-2.815515399e-12
9.498000745e-06
7.208929588e-12
-2.702165729e-12
9.498003958e-06
5.693442702e-12
-1.524843937e-12
9.498009645e-06
6.924924258e-12
-1.038203354e-12
9.498007419e-06
7.279098613e-12
-3.442703968e-12
8.678954414e-12
-3.643422384e-12
9.49829071e-06
-5.968327922e-10
3.328601434e-10
9.49807126e-06
2.015598748e-10
-1.674106217e-11
9.498007237e-06
-1.021519195e-11
9.958472149e-12
9.497962986e-06
2.580950973e-11
-1.368126352e-11
9.497943269e-06
3.290849294e-11
-1.57541676e-11
9.497936578e-06
2.222042751e-11
-1.412253283e-11
9.497939869e-06
1.589383116e-11
-1.301310298e-11
9.497940034e-06
1.057501637e-11
-1.124984884e-11
9.497949663e-06
9.76551022e-12
-5.927407861e-12
9.497957212e-06
6.392279018e-12
-6.074980867e-12
9.497960653e-06
3.692830103e-12
-4.489779534e-12
9.497967814e-06
3.096452339e-12
-3.732914991e-12
9.497973497e-06
3.574795823e-12
-3.483222064e-12
9.497979505e-06
6.775419521e-12
-4.972139829e-12
6.226028845e-12
-5.817027623e-12
9.498322425e-06
-6.045180974e-10
5.984713371e-10
9.497893655e-06
4.165370299e-10
-2.020984441e-10
9.497914655e-06
-2.14382553e-11
9.007221046e-12
9.497926985e-06
1.911172979e-11
-2.797566718e-11
9.497943335e-06
2.271901788e-11
-3.2464538e-11
9.497964604e-06
1.101528485e-11
-2.331180498e-11
9.497986461e-06
7.245885567e-12
-1.830831512e-11
9.498002044e-06
3.827234884e-12
-1.297744745e-11
9.498014072e-06
3.507526466e-12
-8.212847753e-12
9.498023713e-06
2.252107959e-12
-5.79109198e-12
9.498031582e-06
1.856775049e-12
-3.39224077e-12
9.498039882e-06
2.132639997e-12
-2.604194357e-12
9.498044768e-06
1.769409039e-13
-4.000792991e-12
9.498053041e-06
8.242503859e-13
-6.922717801e-12
9.013363024e-13
-7.391436665e-12
9.499078363e-06
6.018850419e-10
2.56892101e-09
9.497663039e-06
-4.182208843e-10
-9.998115717e-10
9.497689858e-06
1.910737852e-11
-3.104818884e-10
9.497788435e-06
-2.16924065e-11
-1.52703785e-10
9.497859046e-06
-2.541726561e-11
-8.969740481e-11
9.497906479e-06
-1.357808126e-11
-4.418364502e-11
9.497938077e-06
-9.040390094e-12
-2.385575165e-11
9.497958984e-06
-5.516788688e-12
-1.313079259e-11
9.497969806e-06
-2.909344519e-12
-9.15301797e-12
9.497978028e-06
-1.851016251e-12
-4.877633176e-12
9.497985229e-06
-2.130398653e-12
-2.309186418e-12
9.497993057e-06
-1.34949975e-12
-2.171428466e-12
9.497999119e-06
-1.445179694e-12
-2.919402928e-12
9.49800625e-06
-1.868953189e-12
-5.578205724e-12
-2.783218284e-12
-6.529718324e-12
9.498265844e-06
5.982696745e-10
9.497834595e-06
-2.027012459e-10
-2.021067128e-10
9.497859538e-06
7.58392082e-12
9.30468833e-12
9.497872043e-06
-2.731073199e-11
-2.723887854e-11
9.497888085e-06
-3.171407074e-11
-3.222572488e-11
9.497909701e-06
-2.276011156e-11
-2.258307904e-11
9.497929347e-06
-1.83484719e-11
-1.855908343e-11
9.497948925e-06
-1.300470565e-11
-1.290188967e-11
9.497959027e-06
-1.131985127e-11
-9.680961702e-12
9.497971173e-06
-7.43150228e-12
-6.016999385e-12
9.497980635e-06
-4.809230726e-12
-3.225294492e-12
9.497986365e-06
-4.458843945e-12
-4.059322887e-12
9.497993498e-06
-4.19922455e-12
-3.276484436e-12
9.497999816e-06
-6.296633415e-12
-6.547736368e-12
-6.767427861e-12
-6.390206628e-12
9.498115959e-06
-4.489060923e-11
-1.560307293e-11
9.498057766e-06
3.687752163e-11
1.045462269e-11
9.498015772e-06
4.712824937e-12
-1.145331336e-11
9.497993978e-06
-9.175665699e-12
-1.653457153e-11
9.497984852e-06
-1.213889107e-11
-1.51449183e-11
9.497988068e-06
-1.278439558e-11
-1.223081179e-11
9.49799569e-06
-1.279197024e-11
-1.061714245e-11
9.498001177e-06
-1.122247554e-11
-6.888555349e-12
9.498005364e-06
-8.686794565e-12
-7.509106018e-12
9.498011134e-06
-5.935275862e-12
-5.583854409e-12
9.4980169e-06
-6.304196325e-12
-5.464236195e-12
9.498023432e-06
-5.825691244e-12
-4.369643446e-12
9.498028855e-06
-7.916796841e-12
-5.195651028e-12
-5.911523336e-12
-4.713564923e-12
9.498015524e-06
8.743931645e-14
1.299339709e-12
9.498016821e-06
2.477737564e-11
1.590187808e-11
9.498005815e-06
9.240809645e-12
5.813447755e-12
9.497991179e-06
-1.641427344e-12
-1.410403935e-12
9.49798019e-06
-4.014977963e-12
-3.684943842e-12
9.497974355e-06
-5.613060601e-12
-5.060219413e-12
9.497969443e-06
-4.859081125e-12
-4.645430377e-12
9.497969424e-06
-4.010633467e-12
-3.122523843e-12
9.497967701e-06
-4.654642631e-12
-3.411142535e-12
9.497965351e-06
-5.060322662e-12
-3.970138862e-12
9.497967138e-06
-3.8462322e-12
-4.526363118e-12
9.497968478e-06
-3.25902392e-12
-4.425863829e-12
9.49797097e-06
-3.626700616e-12
-4.749432703e-12
-5.147626853e-12
-5.256910074e-12
9.498002916e-06
1.104205744e-11
9.498016947e-06
1.333730962e-11
9.498019079e-06
6.808840025e-12
9.49801436e-06
2.593453719e-12
9.49800668e-06
-6.219287117e-13
9.497998243e-06
-1.087896788e-12
9.497992338e-06
-1.817873763e-12
9.497987307e-06
-3.895527858e-12
9.497983454e-06
-2.312922502e-12
9.497978836e-06
-2.65472976e-12
9.497976213e-06
-3.852386541e-12
9.497975716e-06
-4.036204602e-12
9.497971421e-06
-4.936200374e-12
-3.119935851e-12
9.497992819e-06
-8.482698202e-11
4.870237119e-11
9.498005448e-06
-1.725577404e-11
1.65692209e-11
9.498021999e-06
-1.882066079e-11
1.570091498e-11
9.498029359e-06
-8.435205359e-12
1.150489652e-11
9.498028913e-06
-7.376500404e-13
6.657295469e-12
9.498025039e-06
3.68865202e-12
3.864538882e-12
9.498023416e-06
3.542157123e-12
2.198914854e-12
9.498013663e-06
3.325152464e-12
-1.416616336e-12
9.498010567e-06
4.834648814e-12
-2.091509725e-12
9.498007527e-06
5.700627673e-12
-2.923137841e-12
9.498003082e-06
5.546189517e-12
-2.022183115e-12
9.498003189e-06
5.371743451e-12
-1.503831044e-12
9.497998737e-06
3.397673972e-12
-3.257890384e-12
9.497995317e-06
4.353654739e-12
-4.1569048e-12
4.079666538e-12
-3.496810147e-12
9.498019795e-06
-1.912100786e-10
7.75305872e-11
9.498012136e-06
-2.01617422e-11
1.249616952e-11
9.498016581e-06
-2.935218431e-11
1.954636297e-11
9.49801164e-06
-8.361057754e-12
1.176728443e-11
9.498002481e-06
2.94012518e-12
4.430464407e-12
9.497989472e-06
5.681934207e-12
-4.223315267e-13
9.497985593e-06
7.626413315e-12
-1.828141151e-12
9.497977642e-06
7.229550046e-12
-4.080904611e-12
9.497974336e-06
7.77694669e-12
-3.82874701e-12
9.497971582e-06
6.569001597e-12
-5.04987344e-12
9.497969491e-06
5.373464366e-12
-4.671675904e-12
9.497968019e-06
4.416272658e-12
-5.391575274e-12
9.497969106e-06
5.220191941e-12
-3.831570257e-12
9.497966516e-06
6.493736364e-12
-5.008657594e-12
5.389292969e-12
-3.962428968e-12
9.498179322e-06
-3.31800381e-10
1.923586884e-10
9.498110836e-06
1.669154502e-11
2.016789235e-11
9.498072725e-06
-1.039957336e-11
2.769202458e-11
9.498037904e-06
1.167579319e-11
6.302650699e-12
9.498008929e-06
1.567747827e-11
-3.671498118e-12
9.497991672e-06
1.225181877e-11
-7.820267768e-12
9.49798863e-06
1.081948378e-11
-7.899707918e-12
9.497987057e-06
8.605718445e-12
-7.926673542e-12
9.49798453e-06
6.183764631e-12
-7.916032647e-12
9.497988652e-06
6.547077632e-12
-7.342505417e-12
9.497991831e-06
4.94598211e-12
-5.197169831e-12
9.497994675e-06
4.755927559e-12
-5.083305459e-12
9.497996586e-06
3.907553795e-12
-5.715868006e-12
9.497997125e-06
4.567317218e-12
-6.2065743e-12
4.433945913e-12
-6.156583737e-12
9.498273208e-06
-3.588346021e-10
2.883451176e-10
9.498051415e-06
8.153243797e-11
-4.428029782e-11
9.497988422e-06
2.226059221e-11
3.7613731e-11
9.497948282e-06
2.336558595e-11
4.107192055e-12
9.497924419e-06
1.665896862e-11
-1.24016703e-11
9.497915799e-06
1.053591256e-11
-1.359505063e-11
9.497919207e-06
7.517085473e-12
-1.363060867e-11
9.497925047e-06
4.320166561e-12
-1.238678279e-11
9.497930386e-06
2.577374738e-12
-1.131314961e-11
9.497938549e-06
2.313755617e-12
-7.666967448e-12
9.497944264e-06
1.596729101e-12
-7.147068647e-12
9.497950462e-06
1.608816719e-12
-6.649794308e-12
9.497953911e-06
2.062074965e-13
-4.213065973e-12
9.497959462e-06
1.535285907e-12
-6.726584547e-12
1.417726362e-12
-7.519991249e-12
9.498839116e-06
3.554591252e-10
9.356288606e-10
9.498233006e-06
-8.443333082e-11
-2.241901571e-10
9.49802472e-06
-2.550644235e-11
-5.555998499e-11
9.497966715e-06
-2.532374316e-11
-4.922189677e-11
9.497957946e-06
-1.945249724e-11
-4.336455753e-11
9.497964803e-06
-1.192730279e-11
-2.907758395e-11
9.497978829e-06
-8.421914398e-12
-2.099985257e-11
9.497993738e-06
-5.810466941e-12
-1.418112974e-11
9.498003358e-06
-2.347923714e-12
-1.238028179e-11
9.498009518e-06
-2.406224748e-12
-8.413962296e-12
9.498017751e-06
-1.662702874e-12
-5.825849944e-12
9.498022956e-06
-2.196168063e-12
-5.688562198e-12
9.498029027e-06
-1.546423442e-12
-4.187426969e-12
9.49803491e-06
-1.800906365e-12
-5.572903346e-12
-2.24742117e-12
-5.736605487e-12
9.498306681e-06
3.319715912e-10
2.874249525e-10
9.498086094e-06
-1.580168347e-11
-4.518700045e-11
9.498025049e-06
7.936090238e-12
3.711659655e-11
9.497983788e-06
-1.30255611e-11
4.546446593e-12
9.497962231e-06
-1.678074849e-11
-9.281218355e-12
9.497952988e-06
-1.525913321e-11
-1.279117157e-11
9.497957645e-06
-1.264083623e-11
-1.331826264e-11
9.497963247e-06
-9.980135651e-12
-1.22468231e-11
9.497965714e-06
-7.992528767e-12
-1.177238406e-11
9.497972681e-06
-9.213358567e-12
-8.09744007e-12
9.497978388e-06
-6.296935328e-12
-6.330462563e-12
9.497984453e-06
-5.132354326e-12
-6.866614385e-12
9.497990436e-06
-5.279421749e-12
-6.323936015e-12
9.497997108e-06
-4.876200797e-12
-6.603326198e-12
-5.593834421e-12
-6.468849416e-12
9.498155795e-06
1.928369475e-10
9.498081841e-06
1.948498915e-11
2.006891195e-11
9.498046082e-06
2.980626172e-11
3.072403907e-11
9.498008705e-06
8.441864947e-12
9.75658431e-12
9.497980839e-06
-2.947995022e-12
-1.563616792e-12
9.497964957e-06
-5.601968863e-12
-5.697561753e-12
9.497957405e-06
-8.300259655e-12
-6.369191783e-12
9.497957126e-06
-8.371088079e-12
-7.297646386e-12
9.49795341e-06
-1.049804066e-11
-9.627217921e-12
9.497960289e-06
-6.724845192e-12
-6.381168029e-12
9.497958267e-06
-5.517127983e-12
-5.240324243e-12
9.497962183e-06
-5.820974887e-12
-4.740104028e-12
9.497966746e-06
-5.8119498e-12
-3.82688987e-12
9.497966364e-06
-7.707472581e-12
-6.673367606e-12
-6.690021508e-12
-5.413884141e-12
9.498061842e-06
1.714235165e-11
1.364851803e-11
9.49806708e-06
2.067150029e-11
2.194407794e-11
9.498062248e-06
8.228572576e-12
1.147631584e-11
9.49805148e-06
8.524069495e-13
5.10994805e-12
9.498040452e-06
-1.160795499e-12
2.383896286e-12
9.498035453e-06
-2.586519741e-12
6.803571472e-13
9.498029346e-06
-4.086313325e-12
-1.73992346e-12
9.498024892e-06
-4.534139408e-12
-4.101012655e-12
9.498023515e-06
-3.425300482e-12
-3.831043179e-12
9.498019813e-06
-4.191636589e-12
-3.511807339e-12
9.498019483e-06
-3.808714633e-12
-2.283985963e-12
9.49801951e-06
-2.718543954e-12
-3.21257299e-12
9.498017455e-06
-3.70431128e-12
-4.963201113e-12
-3.752939214e-12
-5.239440573e-12
9.498037372e-06
1.68021321e-11
9.498052576e-06
1.575377075e-11
9.498059676e-06
1.061513213e-11
9.498057776e-06
7.475380049e-12
9.498054123e-06
4.130999991e-12
9.498049156e-06
1.840082593e-12
9.498043783e-06
-1.348357342e-13
9.498041199e-06
-1.16898233e-12
9.49803532e-06
-2.369183318e-12
9.498032205e-06
-3.243169533e-12
9.498028986e-06
-2.319815733e-12
9.498025568e-06
-2.041640077e-12
9.498022925e-06
-4.043137637e-12
-4.04850904e-12
9.497976639e-06
-3.736587742e-11
2.27491054e-11
9.497990899e-06
-9.556193437e-12
9.735805381e-12
9.498013106e-06
-1.252484724e-11
1.145127925e-11
9.498022124e-06
-9.720284349e-12
6.839395436e-12
9.498029976e-06
-4.9363029e-12
5.444106338e-12
9.498032218e-06
-2.420721226e-12
5.341129642e-12
9.498030744e-06
-1.470887469e-12
1.376319625e-12
9.498027574e-06
-2.953655115e-13
-7.347774249e-13
9.498025503e-06
3.099544501e-12
1.201483569e-12
9.498023171e-06
2.465993832e-12
2.530465478e-13
9.498016295e-06
1.463797831e-12
-3.380119432e-12
9.498013049e-06
1.885730288e-12
-2.327967967e-12
9.498010404e-06
2.565862679e-12
-3.836440998e-12
9.498004755e-06
3.602171272e-12
-2.895679205e-12
4.565547264e-12
-2.210021663e-12
9.498028624e-06
-7.748900288e-11
3.667615297e-11
9.498034673e-06
-1.234297454e-11
9.315038046e-12
9.498051472e-06
-2.145789088e-11
1.223651764e-11
9.498059797e-06
-1.293413232e-11
7.549476946e-12
9.498060709e-06
-5.821928983e-12
4.193839709e-12
9.49805865e-06
-3.659465426e-13
1.815720756e-12
9.498055047e-06
1.609531196e-12
-1.01641851e-12
9.498052125e-06
3.170844129e-12
-3.124611835e-12
9.498048823e-06
3.736113675e-12
-2.094599196e-12
9.498045524e-06
2.841784287e-12
-2.774208897e-12
9.498041342e-06
4.786557027e-12
-2.565507681e-12
9.498041001e-06
4.195039716e-12
-2.91189083e-12
9.49803793e-06
3.594170335e-12
-4.763233662e-12
9.498033964e-06
4.618529419e-12
-4.11282248e-12
2.212842681e-12
-3.482475406e-12
9.498051971e-06
-1.117586976e-10
8.445525467e-11
9.49804342e-06
2.139114384e-13
1.547271024e-11
9.498049865e-06
-1.431498679e-11
1.801934135e-11
9.498046164e-06
-5.625859695e-12
7.545949285e-12
9.498037128e-06
-1.793263288e-12
2.36549946e-12
9.498026595e-06
1.773213093e-12
-1.367256096e-12
9.498019206e-06
2.837150911e-12
-4.496135579e-12
9.498011691e-06
2.501272187e-12
-6.178004409e-12
9.498008203e-06
2.167409402e-12
-5.038585836e-12
9.498008932e-06
4.639049396e-12
-3.016270815e-12
9.49800394e-06
2.891571047e-12
-4.936633389e-12
9.498005628e-06
2.384981468e-12
-3.276774058e-12
9.498005775e-06
3.687032978e-12
-3.664213539e-12
9.498002539e-06
3.833589145e-12
-5.586019782e-12
2.492589677e-12
-3.111878382e-12
9.498096993e-06
-1.176812323e-10
1.21314598e-10
9.498035494e-06
1.603336495e-11
-2.765358407e-12
9.498033359e-06
-7.445050997e-13
2.080847784e-11
9.498024144e-06
2.940353409e-12
6.750436233e-12
9.498012352e-06
4.209848168e-12
-4.119944873e-13
9.498000274e-06
3.564809483e-12
-4.435901774e-12
9.497993801e-06
2.519785213e-12
-6.225995036e-12
9.497988183e-06
1.465290222e-12
-7.748441432e-12
9.497986291e-06
1.027871987e-12
-5.313560361e-12
9.497984097e-06
1.462468968e-12
-5.664578192e-12
9.497982484e-06
1.039469929e-12
-4.202806135e-12
9.497986366e-06
1.133858062e-12
-1.818072361e-12
9.49798401e-06
-6.265579882e-15
-3.876409435e-12
9.497981497e-06
1.13715982e-12
-5.552737044e-12
2.661327603e-12
-3.917834016e-12
9.498260102e-06
1.146871884e-10
3.330030524e-10
9.498092131e-06
-1.82740259e-11
-2.25313457e-11
9.498038422e-06
-2.018086783e-12
-8.57451917e-14
9.498009866e-06
-4.43217409e-12
-1.281253613e-11
9.497990868e-06
-3.869846421e-12
-1.549846068e-11
9.497979675e-06
-4.014787753e-12
-1.421584223e-11
9.497974987e-06
-3.910405722e-12
-1.099184095e-11
9.497974008e-06
-3.458029099e-12
-8.653815537e-12
9.497976291e-06
-1.11009873e-12
-4.945045165e-12
9.49797614e-06
-2.779521273e-13
-5.1528112e-12
9.497975467e-06
-6.027591375e-13
-3.13771824e-12
9.497978102e-06
-2.32779322e-12
-2.28289547e-12
9.497980399e-06
-2.126443894e-12
-1.980428162e-12
9.49798304e-06
-2.050856276e-12
-4.962987823e-12
-1.663498588e-12
-3.374966189e-12
9.498144036e-06
1.126316882e-10
1.245571586e-10
9.498080626e-06
1.110115896e-12
6.385586739e-13
9.498078346e-06
1.370759135e-11
2.39218404e-11
9.498069382e-06
6.029047614e-12
8.533188902e-12
9.498055173e-06
1.131675583e-13
-1.283887194e-12
9.498042701e-06
-3.88704838e-12
-6.492915928e-12
9.498036825e-06
-3.523288742e-12
-6.126029653e-12
9.498034644e-06
-3.460802919e-12
-4.825935545e-12
9.498031733e-06
-4.277681904e-12
-6.527710125e-12
9.49803e-06
-5.061312778e-12
-5.589961438e-12
9.498028697e-06
-2.919041237e-12
-5.170988339e-12
9.498031556e-06
-3.112737977e-12
-4.600272852e-12
9.498033909e-06
-2.586611555e-12
-2.401579529e-12
9.498033483e-06
-4.362392967e-12
-4.795367317e-12
-4.784534597e-12
-4.420849341e-12
9.498053517e-06
7.776242841e-11
8.624259628e-11
9.49804168e-06
1.288127795e-11
1.800322811e-11
9.498048768e-06
2.061185062e-11
2.062120257e-11
9.49804189e-06
1.026712954e-11
8.763872067e-12
9.498031363e-06
4.031291459e-12
7.997396648e-13
9.498024211e-06
2.396930273e-12
-1.870554907e-12
9.498014042e-06
-1.004408703e-12
-4.300834148e-12
9.498009953e-06
-2.636696011e-12
-3.642577182e-12
9.498005609e-06
-4.522319982e-12
-5.038446737e-12
9.49800326e-06
-4.681031876e-12
-3.9788046e-12
9.497999195e-06
-4.507598965e-12
-4.139727293e-12
9.497998211e-06
-2.937315902e-12
-3.515402517e-12
9.497996026e-06
-5.954102314e-12
-3.252185689e-12
9.497994087e-06
-6.409059732e-12
-3.784802077e-12
-5.994559268e-12
-3.432656712e-12
9.498011332e-06
3.84278883e-11
9.498016456e-06
9.615346465e-12
9.581411832e-12
9.498034969e-06
1.248324323e-11
1.380626089e-11
9.498046322e-06
8.150039706e-12
8.139228323e-12
9.498046555e-06
4.940823275e-12
3.200260552e-12
9.498044594e-06
2.51206174e-12
6.21985234e-14
9.49804327e-06
5.178551616e-13
-1.357231631e-12
9.49803928e-06
-9.366780613e-13
-1.735279305e-12
9.498036966e-06
-1.178278961e-12
-2.119315936e-12
9.498032217e-06
-2.345394527e-12
-1.809536046e-12
9.498026893e-06
-4.181573221e-12
-2.770152602e-12
9.498023675e-06
-3.488268706e-12
-3.256050976e-12
9.498023813e-06
-2.086765022e-12
-2.544976435e-12
9.498019811e-06
-2.546661465e-12
-1.783801691e-12
-2.587383777e-12
-9.654335434e-13
9.497980431e-06
9.643212621e-12
9.498001547e-06
1.036731434e-11
9.498013829e-06
6.642615235e-12
9.498017633e-06
2.84779765e-12
9.49801981e-06
1.342603651e-12
9.498018863e-06
4.419414976e-13
9.498019121e-06
5.245325306e-13
9.49801541e-06
-1.103651092e-12
9.498011172e-06
-1.212590338e-12
9.498008595e-06
-1.023857473e-12
9.498005654e-06
-1.980081398e-12
9.498002688e-06
-2.19923514e-12
9.497996037e-06
-3.343445738e-12
-2.945492535e-12
9.497962472e-06
-2.355606443e-11
9.497981389e-06
-9.452142774e-12
9.497998079e-06
-1.051523224e-11
9.49801319e-06
-8.137738837e-12
9.498022503e-06
-6.461284832e-12
9.498027268e-06
-5.059519247e-12
9.498028467e-06
-3.78260221e-12
9.498033374e-06
-1.400494669e-12
9.498030966e-06
7.540605099e-14
9.498026531e-06
9.080096023e-13
9.498026349e-06
2.252499189e-12
9.498020661e-06
3.768720868e-13
9.4980192e-06
1.239935783e-12
9.498013285e-06
2.122369443e-12
2.780859333e-12
9.497982791e-06
-4.759231318e-11
9.497998031e-06
-1.782602e-11
9.498017315e-06
-1.909695642e-11
9.498030063e-06
-1.123425551e-11
9.498036122e-06
-5.657658376e-12
9.498038105e-06
-3.124141154e-12
9.498038416e-06
-7.851231576e-13
9.498039007e-06
1.311963804e-12
9.498034133e-06
3.704065036e-13
9.498030076e-06
2.337703977e-12
9.498025183e-06
2.704121078e-12
9.498024714e-06
4.890144951e-12
9.49802204e-06
4.803532198e-12
9.498017059e-06
3.86736505e-12
2.620251923e-12
9.497983279e-06
-5.997744182e-11
9.497996519e-06
-1.159618364e-11
9.498015347e-06
-1.299498338e-11
9.498021211e-06
-7.399032703e-12
9.498017645e-06
-3.712665105e-12
9.498015256e-06
-6.618469087e-13
9.498010678e-06
6.925097984e-13
9.498007706e-06
4.21683918e-13
9.498001454e-06
1.504541971e-12
9.497998204e-06
2.525140701e-12
9.497994562e-06
3.174457278e-12
9.497992503e-06
4.15465021e-12
9.497989309e-06
3.225540426e-12
9.497986039e-06
3.726846176e-12
2.928777851e-12
9.498108831e-06
-5.816017672e-11
9.498102527e-06
-4.53563717e-12
9.498117057e-06
-2.97124604e-12
9.498119167e-06
-1.818541928e-13
9.498113395e-06
-4.150972025e-14
9.498105832e-06
-5.398796524e-13
9.49809742e-06
1.758812035e-12
9.498093609e-06
1.230410973e-12
9.49808602e-06
4.23034321e-13
9.498082997e-06
1.061245266e-12
9.498079006e-06
8.772475679e-13
9.498076126e-06
5.448843165e-13
9.49807494e-06
1.640041623e-12
9.498073064e-06
2.274762973e-12
2.617686649e-12
9.498123456e-06
5.834583909e-11
9.498091111e-06
4.371163252e-12
9.498082918e-06
2.31978796e-12
9.498071392e-06
-4.856515933e-14
9.498057589e-06
-1.613256541e-12
9.498049038e-06
-2.386197438e-12
9.498039266e-06
-1.855509234e-12
9.498031857e-06
-9.475933399e-13
9.498026854e-06
-1.855614619e-12
9.49802472e-06
-4.503748018e-13
9.49801893e-06
-1.397526383e-12
9.498017165e-06
-3.296282032e-12
9.498015474e-06
-2.142211755e-12
9.498014735e-06
-2.007016777e-12
-2.835821417e-12
9.49801778e-06
5.929915118e-11
9.498012595e-06
1.143665434e-11
9.498028044e-06
1.330886605e-11
9.49803009e-06
6.858852974e-12
9.498024802e-06
2.036836625e-12
9.498020754e-06
3.897406901e-13
9.498012285e-06
-1.229806313e-12
9.498004259e-06
-2.444776274e-12
9.498002289e-06
-2.815687835e-12
9.497996003e-06
-3.605081762e-12
9.497992224e-06
-1.754358539e-12
9.497992558e-06
-2.215185023e-12
9.497988829e-06
-3.232057497e-12
9.497986797e-06
-3.681213689e-12
-3.704236991e-12
9.497996322e-06
4.735756138e-11
9.498009838e-06
1.581761107e-11
9.498026122e-06
1.554748031e-11
9.498030451e-06
8.552927603e-12
9.498030668e-06
4.534393102e-12
9.498028417e-06
3.426717874e-12
9.498022129e-06
1.396215037e-12
9.498017335e-06
-7.580877207e-13
9.498015583e-06
-1.971282843e-12
9.498010832e-06
-2.758983833e-12
9.498004137e-06
-3.142796537e-12
9.498002823e-06
-2.831446034e-12
9.49800097e-06
-5.041952604e-12
9.497996939e-06
-4.570348439e-12
-3.642308585e-12
9.497979978e-06
2.31120227e-11
9.497994593e-06
9.074333923e-12
9.498013481e-06
9.189841503e-12
9.498025883e-06
6.841743474e-12
9.49803262e-06
4.899181055e-12
9.498037489e-06
4.369909037e-12
9.498035211e-06
1.616105094e-12
9.498033849e-06
7.100298576e-13
9.498032366e-06
-3.920287408e-14
9.498028511e-06
-1.51645176e-12
9.498022705e-06
-2.730284766e-12
9.498018537e-06
-2.896060621e-12
9.49801869e-06
-2.047805356e-12
9.498012779e-06
-3.836479462e-12
-4.664031846e-12
9.497971939e-06
9.497989698e-06
9.498009137e-06
9.498024193e-06
9.498032321e-06
9.498037379e-06
9.498039859e-06
9.498038827e-06
9.498039855e-06
9.498038888e-06
9.498033507e-06
9.498028584e-06
9.498025053e-06
9.498018272e-06
)
;

boundaryField
{
    top
    {
        type            calculated;
        value           uniform 0;
    }
    bottom
    {
        type            calculated;
        value           uniform 0;
    }
    side-walls
    {
        type            calculated;
        value           uniform 0;
    }
    inlet
    {
        type            calculated;
        value           nonuniform 0();
    }
    outlet
    {
        type            calculated;
        value           nonuniform List<scalar> 
81
(
9.497995607e-06
9.498020382e-06
9.498000584e-06
9.497994814e-06
9.497977717e-06
9.497973556e-06
9.498014904e-06
9.497995291e-06
9.49799189e-06
9.498022346e-06
9.49797069e-06
9.49795342e-06
9.497995343e-06
9.497977049e-06
9.498018888e-06
9.497938874e-06
9.498043805e-06
9.497943244e-06
9.497980133e-06
9.498046852e-06
9.498013144e-06
9.497985436e-06
9.498036117e-06
9.498009527e-06
9.49798738e-06
9.497943005e-06
9.498025208e-06
9.497976421e-06
9.497955907e-06
9.498027106e-06
9.49800622e-06
9.497976945e-06
9.498040401e-06
9.497988214e-06
9.498030529e-06
9.498002855e-06
9.49799253e-06
9.498027078e-06
9.4980035e-06
9.498016487e-06
9.528522968e-06
9.498051082e-06
9.497980093e-06
9.497980154e-06
9.497953606e-06
9.497992833e-06
9.498009142e-06
9.497980923e-06
9.49805737e-06
9.498012005e-06
9.498005379e-06
9.498036576e-06
9.497974947e-06
9.497971874e-06
9.497994624e-06
9.497964454e-06
9.497999249e-06
9.497964371e-06
9.498040898e-06
9.498000036e-06
9.49796798e-06
9.498017738e-06
9.498022083e-06
9.498001567e-06
9.498027478e-06
9.498002265e-06
9.497985601e-06
9.497984571e-06
9.498032914e-06
9.497993996e-06
9.498019746e-06
9.497993092e-06
9.498004884e-06
9.498007233e-06
9.497981534e-06
9.498072372e-06
9.498010836e-06
9.497984467e-06
9.497991871e-06
9.498003334e-06
9.498015525e-06
)
;
    }
    procBoundary1to0
    {
        type            processor;
        value           nonuniform List<scalar> 
97
(
-9.497953843e-06
2.351326139e-11
-9.497997513e-06
-9.498005303e-06
-9.498036942e-06
-9.498086402e-06
-9.498015402e-06
-9.49801859e-06
-9.497965371e-06
-9.497944583e-06
-9.497936157e-06
-3.772123559e-11
-9.497970657e-06
7.835669405e-11
-9.498012071e-06
-9.498104786e-06
-9.498253165e-06
-9.498125515e-06
-9.497994711e-06
-9.498041095e-06
-9.497911382e-06
-9.497892985e-06
-9.497962525e-06
-1.91311362e-10
-9.498195052e-06
3.325839282e-10
-9.498298897e-06
-9.498834864e-06
-9.498311733e-06
-9.498170993e-06
-9.497996819e-06
-9.498031287e-06
-9.497896491e-06
-9.497897864e-06
-9.497997683e-06
-5.982148633e-10
-9.498269809e-06
6.031004454e-10
-9.499039487e-06
-9.498297645e-06
-9.498294429e-06
-9.49814816e-06
-9.498044498e-06
-9.497885305e-06
-9.497929615e-06
-9.497886448e-06
-9.498305551e-06
-4.547661478e-09
-9.513396448e-06
-4.546032305e-09
-9.499115368e-06
-6.036193804e-10
-9.498776638e-06
-9.498253687e-06
-9.498059773e-06
-9.49790579e-06
-9.497946852e-06
-9.497955676e-06
-9.498309581e-06
-9.498306667e-06
-9.498252695e-06
5.963956552e-10
-9.498336942e-06
-3.330942059e-10
-9.498077688e-06
-9.49801055e-06
-9.497896151e-06
-9.497876879e-06
-9.497897295e-06
-9.497937792e-06
-9.497917483e-06
-9.497970378e-06
-9.49787584e-06
1.913157163e-10
-9.498072314e-06
-7.879812041e-11
-9.498023643e-06
-9.497915393e-06
-9.497947609e-06
-9.497912087e-06
-9.497929338e-06
-9.497885729e-06
-9.497971709e-06
-9.497908738e-06
-9.497926006e-06
3.836870571e-11
-9.497967675e-06
-2.467470878e-11
-9.497914579e-06
-9.497923015e-06
-9.497887675e-06
-9.497987774e-06
-9.497909314e-06
-9.49789796e-06
-9.497899438e-06
-9.497917923e-06
-9.49792184e-06
)
;
    }
}


// ************************************************************************* //
