/*--------------------------------*- C++ -*----------------------------------*\
| =========                 |                                                 |
| \\      /  F ield         | OpenFOAM: The Open Source CFD Toolbox           |
|  \\    /   O peration     | Version:  4.x                                   |
|   \\  /    A nd           | Web:      www.OpenFOAM.org                      |
|    \\/     M anipulation  |                                                 |
\*---------------------------------------------------------------------------*/
FoamFile
{
    version     2.0;
    format      ascii;
    class       volVectorField;
    location    "6000";
    object      U;
}
// * * * * * * * * * * * * * * * * * * * * * * * * * * * * * * * * * * * * * //

dimensions      [0 1 -1 0 0 0 0];

internalField   nonuniform List<vector> 
1174
(
(0.0110002524 -1.026719712e-08 -9.628227008e-09)
(0.01100027324 -1.038627457e-08 -9.181423232e-09)
(0.01100030189 -6.283740086e-09 -7.09466067e-09)
(0.01100030389 -4.24653597e-09 -4.36124327e-09)
(0.01100028972 -2.545554034e-09 -1.660355568e-09)
(0.01100026802 -1.273136328e-09 -1.296149231e-09)
(0.01100023538 2.640975457e-10 1.323854451e-09)
(0.01100020011 5.732973417e-10 1.201699547e-09)
(0.01100015602 2.007894889e-09 1.966353081e-09)
(0.01100010859 4.324853984e-10 4.115787318e-09)
(0.01100006402 3.322106343e-09 3.034383573e-09)
(0.01100001296 2.292772316e-09 4.577869218e-09)
(0.01099997294 4.563462059e-09 4.911344181e-09)
(0.0109999265 3.649922238e-09 4.766557983e-09)
(0.0110002633 -4.574526309e-08 -9.721019636e-09)
(0.01100026897 -4.149417903e-08 -1.179450569e-08)
(0.01100028754 -2.776365037e-08 -8.735954141e-09)
(0.01100027651 -1.828197909e-08 -5.915862052e-09)
(0.01100024957 -9.671921553e-09 -1.742094621e-09)
(0.0110002132 -2.423680306e-09 -9.253546298e-10)
(0.01100016949 1.241432205e-09 2.725809283e-09)
(0.01100012422 3.647083629e-09 4.235157856e-09)
(0.01100007459 5.155575334e-09 4.091506628e-09)
(0.01100002606 6.007238012e-09 3.985992964e-09)
(0.01099997905 7.19713598e-09 2.847735398e-09)
(0.01099992734 8.57285604e-09 4.791648028e-09)
(0.01099988964 9.467989736e-09 3.672356119e-09)
(0.0109998457 9.018064695e-09 4.478641311e-09)
(0.01100028657 -3.872493823e-08 -2.064147714e-08)
(0.01100026515 -3.798185441e-08 -1.99486387e-08)
(0.01100026263 -2.309211992e-08 -1.251280398e-08)
(0.0110002226 -1.151618817e-08 -7.803825098e-09)
(0.01100016981 -4.767279977e-09 1.048790036e-09)
(0.01100010939 7.055953903e-10 2.086192601e-09)
(0.01100004624 4.106078266e-09 5.398125112e-09)
(0.01099998893 8.486991848e-09 5.555819337e-09)
(0.01099993465 1.039958132e-08 5.309402747e-09)
(0.01099988105 1.002483458e-08 4.295108288e-09)
(0.01099984147 8.588304554e-09 3.97354317e-09)
(0.01099979573 9.169229422e-09 3.540277421e-09)
(0.01099976023 1.272696519e-08 3.083962723e-09)
(0.01099972492 1.007790981e-08 3.079643264e-09)
(0.01100030206 -5.250864342e-08 -7.986971315e-09)
(0.01100022021 -3.14102676e-08 -2.239622411e-08)
(0.01100019708 -1.484644935e-08 -1.110582515e-08)
(0.01100012728 -2.344175278e-09 -1.46210689e-09)
(0.01100005559 4.750107733e-10 3.0636239e-09)
(0.01099997932 4.051299569e-09 6.769337804e-09)
(0.01099991257 8.002834545e-09 9.182373583e-09)
(0.01099984841 7.076616471e-09 8.527700979e-09)
(0.01099979324 6.888627342e-09 8.024761753e-09)
(0.01099974549 6.961540534e-09 7.523991215e-09)
(0.01099970551 6.727534117e-09 5.202455138e-09)
(0.01099967262 4.609731627e-09 5.768213441e-09)
(0.01099964269 4.891866507e-09 5.172314364e-09)
(0.01099961849 7.940409056e-09 6.421704403e-09)
(0.01100038801 7.489179067e-10 -1.339606233e-08)
(0.01100022579 8.426585596e-10 -1.566290473e-08)
(0.01100017133 1.273636675e-09 -1.605170104e-09)
(0.01100008191 -1.732244874e-10 5.844838939e-09)
(0.01099999414 2.616880571e-09 8.87816201e-09)
(0.01099991425 -1.072788996e-10 8.870988307e-09)
(0.01099984524 6.561598698e-10 8.358381935e-09)
(0.01099978331 1.505331558e-09 7.03431564e-09)
(0.01099972785 9.860882867e-10 8.188825125e-09)
(0.01099968578 6.432214255e-10 7.100616571e-09)
(0.0109996463 2.908555869e-10 5.876957425e-09)
(0.01099961889 1.480649272e-09 4.196294315e-09)
(0.01099959605 2.609120162e-09 5.099107942e-09)
(0.01099957383 2.700512246e-09 3.169717882e-09)
(0.01100030407 5.307789375e-08 -7.299032344e-09)
(0.01100021801 3.441692082e-08 -2.340985151e-08)
(0.01100019768 1.546595187e-08 -8.303807076e-09)
(0.01100012871 4.575024504e-09 -3.041920838e-09)
(0.01100005509 -7.174056255e-11 3.17510677e-09)
(0.01099998046 -3.006590195e-09 6.330559171e-09)
(0.01099991138 -5.219590772e-09 8.55309905e-09)
(0.01099984549 -6.576948555e-09 8.715406732e-09)
(0.01099979253 -6.605049879e-09 9.132214154e-09)
(0.01099974445 -6.374985047e-09 8.259570777e-09)
(0.01099970519 -6.52928791e-09 7.740392347e-09)
(0.01099966971 -6.301757973e-09 6.55649656e-09)
(0.0109996447 -6.780499684e-09 6.359945697e-09)
(0.01099961842 -6.565069235e-09 4.828689409e-09)
(0.01100028915 3.885586505e-08 -1.819459795e-08)
(0.0110002635 3.799356714e-08 -2.054538566e-08)
(0.01100026143 2.529856645e-08 -1.016256926e-08)
(0.01100022006 1.485413674e-08 -4.820359804e-09)
(0.01100016754 7.061126835e-09 -2.739890634e-09)
(0.01100010731 1.996318059e-09 1.336412268e-09)
(0.01100004611 -2.724876842e-09 4.193156465e-09)
(0.01099998682 -6.373257163e-09 6.738295228e-09)
(0.01099993255 -7.28162325e-09 5.910220749e-09)
(0.01099988116 -7.550395103e-09 7.672347381e-09)
(0.01099983919 -1.138759246e-08 6.644911395e-09)
(0.01099979357 -1.00429713e-08 4.588103338e-09)
(0.01099976305 -1.267353801e-08 6.738363771e-09)
(0.01099972352 -1.167789237e-08 5.249330683e-09)
(0.0110002612 4.403369576e-08 -1.131487769e-08)
(0.01100027124 4.009561734e-08 -1.302658354e-08)
(0.01100028582 2.718608839e-08 -8.428524268e-09)
(0.01100027511 1.70107846e-08 -4.819455531e-09)
(0.01100024734 9.38648946e-09 -3.389173869e-09)
(0.01100021446 3.759566996e-09 -1.854243177e-09)
(0.01100016881 -8.367680603e-10 9.218762825e-10)
(0.01100012159 -2.170394077e-09 3.737762348e-09)
(0.01100007182 -6.009522827e-09 6.29918403e-09)
(0.01100002313 -8.183641847e-09 4.343129882e-09)
(0.01099997616 -8.939532286e-09 5.087764719e-09)
(0.01099992674 -8.792965711e-09 5.798849882e-09)
(0.01099989067 -1.032568886e-08 5.001971497e-09)
(0.01099985022 -1.034813192e-08 5.156481724e-09)
(0.01100025296 9.522087533e-09 -8.229484623e-09)
(0.01100027449 8.799701374e-09 -1.145678261e-08)
(0.01100030109 6.640683818e-09 -7.52551478e-09)
(0.01100030259 3.458964788e-09 -3.248450652e-09)
(0.01100029104 2.362539303e-09 -4.524561916e-09)
(0.01100026944 3.052974411e-11 -3.802025577e-09)
(0.01100023743 -8.377740767e-10 1.869232962e-10)
(0.01100019787 -1.582818409e-09 3.129932434e-09)
(0.01100015442 -2.10166743e-09 1.00920475e-09)
(0.01100010747 -4.25635404e-09 4.117208903e-09)
(0.01100006195 -1.754641976e-09 4.92925435e-09)
(0.01100001265 -1.611822494e-09 3.250878621e-09)
(0.01099997242 -2.738724329e-09 4.099977333e-09)
(0.01099992644 -3.272230205e-09 2.824267574e-09)
(0.01100017129 -3.149850852e-08 -7.854564526e-08)
(0.01100026251 -9.370747504e-09 -4.553775825e-08)
(0.01100026954 -1.238565822e-08 -3.899464018e-08)
(0.01100028661 -7.593872228e-09 -2.812029389e-08)
(0.01100027452 -4.163780242e-09 -1.781489447e-08)
(0.01100025091 -1.782419125e-09 -8.721154746e-09)
(0.0110002152 1.264601313e-09 -4.383358164e-09)
(0.01100017047 3.2293961e-09 1.400839807e-09)
(0.01100012246 4.473695882e-09 6.242460223e-09)
(0.01100007401 6.021376343e-09 6.662092245e-09)
(0.01100002662 4.705390162e-09 7.453218252e-09)
(0.01099997842 4.094834546e-09 9.407279247e-09)
(0.01099992678 3.46662765e-09 9.316529002e-09)
(0.01099989002 4.111743912e-09 9.791938993e-09)
(0.01099984458 5.377170754e-09 8.708189009e-09)
(0.01100027345 -5.511857579e-08 -5.648246866e-08)
(0.01100024563 -5.116647189e-08 -5.101064818e-08)
(0.01100024602 -3.105488181e-08 -3.249830747e-08)
(0.01100021169 -1.732625595e-08 -1.623929226e-08)
(0.011000165 -6.485910305e-09 -6.905846681e-09)
(0.0110001121 2.871281274e-09 1.505756029e-09)
(0.01100005601 6.261314972e-09 6.508195818e-09)
(0.01100000207 1.007769006e-08 8.886501828e-09)
(0.01099995149 1.182724454e-08 1.099731826e-08)
(0.01099990356 1.181587859e-08 1.147428274e-08)
(0.01099986401 1.338356726e-08 1.071998013e-08)
(0.01099981858 1.213097545e-08 1.001260099e-08)
(0.01099978693 1.242294829e-08 1.165896068e-08)
(0.01099975357 1.118032275e-08 1.120321217e-08)
(0.01100030439 -3.654924359e-08 -9.793488647e-08)
(0.0110001917 -5.110270791e-08 -7.752892831e-08)
(0.01100014963 -2.655395696e-08 -3.693388812e-08)
(0.01100006278 -8.118817151e-09 -9.393698045e-09)
(0.01099997951 2.53080062e-09 4.079690724e-09)
(0.01099990584 9.859729832e-09 1.280478415e-08)
(0.01099983764 1.321405875e-08 1.845173807e-08)
(0.01099978373 1.590750875e-08 1.949788539e-08)
(0.01099973827 1.542873191e-08 1.877140204e-08)
(0.01099970091 1.377657017e-08 1.847060709e-08)
(0.01099967093 1.357250083e-08 1.670216729e-08)
(0.01099964418 1.15985341e-08 1.517863528e-08)
(0.01099962249 1.383325973e-08 1.461537763e-08)
(0.01099960637 1.358320692e-08 1.33836883e-08)
(0.01100026989 -4.724747769e-08 -7.60178576e-08)
(0.01100001229 -2.931600249e-08 -8.810658027e-08)
(0.01099994083 -4.843373318e-09 -2.896505403e-08)
(0.01099982217 1.011343118e-08 4.921098357e-09)
(0.01099972244 1.198562208e-08 1.905716672e-08)
(0.01099964875 1.466388804e-08 2.759922191e-08)
(0.01099958954 1.41572015e-08 3.045278701e-08)
(0.0109995494 1.384530712e-08 2.936835875e-08)
(0.01099952134 1.225148108e-08 2.621473757e-08)
(0.01099949921 1.046601834e-08 2.324896504e-08)
(0.0109994883 8.319572341e-09 2.060888153e-08)
(0.01099947727 8.449982771e-09 1.86600366e-08)
(0.01099947657 1.025003528e-08 1.814277105e-08)
(0.01099947218 8.893706722e-09 1.496212747e-08)
(0.01100041071 1.0602294e-09 -7.50207577e-08)
(0.01099991421 1.112333985e-09 -4.991745053e-08)
(0.01099980243 2.901357119e-09 1.644386053e-08)
(0.01099966847 4.892552065e-10 4.146677566e-08)
(0.01099957217 7.855002555e-10 4.334709909e-08)
(0.01099950618 -1.377339636e-09 4.278588253e-08)
(0.01099946605 -1.09740696e-09 3.934575955e-08)
(0.01099943723 2.60920168e-10 3.434824269e-08)
(0.01099942117 8.041163532e-10 2.913800976e-08)
(0.01099941198 3.048434666e-09 2.614046037e-08)
(0.01099941023 8.703761867e-10 2.318126581e-08)
(0.01099940931 -4.677375676e-11 2.057579624e-08)
(0.01099941231 1.807118587e-09 1.944000346e-08)
(0.01099941591 -2.937389318e-10 1.502287037e-08)
(0.01100027045 4.715091342e-08 -7.696347424e-08)
(0.01100000965 3.10553992e-08 -8.837549701e-08)
(0.01099994233 6.098289829e-09 -2.732629005e-08)
(0.0109998216 -8.307161913e-09 5.179312971e-09)
(0.01099972224 -1.261472706e-08 1.975290704e-08)
(0.0109996468 -1.323809796e-08 2.765252818e-08)
(0.01099959083 -1.324371105e-08 3.034597239e-08)
(0.01099954779 -1.232063536e-08 2.876006362e-08)
(0.01099951991 -1.118382828e-08 2.827656688e-08)
(0.01099949778 -1.065994792e-08 2.570502383e-08)
(0.01099948653 -9.798794105e-09 2.209745323e-08)
(0.01099947965 -8.964474219e-09 1.887655158e-08)
(0.0109994749 -9.7672713e-09 1.876445259e-08)
(0.0109994703 -8.72581435e-09 1.627252585e-08)
(0.01100030553 3.466907641e-08 -9.865766587e-08)
(0.01100019109 4.90173799e-08 -8.073280084e-08)
(0.01100014618 2.736126291e-08 -3.654162608e-08)
(0.01100006162 1.115129478e-08 -9.644272245e-09)
(0.01099998008 2.032902808e-10 5.000402451e-09)
(0.01099990438 -7.713239252e-09 1.278440888e-08)
(0.01099983775 -1.154511831e-08 1.755730902e-08)
(0.01099978277 -1.384229918e-08 2.006013383e-08)
(0.01099973666 -1.428041642e-08 2.028156347e-08)
(0.01099970015 -1.534270725e-08 1.832149547e-08)
(0.01099966989 -1.278256744e-08 1.726352825e-08)
(0.01099964464 -1.344312907e-08 1.523751569e-08)
(0.01099962381 -1.479711847e-08 1.478619188e-08)
(0.01099960308 -1.306547625e-08 1.299525766e-08)
(0.01100027641 5.61501288e-08 -5.534112973e-08)
(0.01100024713 5.127723634e-08 -5.181792665e-08)
(0.01100024725 3.119245923e-08 -3.266749143e-08)
(0.01100021005 1.83110926e-08 -1.714904544e-08)
(0.01100016118 7.87421764e-09 -6.886315795e-09)
(0.01100010879 -1.732380867e-09 1.473556264e-09)
(0.01100005703 -5.367116976e-09 7.616555544e-09)
(0.01100000078 -8.553873609e-09 8.504794861e-09)
(0.01099994726 -1.111960612e-08 1.246657495e-08)
(0.01099990064 -1.15271108e-08 1.359922175e-08)
(0.01099985902 -1.161634622e-08 1.385618496e-08)
(0.01099981957 -9.161681521e-09 1.24355236e-08)
(0.01099978596 -1.228648845e-08 1.24116733e-08)
(0.01099975348 -1.148840048e-08 1.061177285e-08)
(0.0110002617 1.073929288e-08 -4.646022109e-08)
(0.01100027049 1.270068278e-08 -4.018679806e-08)
(0.01100028733 9.316777565e-09 -2.837906013e-08)
(0.01100027545 4.935238204e-09 -1.86904344e-08)
(0.01100024692 2.608335419e-09 -9.454271838e-09)
(0.01100021247 4.01528095e-10 -3.831609393e-09)
(0.01100017095 -2.336148388e-09 1.384764186e-09)
(0.01100012081 -2.85185523e-09 3.650153874e-09)
(0.01100007042 -4.192055073e-09 7.574083153e-09)
(0.01100002223 -5.229228648e-09 8.046483282e-09)
(0.01099997677 -4.542230945e-09 8.241449462e-09)
(0.01099992779 -4.159266607e-09 9.915086484e-09)
(0.01099988798 -3.504723949e-09 9.097404512e-09)
(0.01099984771 -4.569484444e-09 8.76206253e-09)
(0.01100016152 -6.179663768e-08 -9.647266963e-08)
(0.01100028671 -1.402683108e-08 -3.900630388e-08)
(0.01100026296 -1.78991163e-08 -4.00346185e-08)
(0.01100026271 -7.642447247e-09 -2.29913637e-08)
(0.01100021937 -1.2805387e-09 -1.192483256e-08)
(0.01100016851 -1.034629745e-09 -6.342029292e-09)
(0.01100010935 5.006733645e-09 2.702043739e-09)
(0.0110000487 6.688422254e-09 5.250965419e-09)
(0.01099998748 6.089061019e-09 8.064925236e-09)
(0.01099993106 7.610268779e-09 1.028392741e-08)
(0.01099988574 9.203097863e-09 1.234683075e-08)
(0.01099983929 7.232999558e-09 1.183406631e-08)
(0.01099979422 7.032848988e-09 1.059785057e-08)
(0.01099975868 7.225467294e-09 1.205384592e-08)
(0.01099972254 8.439779334e-09 9.800592375e-09)
(0.01100015532 -2.694366231e-07 -1.583856407e-07)
(0.01100030379 -9.717040334e-08 -3.636732828e-08)
(0.01100018848 -7.922834813e-08 -5.332712982e-08)
(0.01100014699 -3.661743491e-08 -2.754813815e-08)
(0.01100006065 -1.069638162e-08 -9.685179526e-09)
(0.01099997813 3.00350897e-09 6.878674905e-12)
(0.01099990635 1.328458409e-08 7.513015647e-09)
(0.01099983847 1.684215715e-08 1.181213961e-08)
(0.01099978308 1.965647949e-08 1.516624764e-08)
(0.01099973948 2.068675635e-08 1.415595945e-08)
(0.01099970056 1.958463357e-08 1.486831595e-08)
(0.01099966924 1.864850091e-08 1.429466845e-08)
(0.01099964363 1.487294099e-08 1.24474303e-08)
(0.01099962546 1.489322324e-08 1.2156914e-08)
(0.0109996056 1.499412727e-08 1.009359935e-08)
(0.01100031504 -6.012998862e-08 -6.158761025e-08)
(0.01099997291 -7.84995546e-08 -7.915851292e-08)
(0.01099983683 -2.25212035e-08 -2.257732468e-08)
(0.01099967094 7.336349157e-09 8.457884829e-09)
(0.0109995588 2.05302667e-08 2.005543605e-08)
(0.01099948033 2.865036968e-08 2.776614936e-08)
(0.01099943416 2.981750258e-08 2.801658161e-08)
(0.01099940583 2.826047965e-08 2.663546559e-08)
(0.01099939202 2.672220709e-08 2.524762482e-08)
(0.01099938941 2.222166315e-08 2.211564286e-08)
(0.01099939387 1.968366137e-08 1.781484142e-08)
(0.010999398 1.748446425e-08 1.464026357e-08)
(0.01099940875 1.796915465e-08 1.61554886e-08)
(0.01099941411 1.584224769e-08 1.235679827e-08)
(0.01100003378 -3.837094909e-08 6.806865115e-08)
(0.01099932735 -5.989968999e-09 -1.016422744e-07)
(0.01099917937 3.940166819e-08 -4.389624795e-09)
(0.0109990177 5.171745348e-08 3.848150471e-08)
(0.01099894484 4.383185158e-08 4.709624604e-08)
(0.01099893668 3.605408987e-08 4.910935663e-08)
(0.01099895082 2.996680105e-08 4.465900615e-08)
(0.01099898861 2.330956912e-08 3.622884869e-08)
(0.01099903265 1.867481423e-08 3.136775471e-08)
(0.01099908029 1.693425126e-08 2.830892755e-08)
(0.01099912266 1.43340282e-08 2.471992543e-08)
(0.01099916663 1.235595415e-08 1.985419112e-08)
(0.010999206 1.326343591e-08 2.097666499e-08)
(0.01099924029 1.041824486e-08 1.712369617e-08)
(0.01100013714 -1.296731499e-09 4.701651074e-07)
(0.01099872092 6.460164263e-10 2.609632622e-08)
(0.01099861026 1.644007603e-09 8.769989009e-08)
(0.01099852956 1.304245382e-09 1.039553128e-07)
(0.01099854497 1.711123597e-09 8.542597301e-08)
(0.01099861616 -1.935573417e-10 6.90612831e-08)
(0.0109986983 -5.462157349e-10 5.439689302e-08)
(0.01099878262 2.827220769e-09 4.232831296e-08)
(0.01099886498 2.743365195e-09 3.347274062e-08)
(0.01099894231 7.618264549e-10 2.753213429e-08)
(0.01099900772 8.352972675e-10 2.538580303e-08)
(0.01099907104 1.366081147e-09 1.915686885e-08)
(0.01099911928 3.513956566e-09 2.063778613e-08)
(0.01099917051 9.789800515e-10 1.702845986e-08)
(0.01100003705 3.740544848e-08 6.626207347e-08)
(0.01099932862 6.147132033e-09 -1.015103592e-07)
(0.01099918231 -3.787481587e-08 -6.896687499e-09)
(0.01099901541 -4.89807235e-08 3.916724924e-08)
(0.01099894506 -4.199742525e-08 4.899740998e-08)
(0.01099893164 -3.587138952e-08 5.119747772e-08)
(0.01099895274 -2.821021411e-08 4.456569585e-08)
(0.0109989892 -2.207339401e-08 3.989076442e-08)
(0.01099903193 -1.88120214e-08 3.246505205e-08)
(0.0109990755 -1.624816316e-08 2.720752564e-08)
(0.01099912293 -1.280678872e-08 2.592485676e-08)
(0.01099916536 -1.137965127e-08 2.157572078e-08)
(0.01099920422 -1.151501629e-08 2.239481709e-08)
(0.01099923853 -1.013062841e-08 1.826091805e-08)
(0.0110003156 6.180135571e-08 -6.272548617e-08)
(0.01099997693 7.950048464e-08 -8.003437498e-08)
(0.01099983595 2.219073651e-08 -2.395152498e-08)
(0.01099967338 -7.660088419e-09 9.163724141e-09)
(0.01099955265 -1.946902685e-08 2.267025221e-08)
(0.01099947875 -2.56364735e-08 2.916231588e-08)
(0.01099943332 -2.764772315e-08 2.966059836e-08)
(0.01099940558 -2.836408075e-08 2.815488687e-08)
(0.01099938922 -2.375741316e-08 2.537066878e-08)
(0.01099938921 -2.03789117e-08 2.056249997e-08)
(0.01099939186 -1.936594497e-08 2.123532774e-08)
(0.01099939838 -1.746181743e-08 1.995207876e-08)
(0.01099940359 -2.011759205e-08 1.910692806e-08)
(0.01099941544 -1.753394821e-08 1.334369903e-08)
(0.01100030393 9.82585201e-08 -3.744471915e-08)
(0.01100019397 7.79194345e-08 -5.097088394e-08)
(0.01100014923 3.713005175e-08 -2.964974754e-08)
(0.01100006066 1.003037444e-08 -1.182775156e-08)
(0.01099997751 -2.601492745e-09 1.512509152e-09)
(0.01099990279 -1.242755851e-08 9.995532059e-09)
(0.01099983769 -1.781198044e-08 1.28721369e-08)
(0.01099978324 -1.927292089e-08 1.376134278e-08)
(0.01099973639 -1.87458118e-08 1.467155404e-08)
(0.01099969825 -1.736489798e-08 1.298009935e-08)
(0.01099966891 -1.719051925e-08 1.511925154e-08)
(0.01099964291 -1.623098032e-08 1.35108745e-08)
(0.01099962227 -1.692430617e-08 1.563373078e-08)
(0.01099960367 -1.426637543e-08 1.185597815e-08)
(0.01100028821 1.813201884e-08 -3.877778661e-08)
(0.0110002644 1.963733171e-08 -3.948521146e-08)
(0.01100026479 1.10500305e-08 -2.518733812e-08)
(0.01100022144 4.191025261e-09 -1.45009508e-08)
(0.01100016638 -2.195878517e-09 -6.174383528e-09)
(0.01100010913 -4.197462663e-09 9.225059143e-10)
(0.01100004763 -4.306158841e-09 4.36074867e-09)
(0.0109999894 -5.401882285e-09 6.375310264e-09)
(0.01099993134 -6.117970218e-09 9.719804899e-09)
(0.01099987953 -6.612347913e-09 1.039287134e-08)
(0.0109998364 -6.271948204e-09 1.237770073e-08)
(0.01099979559 -5.856434228e-09 1.061987433e-08)
(0.01099976012 -5.448328915e-09 1.178473098e-08)
(0.0109997267 -4.950334752e-09 1.090381067e-08)
(0.01100016599 -8.774120564e-08 -1.586693195e-07)
(0.01100029855 -5.006030177e-09 -5.566184481e-08)
(0.01100021699 -2.26906857e-08 -3.48276037e-08)
(0.0110001972 -9.013453394e-09 -1.44326128e-08)
(0.0110001305 -9.932900058e-10 -5.287524743e-09)
(0.01100005528 6.708422982e-09 1.281197726e-09)
(0.01099998178 8.347945213e-09 4.208499449e-09)
(0.01099991382 1.085033213e-08 6.264414776e-09)
(0.0109998476 1.068530585e-08 6.767283227e-09)
(0.01099979243 8.686730741e-09 6.980788679e-09)
(0.01099974219 8.052448091e-09 6.202918127e-09)
(0.01099970409 7.775871e-09 7.313067713e-09)
(0.01099966937 5.698509345e-09 6.90322064e-09)
(0.0109996413 5.875242052e-09 8.932880228e-09)
(0.01099961409 6.074119152e-09 6.497532261e-09)
(0.01100015784 -4.118148812e-07 -3.229288017e-07)
(0.01100026791 -7.345576953e-08 -4.965774998e-08)
(0.0110000088 -8.643664619e-08 -3.224998115e-08)
(0.01099993977 -2.8027346e-08 -6.735110656e-09)
(0.0109998232 4.65857369e-09 6.627952413e-09)
(0.01099972301 1.98621821e-08 1.253995247e-08)
(0.01099964888 2.730680464e-08 1.501730121e-08)
(0.01099959008 2.972119688e-08 1.428395844e-08)
(0.0109995475 2.895720936e-08 1.303139099e-08)
(0.01099951965 2.751375867e-08 1.280936637e-08)
(0.01099949987 2.478315985e-08 1.006421343e-08)
(0.01099948606 2.129707912e-08 9.922180178e-09)
(0.01099947659 1.726832101e-08 9.025106683e-09)
(0.01099947315 1.784338944e-08 9.829679991e-09)
(0.01099947349 1.679019687e-08 8.080630899e-09)
(0.01099999577 -5.636164271e-07 -9.348245754e-07)
(0.01100003317 6.884140312e-08 -4.044612685e-08)
(0.01099932327 -9.889545433e-08 -8.216648474e-09)
(0.01099918027 -3.504522027e-09 3.666015933e-08)
(0.01099901696 4.026323056e-08 4.897090546e-08)
(0.01099894455 5.016722715e-08 4.546267877e-08)
(0.01099893221 5.07181494e-08 3.509016059e-08)
(0.01099895191 4.652935363e-08 2.852921786e-08)
(0.01099898804 3.750200971e-08 2.284311472e-08)
(0.01099903144 3.48313001e-08 1.879008034e-08)
(0.01099907754 2.774081055e-08 1.366828399e-08)
(0.01099912327 2.386900725e-08 1.397199954e-08)
(0.01099916564 2.020029944e-08 1.182023012e-08)
(0.01099920452 2.353807253e-08 1.221592479e-08)
(0.01099923846 1.98977907e-08 9.787212731e-09)
(0.01099841979 4.826427005e-07 4.814541405e-07)
(0.01099726273 7.523602418e-08 7.480950639e-08)
(0.01099752055 1.08381958e-07 1.068342229e-07)
(0.01099758879 1.096149974e-07 1.091692684e-07)
(0.01099776504 8.094969955e-08 8.12643834e-08)
(0.01099797451 6.011594256e-08 5.889665123e-08)
(0.01099817287 4.265674801e-08 4.338872755e-08)
(0.01099835542 3.306541592e-08 3.13486982e-08)
(0.01099851094 2.412749762e-08 2.480333236e-08)
(0.01099865022 1.753632674e-08 1.997198315e-08)
(0.01099876589 1.732690496e-08 1.732452986e-08)
(0.01099886805 1.485891737e-08 1.283700206e-08)
(0.01099895311 1.582773711e-08 1.413420654e-08)
(0.01099903033 1.21108259e-08 1.174416497e-08)
(0.01099661965 -9.321696606e-10 3.084193572e-06)
(0.01099436225 -3.251914824e-12 8.608398782e-07)
(0.01099574549 -3.271183012e-10 3.972907048e-07)
(0.01099638611 5.120767219e-10 2.49045758e-07)
(0.0109969305 3.919343592e-10 1.385878818e-07)
(0.01099739227 -1.148673929e-09 7.989860313e-08)
(0.01099775374 -3.496993452e-10 4.977192873e-08)
(0.01099804037 1.982827648e-09 3.364928803e-08)
(0.01099826981 -2.106596864e-11 2.371562471e-08)
(0.0109984596 3.613422894e-10 1.798413854e-08)
(0.01099861306 1.640651194e-09 1.397756806e-08)
(0.01099874353 1.167013913e-09 1.222526711e-08)
(0.01099884736 1.139204733e-09 1.466125716e-08)
(0.01099894432 1.481991223e-09 1.052214712e-08)
(0.01099841975 -4.839949025e-07 4.829270503e-07)
(0.01099726339 -7.59289762e-08 7.424788596e-08)
(0.01099752312 -1.07895273e-07 1.080413718e-07)
(0.01099759192 -1.070680142e-07 1.08582147e-07)
(0.01099776347 -8.063691171e-08 7.996900176e-08)
(0.01099797381 -5.802485062e-08 5.899572753e-08)
(0.01099817641 -4.302995863e-08 4.267317359e-08)
(0.01099835632 -3.302980822e-08 3.218817909e-08)
(0.01099851196 -2.412850296e-08 2.384765557e-08)
(0.01099864969 -1.877706672e-08 1.684712539e-08)
(0.01099876395 -1.558368105e-08 1.498620586e-08)
(0.01099886826 -1.363658073e-08 1.235373284e-08)
(0.01099895176 -1.442820582e-08 1.357888217e-08)
(0.01099902901 -1.31197541e-08 1.091672256e-08)
(0.01100003651 -6.878898425e-08 -3.767288579e-08)
(0.01099932651 1.010511552e-07 -6.56102781e-09)
(0.01099917984 3.554833957e-09 3.760514744e-08)
(0.0109990148 -3.971931371e-08 4.847302449e-08)
(0.01099894294 -4.693980411e-08 4.229812255e-08)
(0.01099893133 -4.833574179e-08 3.765690298e-08)
(0.01099895109 -4.401628944e-08 2.890729598e-08)
(0.01099898784 -3.871948036e-08 2.172288628e-08)
(0.0109990302 -3.262134733e-08 1.875176678e-08)
(0.01099908054 -2.62836701e-08 1.631188192e-08)
(0.01099912143 -2.412201224e-08 1.369507798e-08)
(0.01099916619 -1.928457376e-08 1.209456803e-08)
(0.01099920292 -2.103911456e-08 1.112092672e-08)
(0.01099923893 -1.744133874e-08 9.420153537e-09)
(0.01100027136 7.563064321e-08 -4.649789777e-08)
(0.01100001047 8.764790261e-08 -2.911277242e-08)
(0.01099993907 2.755365113e-08 -5.712312123e-09)
(0.01099982327 -4.880755147e-09 7.318513856e-09)
(0.01099972236 -2.014520871e-08 1.125642002e-08)
(0.01099964573 -2.742177732e-08 1.459188907e-08)
(0.01099958916 -2.986746654e-08 1.373722651e-08)
(0.0109995485 -2.963701001e-08 1.109727372e-08)
(0.01099951771 -2.67469284e-08 1.008982987e-08)
(0.01099949929 -2.349977694e-08 1.004465224e-08)
(0.01099948528 -2.139647913e-08 1.003459605e-08)
(0.01099947634 -1.879826858e-08 9.0622738e-09)
(0.01099947212 -1.971666106e-08 9.698889191e-09)
(0.01099946937 -1.630135868e-08 7.491559575e-09)
(0.01100030214 7.132185024e-09 -5.313368144e-08)
(0.01100021821 2.310233579e-08 -3.331354947e-08)
(0.01100019834 1.027637432e-08 -1.474247164e-08)
(0.01100012922 3.114533949e-10 -4.851231337e-09)
(0.01100005508 -5.432350228e-09 -1.45546878e-10)
(0.01099998145 -9.007425412e-09 4.63122946e-09)
(0.01099991109 -9.06919183e-09 6.062883366e-09)
(0.01099984882 -8.128711116e-09 7.137486853e-09)
(0.01099979179 -7.731806331e-09 6.475211255e-09)
(0.01099974244 -7.972677384e-09 6.614465778e-09)
(0.01099970313 -7.182537313e-09 6.619074273e-09)
(0.01099966778 -4.957621098e-09 7.18824017e-09)
(0.01099963875 -7.495253697e-09 6.311197159e-09)
(0.01099961737 -5.397640943e-09 7.449933107e-09)
(0.01100016294 -2.1888306e-07 -2.25974115e-09)
(0.01100038566 -6.11259531e-09 -1.851892857e-10)
(0.01100022785 -1.496017494e-08 -1.16193973e-09)
(0.01100017489 1.872732077e-09 1.709483789e-10)
(0.01100008325 1.046216731e-08 1.461107834e-09)
(0.01099999831 1.374953705e-08 -7.839199409e-10)
(0.01099991571 1.281376681e-08 -7.526217483e-10)
(0.01099984609 1.245995656e-08 7.401536661e-10)
(0.0109997832 1.272567977e-08 1.399221857e-09)
(0.01099972897 1.210916482e-08 6.72786581e-10)
(0.01099968639 8.847431955e-09 2.445758083e-09)
(0.01099964771 9.166666042e-09 8.830131399e-10)
(0.01099961729 7.332236817e-09 -1.269869957e-09)
(0.0109995905 8.409683715e-09 -1.000784448e-09)
(0.01099956905 8.536856517e-09 2.636158553e-10)
(0.01100014917 -1.02783615e-06 -2.187919303e-09)
(0.01100040738 -7.393918676e-08 -1.147297969e-09)
(0.01099991355 -4.908243928e-08 -6.063629706e-10)
(0.0109998038 1.786463236e-08 -9.042746569e-10)
(0.01099966961 4.189115673e-08 2.886246654e-10)
(0.01099957167 4.526601868e-08 -2.119710127e-09)
(0.01099950693 4.403383838e-08 -1.181070595e-09)
(0.01099946522 3.878096043e-08 2.760974432e-10)
(0.01099943784 3.318260562e-08 -2.19141352e-10)
(0.01099942045 2.927035584e-08 2.234947979e-11)
(0.01099941409 2.562532804e-08 1.457999674e-09)
(0.01099940665 2.09884225e-08 1.196090709e-09)
(0.01099940975 1.825004133e-08 2.740224659e-10)
(0.0109994115 1.968161307e-08 5.08789473e-10)
(0.01099941589 1.666305489e-08 -2.763162451e-10)
(0.01099970737 -2.00026522e-06 -1.676988764e-09)
(0.01100013707 4.720422092e-07 -2.538010309e-09)
(0.01099871815 2.975232405e-08 -1.273146663e-09)
(0.01099860795 8.897485565e-08 -7.069381281e-10)
(0.01099852838 1.060253638e-07 9.11122514e-10)
(0.01099854318 8.665707197e-08 -1.256910771e-09)
(0.01099861505 6.98877373e-08 4.208471682e-10)
(0.01099869832 5.535465128e-08 4.049680282e-10)
(0.01099878352 4.338021278e-08 -9.719474812e-10)
(0.01099886301 3.561030647e-08 9.975609971e-10)
(0.01099894198 2.715136929e-08 3.380588444e-10)
(0.01099900796 2.416472155e-08 1.38036455e-09)
(0.01099906931 2.000387102e-08 -9.835762103e-10)
(0.01099912144 2.158632693e-08 -7.506666381e-10)
(0.01099916791 1.934026118e-08 -1.299572929e-09)
(0.01099584844 -9.317520635e-06 -4.630583627e-10)
(0.01099661863 3.084020158e-06 -7.369422902e-10)
(0.01099435765 8.611897857e-07 -6.820928518e-10)
(0.01099574326 3.97530034e-07 3.03116904e-10)
(0.01099638602 2.502062148e-07 -1.63256555e-10)
(0.01099692702 1.370781824e-07 9.813159337e-10)
(0.01099739167 7.935793491e-08 -1.497541128e-09)
(0.01099775288 5.087019749e-08 -1.884001811e-09)
(0.01099804006 3.298624661e-08 3.238388218e-10)
(0.01099827485 2.291947266e-08 1.499324624e-09)
(0.01099845851 1.821397258e-08 -9.509060751e-10)
(0.01099861174 1.563683478e-08 8.25355076e-10)
(0.01099874472 1.336435249e-08 8.201548593e-10)
(0.01099884579 1.553714724e-08 4.621806054e-11)
(0.0109989442 1.059933415e-08 -2.461437787e-10)
(0.01099182445 2.418161956e-10 -2.253371913e-09)
(0.01098523538 -5.262619569e-10 -1.254309013e-09)
(0.01099165265 9.908677464e-10 -1.39979171e-09)
(0.01099423724 1.33747407e-09 7.760680042e-11)
(0.01099565166 1.639713381e-11 1.807678273e-10)
(0.01099659332 -3.831049139e-10 -8.957122789e-10)
(0.01099721916 -1.201897274e-09 -1.223339552e-09)
(0.01099766544 1.141279277e-09 -5.916627176e-10)
(0.01099799341 2.47007991e-10 -6.193863738e-10)
(0.01099824438 -1.604716265e-09 -2.354316363e-09)
(0.01099844538 6.59182224e-10 -6.882569845e-11)
(0.01099860795 1.520278822e-09 -6.120451705e-10)
(0.0109987323 2.067830914e-10 -1.636689761e-09)
(0.01099885909 1.278125076e-09 -5.867711898e-10)
(0.01099662139 -3.084365963e-06 2.467279695e-10)
(0.01099436262 -8.612105277e-07 6.155328383e-10)
(0.0109957439 -3.970729978e-07 -2.720267785e-10)
(0.01099638523 -2.491014964e-07 -1.901661187e-10)
(0.01099692872 -1.373966169e-07 -1.214520962e-09)
(0.01099739026 -7.779078315e-08 3.47390262e-10)
(0.01099775388 -4.866001457e-08 3.197555325e-10)
(0.01099803938 -3.337559756e-08 -1.922113338e-09)
(0.01099827119 -2.278497517e-08 -7.647394233e-10)
(0.0109984601 -1.806040644e-08 -2.336373531e-09)
(0.01099861444 -1.558809454e-08 -2.462867394e-09)
(0.01099874618 -1.295632772e-08 -8.693795047e-10)
(0.01099884511 -1.316304964e-08 -2.798161263e-09)
(0.01099894312 -1.136453628e-08 -3.152184935e-09)
(0.01100013688 -4.700484143e-07 1.069656951e-09)
(0.01099871665 -2.631579886e-08 -2.143099648e-10)
(0.01099860729 -8.940950783e-08 -1.043066615e-09)
(0.01099852349 -1.062820168e-07 -2.086463085e-09)
(0.010998545 -8.535648083e-08 -1.606947574e-09)
(0.01099861629 -6.713607589e-08 -1.702645084e-09)
(0.01099869444 -5.399872467e-08 -9.496394903e-12)
(0.01099878334 -4.411091723e-08 -3.730531825e-10)
(0.01099886393 -3.445732348e-08 -6.137978864e-11)
(0.01099894162 -2.653392314e-08 -2.073465555e-09)
(0.01099900756 -2.326614857e-08 -1.76460495e-09)
(0.01099906933 -1.936989625e-08 -4.147645161e-10)
(0.01099912014 -2.301970197e-08 -7.754312048e-10)
(0.01099917284 -1.732137912e-08 -1.622439884e-10)
(0.01100040715 7.425861997e-08 7.013757454e-10)
(0.01099991222 4.999911636e-08 -1.195070734e-09)
(0.01099979851 -1.770945216e-08 -1.280810155e-09)
(0.0109996662 -4.226058113e-08 -1.110668119e-09)
(0.01099957188 -4.464016315e-08 -1.129515892e-09)
(0.01099950707 -4.391207734e-08 -6.573246435e-10)
(0.01099946278 -3.901036773e-08 -2.446186774e-09)
(0.01099943552 -3.242599761e-08 4.221120838e-10)
(0.01099942024 -2.994708454e-08 -2.130207178e-09)
(0.01099941136 -2.639299706e-08 -2.520344399e-09)
(0.01099940825 -2.193831032e-08 -6.01285925e-10)
(0.01099940935 -1.887104844e-08 -3.49737034e-10)
(0.01099941193 -2.003405232e-08 -4.734017355e-10)
(0.0109994156 -1.63321369e-08 -5.939373405e-11)
(0.01100038634 1.021018604e-08 1.782794573e-10)
(0.0110002259 1.541193547e-08 -3.21844202e-10)
(0.01100017366 5.8666931e-10 -2.269983891e-09)
(0.01100008052 -6.648472442e-09 -1.844448163e-09)
(0.01099999537 -1.011500148e-08 -1.9249659e-10)
(0.01099991466 -1.294834142e-08 -2.514387598e-10)
(0.01099984405 -1.175061399e-08 -1.73968186e-09)
(0.0109997803 -1.109040373e-08 -2.063731218e-09)
(0.01099972833 -1.050575154e-08 -2.266023319e-09)
(0.0109996851 -8.094982951e-09 -2.092541601e-09)
(0.01099964747 -9.358114124e-09 -2.343899326e-09)
(0.01099961616 -7.050155845e-09 -1.420091153e-09)
(0.01099959268 -7.26242308e-09 -3.044060273e-10)
(0.01099957484 -6.91174399e-09 -1.061616554e-09)
(0.01100016622 -8.732618147e-08 1.578939687e-07)
(0.01100030128 -5.490165762e-09 5.359644674e-08)
(0.01100021813 -2.363093581e-08 3.374081524e-08)
(0.01100019913 -1.110868246e-08 1.348918534e-08)
(0.01100012894 -1.41068835e-09 2.738872627e-09)
(0.01100005634 3.92285816e-09 -1.192702744e-09)
(0.01099997947 7.238364313e-09 -3.063453021e-09)
(0.0109999126 9.602378146e-09 -6.080415173e-09)
(0.01099984892 8.235083096e-09 -6.858682942e-09)
(0.01099979535 8.207640906e-09 -6.407199867e-09)
(0.01099974398 5.817249207e-09 -7.162185114e-09)
(0.01099970411 8.193049487e-09 -8.364641608e-09)
(0.01099966849 7.037622141e-09 -8.87512696e-09)
(0.01099964286 6.630481884e-09 -9.532842569e-09)
(0.01099961636 6.439022178e-09 -6.892350477e-09)
(0.01100015835 -4.114268838e-07 3.203194279e-07)
(0.01100026707 -7.491589828e-08 4.752124976e-08)
(0.01100001232 -8.447604808e-08 3.146368754e-08)
(0.0109999414 -2.850173147e-08 5.350246194e-09)
(0.01099982167 3.953830551e-09 -8.450659434e-09)
(0.01099972485 2.056007254e-08 -1.144909468e-08)
(0.01099964709 2.811693447e-08 -1.278921465e-08)
(0.01099959062 2.973624791e-08 -1.343336843e-08)
(0.01099954774 2.838500714e-08 -1.260560051e-08)
(0.01099951785 2.846428026e-08 -1.171830939e-08)
(0.01099949962 2.400277707e-08 -9.837273689e-09)
(0.01099948761 2.112111354e-08 -9.992343243e-09)
(0.01099947748 1.929253888e-08 -8.762607459e-09)
(0.01099947472 1.892189405e-08 -9.652229453e-09)
(0.01099947016 1.503369154e-08 -8.404107702e-09)
(0.01099999675 -5.644727989e-07 9.313303996e-07)
(0.01100003588 6.684625527e-08 3.594510887e-08)
(0.01099932511 -1.001881479e-07 6.814092684e-09)
(0.0109991806 -1.388503157e-09 -3.850116096e-08)
(0.0109990175 4.019953025e-08 -4.996539659e-08)
(0.01099894263 5.179991087e-08 -4.31188891e-08)
(0.01099893252 5.048022611e-08 -3.648979301e-08)
(0.01099895212 4.421381733e-08 -2.924606216e-08)
(0.01099898728 3.797969625e-08 -2.444443155e-08)
(0.01099903223 3.182536228e-08 -2.120444348e-08)
(0.01099907973 2.798936605e-08 -1.513392569e-08)
(0.01099912158 2.426934958e-08 -1.361808444e-08)
(0.01099916464 1.978635204e-08 -1.042625527e-08)
(0.01099920318 2.144813919e-08 -1.143089302e-08)
(0.01099923982 1.817609835e-08 -1.210788498e-08)
(0.01099906564 -1.93004035e-06 1.92818133e-06)
(0.01099841884 4.823337024e-07 -4.847219679e-07)
(0.01099726429 7.373416407e-08 -7.622105191e-08)
(0.01099752231 1.076838131e-07 -1.078197809e-07)
(0.0109975886 1.098583678e-07 -1.081982743e-07)
(0.01099776261 7.834945915e-08 -8.091385075e-08)
(0.01099797394 5.741000572e-08 -5.933293603e-08)
(0.01099817617 4.189626145e-08 -4.206027546e-08)
(0.01099835586 3.295709036e-08 -3.09860062e-08)
(0.01099851277 2.376064267e-08 -2.652346802e-08)
(0.01099865094 1.674835327e-08 -1.896318354e-08)
(0.01099876416 1.416001269e-08 -1.734673953e-08)
(0.01099886804 1.195358859e-08 -1.349932561e-08)
(0.01099895049 1.393816045e-08 -1.362660812e-08)
(0.01099902767 1.20084825e-08 -1.328148787e-08)
(0.01099584977 -2.179747275e-10 9.313152581e-06)
(0.01099661875 9.83267244e-10 -3.088786866e-06)
(0.01099436239 1.493775632e-12 -8.625866435e-07)
(0.01099574473 -7.174384618e-10 -3.993801155e-07)
(0.01099638525 -1.978058797e-09 -2.496733289e-07)
(0.01099692981 -1.439185777e-09 -1.397607871e-07)
(0.01099739187 1.087821049e-09 -7.859490999e-08)
(0.01099775086 4.175827033e-10 -4.967216138e-08)
(0.01099804065 1.970593485e-10 -3.384975338e-08)
(0.01099826967 -8.801457613e-10 -2.506900496e-08)
(0.01099846007 -2.143987851e-09 -1.880801174e-08)
(0.01099861655 -2.258710048e-09 -1.651244812e-08)
(0.01099874327 4.779387095e-10 -1.257551722e-08)
(0.01099884729 -1.06943072e-09 -1.527570723e-08)
(0.01099894282 -5.604971702e-10 -1.082337544e-08)
(0.01099906438 1.928444225e-06 1.929200396e-06)
(0.01099841743 -4.822527626e-07 -4.838716158e-07)
(0.01099726466 -7.414784169e-08 -7.658183688e-08)
(0.0109975222 -1.084205095e-07 -1.088116821e-07)
(0.01099758741 -1.088392198e-07 -1.097863204e-07)
(0.01099776488 -7.930678531e-08 -8.032271882e-08)
(0.01099797377 -5.678597719e-08 -5.681411808e-08)
(0.01099817266 -4.161136497e-08 -4.302055363e-08)
(0.01099835669 -3.229987713e-08 -3.271542797e-08)
(0.0109985114 -2.439005796e-08 -2.558478896e-08)
(0.01099864857 -1.893083103e-08 -1.818829371e-08)
(0.01099876674 -1.522608818e-08 -1.642862958e-08)
(0.01099886655 -1.222789956e-08 -1.38196518e-08)
(0.01099895217 -1.330610428e-08 -1.644653448e-08)
(0.01099902885 -1.133608523e-08 -1.253684621e-08)
(0.01100003747 -6.771334413e-08 3.819193755e-08)
(0.01099932412 1.015233774e-07 7.417149935e-09)
(0.01099917805 1.682114266e-09 -3.883596252e-08)
(0.01099901342 -4.052695608e-08 -5.097788354e-08)
(0.01099894581 -4.921120037e-08 -4.479126218e-08)
(0.01099893104 -5.178540307e-08 -3.646130294e-08)
(0.01099895086 -4.628909358e-08 -3.043799202e-08)
(0.01099898728 -3.88051964e-08 -2.337609432e-08)
(0.01099902734 -3.239127174e-08 -2.016277395e-08)
(0.01099907883 -2.705029888e-08 -1.594381473e-08)
(0.01099912364 -2.142071737e-08 -1.385404413e-08)
(0.0109991661 -1.958078979e-08 -1.25747506e-08)
(0.01099920108 -2.086213931e-08 -1.181798879e-08)
(0.01099923847 -1.750233616e-08 -1.070013575e-08)
(0.01100026842 7.512560106e-08 4.595090057e-08)
(0.01100000826 8.441524742e-08 2.924184246e-08)
(0.01099993895 2.830247692e-08 4.253224027e-09)
(0.0109998219 -6.046415677e-09 -8.716723962e-09)
(0.01099972407 -2.032729069e-08 -1.449903426e-08)
(0.01099964792 -2.962218188e-08 -1.56746687e-08)
(0.01099958838 -3.108202195e-08 -1.415984073e-08)
(0.01099954841 -2.932772356e-08 -1.28582126e-08)
(0.01099951615 -2.587649347e-08 -1.186047832e-08)
(0.01099950146 -2.414917224e-08 -1.080059594e-08)
(0.01099948539 -2.191579041e-08 -9.887648644e-09)
(0.01099947881 -1.809541282e-08 -9.285655974e-09)
(0.01099947076 -1.825300361e-08 -1.039190108e-08)
(0.01099947008 -1.599879328e-08 -8.331897213e-09)
(0.01100030408 6.341181294e-09 5.161104223e-08)
(0.01100021321 2.291388315e-08 3.259732422e-08)
(0.01100019564 8.955154007e-09 1.360052966e-08)
(0.01100013085 5.014529224e-10 3.101145326e-09)
(0.01100005409 -3.648159562e-09 -1.386512497e-09)
(0.01099998094 -7.546219363e-09 -4.905215007e-09)
(0.01099990983 -8.618390063e-09 -5.146209636e-09)
(0.01099984823 -9.008927265e-09 -6.49435938e-09)
(0.01099979065 -8.461657084e-09 -5.684201136e-09)
(0.01099974206 -6.942939533e-09 -7.271728309e-09)
(0.01099970472 -9.057895393e-09 -6.943983067e-09)
(0.01099966895 -7.786261783e-09 -6.92250787e-09)
(0.01099964299 -7.369008031e-09 -7.360069579e-09)
(0.01099961625 -5.442213388e-09 -7.71105237e-09)
(0.01100016296 -6.707332874e-08 9.599661592e-08)
(0.01100028777 -1.879246024e-08 3.472901176e-08)
(0.01100026292 -2.013248131e-08 3.579215782e-08)
(0.01100026336 -9.345567316e-09 2.254099785e-08)
(0.01100022078 -3.043599319e-09 1.189006156e-08)
(0.01100017145 1.202636209e-09 4.972412529e-09)
(0.01100010814 1.964372146e-09 2.888506021e-11)
(0.01100004666 4.805582868e-09 -4.109349695e-09)
(0.01099998882 5.526288634e-09 -7.444971643e-09)
(0.01099993295 4.83944646e-09 -8.134586309e-09)
(0.01099988236 5.201369604e-09 -1.002742458e-08)
(0.01099983748 6.495381641e-09 -9.156712631e-09)
(0.01099979282 5.794497503e-09 -9.434871829e-09)
(0.01099976127 7.47948572e-09 -1.263229012e-08)
(0.01099972651 4.391199562e-09 -1.13968466e-08)
(0.01100015733 -2.693509341e-07 1.550993843e-07)
(0.01100030443 -9.685863604e-08 3.370767246e-08)
(0.01100019018 -7.90357651e-08 4.73165071e-08)
(0.01100014755 -3.760595841e-08 2.669474223e-08)
(0.01100006239 -1.049430272e-08 8.622189274e-09)
(0.01099997861 4.356091425e-09 -7.619232305e-10)
(0.01099990552 1.231802122e-08 -8.943559032e-09)
(0.01099983868 1.73030144e-08 -1.240843573e-08)
(0.01099978369 1.825044821e-08 -1.352857893e-08)
(0.01099973799 1.989077077e-08 -1.520129474e-08)
(0.01099970039 1.860654701e-08 -1.519894481e-08)
(0.01099966995 1.77224557e-08 -1.469491321e-08)
(0.01099964303 1.560315103e-08 -1.274192568e-08)
(0.01099962066 1.707866422e-08 -1.32025072e-08)
(0.01099960407 1.298741295e-08 -1.39189172e-08)
(0.01100011296 -3.928936368e-07 3.913931606e-07)
(0.01100031652 -6.300746881e-08 6.008930504e-08)
(0.01099997419 -7.832451688e-08 7.602697203e-08)
(0.01099983524 -2.031377748e-08 2.282583253e-08)
(0.01099967056 9.927623007e-09 -1.013753915e-08)
(0.01099955629 2.296210401e-08 -2.310231545e-08)
(0.01099948095 2.83330162e-08 -2.867824302e-08)
(0.01099943247 2.839361481e-08 -3.039650837e-08)
(0.01099940662 2.662163173e-08 -2.623530932e-08)
(0.01099939471 2.423345299e-08 -2.448876177e-08)
(0.01099939089 2.262439253e-08 -2.249645698e-08)
(0.01099939203 1.882038321e-08 -1.98873843e-08)
(0.01099939662 1.793408747e-08 -1.689188103e-08)
(0.010999404 1.863616706e-08 -1.776010127e-08)
(0.01099941402 1.514664717e-08 -1.455261871e-08)
(0.01099999468 -9.315627113e-07 5.627369522e-07)
(0.01100003987 -3.74887822e-08 -6.879231605e-08)
(0.01099932716 -7.992056757e-09 1.001106434e-07)
(0.01099917975 3.64783683e-08 2.827410698e-09)
(0.01099901566 4.908421776e-08 -4.001988622e-08)
(0.01099894208 4.247258589e-08 -5.04698294e-08)
(0.0109989319 3.646836771e-08 -4.961683056e-08)
(0.01099895143 2.929770589e-08 -4.53064238e-08)
(0.0109989878 2.428032695e-08 -3.887626116e-08)
(0.0109990314 1.870496285e-08 -3.232943034e-08)
(0.01099907826 1.276473883e-08 -2.69246843e-08)
(0.01099912152 1.365731423e-08 -2.300312944e-08)
(0.01099916652 1.213397891e-08 -1.893677628e-08)
(0.0109992012 1.223622236e-08 -2.19255302e-08)
(0.01099923819 1.13058817e-08 -1.835343128e-08)
(0.01099971081 -1.672736602e-10 1.998299928e-06)
(0.01100013623 -1.391013512e-10 -4.710090233e-07)
(0.01099872166 4.89132318e-10 -2.894507976e-08)
(0.01099861159 -1.376408618e-09 -8.979779565e-08)
(0.01099852757 -2.667404636e-10 -1.075001656e-07)
(0.01099854592 -1.816450484e-09 -8.571852512e-08)
(0.01099861534 -3.038397053e-10 -6.908359948e-08)
(0.01099869816 -1.755870684e-09 -5.443290013e-08)
(0.01099878343 -1.966481314e-09 -4.344431704e-08)
(0.01099886407 -1.417793025e-09 -3.460126727e-08)
(0.01099894176 -2.591358256e-09 -2.704830186e-08)
(0.01099900858 -1.1667859e-09 -2.199009776e-08)
(0.01099906746 -2.80715688e-10 -2.004106497e-08)
(0.01099911692 -7.537895034e-10 -2.138685201e-08)
(0.01099916787 1.997546995e-09 -1.989738224e-08)
(0.01099999404 9.324610998e-07 5.609085007e-07)
(0.01100003812 3.973109503e-08 -6.760054374e-08)
(0.01099932646 7.685096504e-09 1.012269598e-07)
(0.01099917999 -3.84590015e-08 2.91323196e-09)
(0.01099901598 -5.067417662e-08 -4.029532005e-08)
(0.01099894595 -4.387697542e-08 -4.949436627e-08)
(0.01099893228 -3.668059672e-08 -5.349746089e-08)
(0.01099895154 -2.940405859e-08 -4.601048793e-08)
(0.01099898621 -2.357000812e-08 -3.978866628e-08)
(0.01099902932 -1.96798673e-08 -3.333014787e-08)
(0.01099907819 -1.577666721e-08 -2.748733424e-08)
(0.01099912318 -1.433484857e-08 -2.20885222e-08)
(0.01099916588 -1.275768381e-08 -1.908318658e-08)
(0.0109992009 -1.179845159e-08 -2.072533172e-08)
(0.01099923645 -1.081705434e-08 -1.717087085e-08)
(0.01100011452 3.914725339e-07 3.937600407e-07)
(0.01100031624 5.985309739e-08 5.948276045e-08)
(0.0109999709 7.744349755e-08 7.687738186e-08)
(0.01099983455 2.18113629e-08 2.067913828e-08)
(0.01099967101 -1.050513743e-08 -9.2112855e-09)
(0.01099955627 -2.224856771e-08 -2.232756449e-08)
(0.01099947972 -2.860303446e-08 -2.863148267e-08)
(0.01099943257 -2.839521812e-08 -2.922411016e-08)
(0.01099940552 -2.650346266e-08 -2.856029169e-08)
(0.01099939124 -2.421352498e-08 -2.565661519e-08)
(0.01099938937 -2.151769095e-08 -2.312437906e-08)
(0.01099939243 -1.972367141e-08 -2.003528684e-08)
(0.01099939879 -1.834689901e-08 -1.911822949e-08)
(0.01099940439 -1.879432055e-08 -1.995610624e-08)
(0.01099941391 -1.566431793e-08 -1.567955951e-08)
(0.01100030398 9.746043984e-08 3.491205748e-08)
(0.01100018874 7.766709821e-08 4.955294512e-08)
(0.01100014682 3.571635576e-08 2.75325323e-08)
(0.01100006228 1.053172755e-08 8.209113185e-09)
(0.01099998037 -4.277597589e-09 -2.234317391e-09)
(0.01099990505 -1.485695771e-08 -1.023433391e-08)
(0.01099983786 -1.72138564e-08 -1.218824911e-08)
(0.01099978188 -1.971119771e-08 -1.502318972e-08)
(0.01099973635 -1.714498914e-08 -1.535173864e-08)
(0.01099970053 -1.71650339e-08 -1.405981237e-08)
(0.01099967079 -1.686608001e-08 -1.589616092e-08)
(0.01099964333 -1.499109454e-08 -1.48655404e-08)
(0.01099962519 -1.547208778e-08 -1.434488135e-08)
(0.01099960582 -1.383233123e-08 -1.310850502e-08)
(0.01100028903 1.913816791e-08 3.752819726e-08)
(0.01100026274 2.025593707e-08 3.747854393e-08)
(0.01100026103 1.168023724e-08 2.487178416e-08)
(0.0110002201 4.147838768e-09 1.172699328e-08)
(0.01100016747 -7.321440369e-10 2.705541396e-09)
(0.01100010917 -3.592631474e-09 -2.311383194e-09)
(0.01100004614 -7.047173379e-09 -5.644082211e-09)
(0.01099998822 -6.694568733e-09 -8.121150315e-09)
(0.01099993279 -5.072816078e-09 -9.509580313e-09)
(0.01099988115 -6.092005355e-09 -9.031039407e-09)
(0.0109998355 -6.847994014e-09 -9.548492334e-09)
(0.0109997954 -5.109936352e-09 -1.019852629e-08)
(0.01099976252 -6.832158304e-09 -1.269562247e-08)
(0.01099972895 -5.824609242e-09 -1.016801188e-08)
(0.01100016747 -3.208001351e-08 7.740241101e-08)
(0.01100026269 -8.535847697e-09 4.450145946e-08)
(0.01100026893 -1.029360447e-08 3.927187897e-08)
(0.01100029022 -7.143266616e-09 2.769748315e-08)
(0.01100027363 -3.76241528e-09 1.750687855e-08)
(0.01100025322 -6.133086346e-10 1.051569473e-08)
(0.01100021548 -1.102731038e-09 3.226715374e-09)
(0.01100016972 1.57675217e-09 -7.597459617e-10)
(0.01100012254 3.374897374e-09 -4.805775755e-09)
(0.0110000735 2.570418463e-09 -7.240013642e-09)
(0.01100002354 3.460902224e-09 -7.653163719e-09)
(0.01099997336 4.889696157e-09 -8.725452489e-09)
(0.01099992818 6.490339985e-09 -9.501940099e-09)
(0.01099988766 5.146665187e-09 -1.017378855e-08)
(0.01099984495 2.269154799e-09 -8.222281507e-09)
(0.01100016728 -1.231235177e-07 1.238817072e-07)
(0.01100027383 -5.418375723e-08 5.370787176e-08)
(0.01100024819 -5.07714176e-08 5.15820108e-08)
(0.01100024744 -3.266238947e-08 3.185391279e-08)
(0.01100020856 -1.789896466e-08 1.733285309e-08)
(0.01100016429 -7.581799078e-09 6.140947879e-09)
(0.01100011296 9.892278481e-10 -1.473970211e-09)
(0.01100005754 6.22226777e-09 -5.85233343e-09)
(0.01100000041 8.077283275e-09 -9.879398633e-09)
(0.01099995095 1.019615913e-08 -1.033248474e-08)
(0.01099990462 1.083722694e-08 -1.130337604e-08)
(0.01099986049 1.049866545e-08 -1.063948396e-08)
(0.01099981589 1.002624638e-08 -1.142339774e-08)
(0.0109997836 1.228112916e-08 -1.299441473e-08)
(0.01099975163 9.97066467e-09 -1.234826435e-08)
(0.01100015323 -1.575358064e-07 2.693672305e-07)
(0.01100030257 -3.47773312e-08 9.661455534e-08)
(0.0110001928 -4.914184344e-08 7.872417658e-08)
(0.01100014825 -2.577648091e-08 3.561914988e-08)
(0.01100005987 -8.329279158e-09 1.037442277e-08)
(0.01099997828 2.285182419e-09 -5.511247304e-09)
(0.01099990552 8.335271491e-09 -1.400010531e-08)
(0.01099984007 1.142111291e-08 -1.781445526e-08)
(0.01099978268 1.402610332e-08 -1.843716282e-08)
(0.01099973912 1.722539742e-08 -1.981946222e-08)
(0.01099969974 1.526808394e-08 -1.866177816e-08)
(0.01099967009 1.410692369e-08 -1.705215762e-08)
(0.01099964542 1.244770012e-08 -1.61930345e-08)
(0.01099962265 1.473254036e-08 -1.573875865e-08)
(0.01099960064 1.400267752e-08 -1.33383898e-08)
(0.01100015862 -3.209725334e-07 4.125966037e-07)
(0.01100026949 -4.608453871e-08 7.557313144e-08)
(0.0110000118 -3.097079345e-08 8.596971723e-08)
(0.01099994127 -7.695025601e-09 2.765500552e-08)
(0.0109998219 6.808107823e-09 -5.949765042e-09)
(0.01099972246 1.17133947e-08 -2.1738675e-08)
(0.01099964776 1.375510372e-08 -3.058006879e-08)
(0.01099959076 1.279732919e-08 -3.18538274e-08)
(0.01099955033 1.15326017e-08 -2.829277094e-08)
(0.01099951884 1.038063407e-08 -2.580392285e-08)
(0.01099949973 8.540244571e-09 -2.308848358e-08)
(0.01099948513 9.568426036e-09 -2.200457729e-08)
(0.0109994765 9.025324178e-09 -1.977189742e-08)
(0.01099947175 9.968089961e-09 -1.92926397e-08)
(0.01099946782 8.367538276e-09 -1.718757431e-08)
(0.01100015201 -1.914067042e-09 1.028887934e-06)
(0.01100041083 -6.718346282e-10 7.513300987e-08)
(0.01099991555 1.08041615e-09 4.812620102e-08)
(0.01099980499 -8.316697312e-10 -1.752636824e-08)
(0.01099966988 -5.145527803e-10 -4.278628776e-08)
(0.01099957245 9.734333467e-10 -4.599119414e-08)
(0.01099950819 -2.231655904e-09 -4.653454136e-08)
(0.01099946591 -1.334357127e-09 -4.022201124e-08)
(0.01099943757 -1.858730586e-09 -3.5126493e-08)
(0.01099942054 -1.872126508e-09 -2.776793074e-08)
(0.01099941375 -3.299108577e-09 -2.423452053e-08)
(0.01099940759 -6.389779258e-10 -2.189272871e-08)
(0.01099940761 -7.802466255e-11 -1.886063701e-08)
(0.01099941125 2.766124644e-10 -2.008157945e-08)
(0.0109994149 1.590889067e-09 -1.688748926e-08)
(0.01100015986 3.205930814e-07 4.125478719e-07)
(0.01100027138 4.689501878e-08 7.450317833e-08)
(0.01100000999 2.822473285e-08 8.538479671e-08)
(0.01099994028 3.537491024e-09 2.68267267e-08)
(0.01099982383 -9.809669379e-09 -6.470692489e-09)
(0.01099972276 -1.490783101e-08 -2.063649492e-08)
(0.01099964776 -1.326188259e-08 -3.033185515e-08)
(0.01099959073 -1.373696972e-08 -3.120182898e-08)
(0.01099955097 -1.2892551e-08 -2.867470371e-08)
(0.01099951817 -1.255435771e-08 -2.611367078e-08)
(0.01099950229 -1.113814531e-08 -2.228001376e-08)
(0.01099948572 -1.074740109e-08 -2.045701818e-08)
(0.01099947568 -1.048038218e-08 -1.893546259e-08)
(0.01099947249 -9.709587388e-09 -1.69454997e-08)
(0.01099946701 -9.163892962e-09 -1.655675148e-08)
(0.01100015892 1.586622601e-07 2.676244846e-07)
(0.0110003034 3.545879909e-08 9.667225651e-08)
(0.01100018955 4.930698515e-08 7.640259684e-08)
(0.01100014854 2.690887316e-08 3.759106888e-08)
(0.01100006114 8.853832298e-09 1.146001082e-08)
(0.01099997912 -1.653610225e-09 -3.554977896e-09)
(0.01099990519 -9.202372363e-09 -1.416860333e-08)
(0.01099983967 -1.213180087e-08 -1.774948632e-08)
(0.01099978287 -1.37179192e-08 -1.955740335e-08)
(0.01099973417 -1.484607116e-08 -1.87941349e-08)
(0.01099970162 -1.335274411e-08 -1.625162345e-08)
(0.01099966966 -1.476004217e-08 -1.625213329e-08)
(0.01099964452 -1.473645254e-08 -1.520297466e-08)
(0.01099962266 -1.59306712e-08 -1.606723944e-08)
(0.01099960378 -1.319617736e-08 -1.459940337e-08)
(0.01100017031 1.233684029e-07 1.249608037e-07)
(0.0110002746 5.439722834e-08 5.644654734e-08)
(0.01100024272 5.160051438e-08 5.064014438e-08)
(0.01100024527 3.320847039e-08 3.284209128e-08)
(0.01100020972 1.687853931e-08 1.728797962e-08)
(0.01100016423 7.522343249e-09 5.846756591e-09)
(0.01100011062 -1.359306337e-09 -1.706227569e-09)
(0.01100005687 -6.459911436e-09 -5.902659292e-09)
(0.01100000144 -9.438381995e-09 -8.84553837e-09)
(0.01099995044 -1.062872193e-08 -9.620038327e-09)
(0.01099990199 -1.06728306e-08 -1.045339343e-08)
(0.01099985748 -1.090259653e-08 -1.153791674e-08)
(0.01099981678 -9.661307697e-09 -1.31688981e-08)
(0.01099978687 -1.175287145e-08 -1.266138444e-08)
(0.01099974974 -1.119374367e-08 -1.119025349e-08)
(0.0110002632 9.38151228e-09 4.413774785e-08)
(0.01100026849 1.257120543e-08 3.948100543e-08)
(0.01100028592 8.791791319e-09 2.796777932e-08)
(0.01100027336 5.102992918e-09 1.666514351e-08)
(0.01100025322 9.169482461e-10 1.058323668e-08)
(0.01100021376 1.46020437e-09 3.600698352e-09)
(0.01100016999 -3.107269725e-09 -1.517548138e-09)
(0.01100012238 -3.802965447e-09 -3.364535423e-09)
(0.01100007354 -4.322423417e-09 -6.263126906e-09)
(0.01100002464 -4.440431891e-09 -5.689789529e-09)
(0.01099997471 -4.049574102e-09 -6.999859937e-09)
(0.01099992608 -2.757115304e-09 -8.14982134e-09)
(0.01099988944 -5.52696849e-09 -1.032268613e-08)
(0.01099984671 -4.083827643e-09 -9.828928059e-09)
(0.01100017087 -2.122274734e-08 2.131679423e-08)
(0.01100025034 -8.932780456e-09 1.00499052e-08)
(0.01100027467 -6.509918169e-09 1.022491839e-08)
(0.01100030121 -4.903846053e-09 6.03850816e-09)
(0.01100030262 -4.025399365e-09 4.33660796e-09)
(0.01100029273 -2.066804074e-09 4.847352655e-09)
(0.01100026974 -3.869966146e-10 1.860385249e-09)
(0.01100023617 2.656708014e-10 -2.85021752e-11)
(0.01100019687 1.407132241e-09 -1.459658297e-09)
(0.01100015719 3.080300205e-09 -2.479745996e-09)
(0.01100011022 3.111232903e-09 -2.700409009e-09)
(0.01100005798 3.124638821e-09 -2.018404096e-09)
(0.01100001008 4.96837673e-09 -2.426839143e-09)
(0.01099997028 5.181167051e-09 -4.732440143e-09)
(0.01099992206 2.383326022e-09 -4.145644252e-09)
(0.01100016942 -7.934294514e-08 3.162768389e-08)
(0.01100026201 -4.54769353e-08 9.508784011e-09)
(0.0110002695 -4.05564896e-08 1.216274014e-08)
(0.01100028744 -2.770940677e-08 8.106465909e-09)
(0.01100027561 -1.79125432e-08 4.524281795e-09)
(0.01100024881 -1.143236342e-08 2.341410484e-09)
(0.01100021351 -4.508407463e-09 1.644819035e-09)
(0.0110001701 4.807057761e-11 -1.016023085e-09)
(0.01100012334 2.543795597e-09 -2.253960774e-09)
(0.01100007262 5.78638456e-09 -2.25147724e-09)
(0.01100002588 6.979107392e-09 -4.665441848e-09)
(0.01099997572 7.973690041e-09 -4.516194527e-09)
(0.0109999257 7.690606657e-09 -4.318537257e-09)
(0.01099988761 8.899135187e-09 -5.124990852e-09)
(0.0109998455 9.062086343e-09 -2.330167645e-09)
(0.01100016131 -9.608551033e-08 6.436809325e-08)
(0.01100028649 -3.708315928e-08 1.839282527e-08)
(0.01100026434 -3.80972223e-08 1.961163984e-08)
(0.01100026249 -2.448564347e-08 1.008079311e-08)
(0.01100021976 -1.295913366e-08 2.081462115e-09)
(0.0110001671 -6.170716094e-09 -4.939650666e-10)
(0.01100011 -1.430532485e-09 -3.353731064e-09)
(0.01100004921 2.983269709e-09 -4.829444865e-09)
(0.01099998995 7.867636184e-09 -7.132664463e-09)
(0.01099993493 8.329400734e-09 -7.169451372e-09)
(0.01099988481 9.325683324e-09 -5.054769633e-09)
(0.01099983647 9.473884009e-09 -5.329164397e-09)
(0.01099979198 9.288129445e-09 -4.296529504e-09)
(0.01099975994 1.291747245e-08 -5.895083141e-09)
(0.01099972168 1.056251626e-08 -5.52352027e-09)
(0.01100016868 -1.574639417e-07 8.798241877e-08)
(0.01100030363 -5.22844288e-08 5.389716277e-09)
(0.01100022102 -3.38339438e-08 2.207749351e-08)
(0.01100019479 -1.444539849e-08 9.977667766e-09)
(0.01100012825 -5.205926532e-09 8.81775605e-10)
(0.0110000548 1.089292555e-09 -5.017008955e-09)
(0.01099998308 3.380830866e-09 -7.170402303e-09)
(0.01099991197 4.852627315e-09 -8.91393799e-09)
(0.01099984961 5.931087317e-09 -9.37766268e-09)
(0.01099979408 6.338706633e-09 -9.301325775e-09)
(0.01099974436 6.489060383e-09 -9.072334533e-09)
(0.01099970231 6.754107468e-09 -6.813226887e-09)
(0.01099966903 6.864946604e-09 -5.50974898e-09)
(0.01099964031 7.427354301e-09 -6.341059598e-09)
(0.01099961433 7.837498096e-09 -5.483724564e-09)
(0.01100016585 -1.506071702e-09 2.214319372e-07)
(0.01100038746 -3.432280277e-10 8.678823326e-09)
(0.01100022908 -6.316826993e-10 1.604697229e-08)
(0.01100017525 -2.008333344e-09 9.876289451e-10)
(0.01100008425 -1.765875545e-09 -8.807951046e-09)
(0.01099999654 7.84907639e-10 -1.25708005e-08)
(0.01099991835 -6.505502002e-10 -1.245177736e-08)
(0.01099984603 -7.434012936e-10 -1.1397412e-08)
(0.01099978334 -2.57159217e-09 -1.148180559e-08)
(0.01099973371 -8.826128412e-10 -1.059018188e-08)
(0.01099968363 -2.078946493e-09 -7.646332349e-09)
(0.01099964895 -2.050983004e-09 -7.335675429e-09)
(0.01099961525 -5.200104223e-10 -5.207368404e-09)
(0.01099959181 1.723504521e-09 -5.689293792e-09)
(0.01099956989 1.636867944e-09 -4.9185893e-09)
(0.01100016797 1.573599808e-07 8.712602328e-08)
(0.01100030259 5.291424244e-08 5.432294424e-09)
(0.0110002193 3.381578622e-08 2.091445611e-08)
(0.01100019672 1.503281935e-08 8.538666084e-09)
(0.01100013183 4.387044024e-09 9.557036069e-10)
(0.0110000536 -1.137646921e-09 -3.705749322e-09)
(0.0109999818 -4.700584698e-09 -7.836764539e-09)
(0.01099991177 -6.074460517e-09 -9.046203321e-09)
(0.01099984901 -6.343149966e-09 -8.853048247e-09)
(0.01099979328 -6.811917841e-09 -7.578468984e-09)
(0.01099974634 -6.205018603e-09 -6.54326331e-09)
(0.01099970274 -7.509308399e-09 -8.018990363e-09)
(0.01099966906 -7.208856068e-09 -6.629384766e-09)
(0.01099964067 -9.617882354e-09 -7.543324902e-09)
(0.01099961203 -7.767692964e-09 -6.712807806e-09)
(0.01100016257 9.724533099e-08 6.595424428e-08)
(0.01100028874 3.843999279e-08 1.911500883e-08)
(0.01100026455 3.888916047e-08 2.107565095e-08)
(0.01100026225 2.486639623e-08 1.06177386e-08)
(0.0110002188 1.41914248e-08 3.886409547e-09)
(0.01100016611 4.162638995e-09 -6.577630319e-10)
(0.01100010948 1.546548968e-09 -5.434128617e-09)
(0.01100004809 -4.263358148e-09 -6.409473906e-09)
(0.01099998815 -5.692014526e-09 -6.104200336e-09)
(0.01099993382 -8.910918522e-09 -7.422892652e-09)
(0.01099988334 -1.114849234e-08 -5.39003812e-09)
(0.01099983689 -1.025055989e-08 -4.964289115e-09)
(0.01099979456 -1.055563026e-08 -3.934516707e-09)
(0.01099976018 -1.300689146e-08 -6.148474095e-09)
(0.01099972673 -1.098743713e-08 -4.376113847e-09)
(0.01100017114 7.840554158e-08 3.082248372e-08)
(0.0110002605 4.488060307e-08 7.996169321e-09)
(0.01100026897 4.038983252e-08 1.242060537e-08)
(0.01100028725 2.70411913e-08 7.205270214e-09)
(0.01100027484 1.519393728e-08 4.629826668e-09)
(0.01100025228 8.844183643e-09 2.241220771e-09)
(0.01100021312 2.676714565e-09 1.03255487e-09)
(0.01100017035 -1.932318302e-09 -2.813567957e-09)
(0.0110001241 -5.149639777e-09 -1.915707619e-09)
(0.0110000699 -6.292965311e-09 -3.362364046e-09)
(0.011000024 -7.438786476e-09 -3.193826446e-09)
(0.01099997423 -8.000267331e-09 -4.632609961e-09)
(0.01099992754 -9.440516143e-09 -2.929923694e-09)
(0.01099988807 -1.043433324e-08 -6.09915724e-09)
(0.01099984566 -9.486837634e-09 -4.395735226e-09)
(0.01100017204 2.16204073e-08 2.337907828e-08)
(0.01100025047 1.000329346e-08 1.129200252e-08)
(0.01100027203 9.007968887e-09 9.918201677e-09)
(0.01100030022 5.399642517e-09 4.366288386e-09)
(0.01100030224 4.376931163e-09 4.179839261e-09)
(0.0110002929 3.24860215e-09 2.071075094e-09)
(0.01100026917 1.753247227e-09 1.518528582e-09)
(0.01100023613 -1.044110643e-10 -1.051876399e-09)
(0.01100019961 -2.734172127e-09 -2.650232751e-09)
(0.01100015608 -3.185159922e-09 -2.473172533e-09)
(0.01100010833 -2.530262902e-09 -2.717235167e-09)
(0.01100006248 -3.114777077e-09 -3.530471873e-09)
(0.01100001201 -2.473296348e-09 -3.848543856e-09)
(0.01099997014 -3.636641335e-09 -3.607898307e-09)
(0.01099992496 -3.9347894e-09 -4.077384873e-09)
)
;

boundaryField
{
    top
    {
        type            slip;
    }
    bottom
    {
        type            slip;
    }
    side-walls
    {
        type            slip;
    }
    inlet
    {
        type            fixedValue;
        value           nonuniform 0();
    }
    outlet
    {
        type            zeroGradient;
    }
    procBoundary1to0
    {
        type            processor;
        value           nonuniform List<vector> 
97
(
(0.01100017386 -2.109713356e-08 -2.003779192e-08)
(0.01100017386 -2.109713356e-08 -2.003779192e-08)
(0.0110001693 -8.055322644e-08 -3.125020574e-08)
(0.01100016126 -9.874452414e-08 -6.727767159e-08)
(0.01100016615 -1.571985146e-07 -8.879809995e-08)
(0.01100016503 -4.980254185e-10 -2.23478635e-07)
(0.01100016691 1.5816307e-07 -8.675131237e-08)
(0.01100016197 9.946814312e-08 -6.576238229e-08)
(0.01100016854 7.956091637e-08 -3.062421892e-08)
(0.01100017046 2.110312256e-08 -2.099249999e-08)
(0.011000097 -7.844344351e-09 -3.486116676e-08)
(0.01100017115 -1.242392806e-07 -1.228859571e-07)
(0.01100017115 -1.242392806e-07 -1.228859571e-07)
(0.01100017115 -1.242392806e-07 -1.228859571e-07)
(0.01100015792 -1.572762641e-07 -2.676396097e-07)
(0.01100015855 -3.226930512e-07 -4.113290175e-07)
(0.01100015025 -4.10702486e-10 -1.027527985e-06)
(0.01100015913 3.198653968e-07 -4.128413531e-07)
(0.01100015931 1.589718616e-07 -2.686368359e-07)
(0.01100016853 1.248059819e-07 -1.239079094e-07)
(0.0110001678 3.263047798e-08 -7.936344235e-08)
(0.01100005916 -1.603967516e-08 -3.428777604e-08)
(0.0110000139 -7.889033743e-08 -4.13526765e-08)
(0.01100011521 -3.885952917e-07 -3.942011388e-07)
(0.01100011521 -3.885952917e-07 -3.942011388e-07)
(0.01100011521 -3.885952917e-07 -3.942011388e-07)
(0.01099999372 -9.311598745e-07 -5.627281349e-07)
(0.0109997058 -1.524528923e-09 -1.999124543e-06)
(0.01099999664 9.308163225e-07 -5.626711628e-07)
(0.01100011684 3.919607691e-07 -3.932639772e-07)
(0.01100015781 2.701133643e-07 -1.593803635e-07)
(0.01100016053 6.536634031e-08 -9.921408803e-08)
(0.01100003688 -1.551265316e-08 -5.805818038e-08)
(0.0109999758 -9.667593149e-08 -9.69963438e-08)
(0.01099978301 -9.343986965e-08 -2.476351842e-07)
(0.01099906476 -1.928421617e-06 -1.93216932e-06)
(0.01099906476 -1.928421617e-06 -1.93216932e-06)
(0.01099906476 -1.928421617e-06 -1.93216932e-06)
(0.0109958498 -2.868467076e-09 -9.316756215e-06)
(0.01099906396 1.928660153e-06 -1.930635437e-06)
(0.01099999513 5.629047475e-07 -9.327231567e-07)
(0.01100015889 4.119528035e-07 -3.215766121e-07)
(0.01100016675 8.790887219e-08 -1.598368898e-07)
(0.01099994742 -5.313743577e-08 -3.051998153e-09)
(0.01099978224 -2.639265064e-07 -2.818756992e-09)
(0.01099924169 -4.818610202e-07 -7.913710744e-10)
(0.01099900569 -2.11668129e-06 -4.464808698e-09)
(0.01096747288 6.599620384e-10 -2.721903551e-09)
(0.01096747288 6.599620384e-10 -2.721903551e-09)
(0.01096747288 6.599620384e-10 -2.721903551e-09)
(0.01099584867 9.315678434e-06 -3.280889284e-10)
(0.01099584867 9.315678434e-06 -3.280889284e-10)
(0.01099970668 1.998157233e-06 -1.124521165e-09)
(0.01100015019 1.029950822e-06 -3.950314547e-10)
(0.01100016415 2.216112971e-07 -1.652436121e-10)
(0.01100003522 -1.564073604e-08 5.677541459e-08)
(0.01099997405 -9.611538696e-08 9.559674584e-08)
(0.01099978107 -9.562432796e-08 2.460149806e-07)
(0.01099988919 -4.867583315e-07 4.87169535e-07)
(0.01099900558 3.469450244e-10 2.115306025e-06)
(0.01099988986 4.861976504e-07 4.858939571e-07)
(0.01099999641 5.636301686e-07 9.307624163e-07)
(0.01099999641 5.636301686e-07 9.307624163e-07)
(0.01099999641 5.636301686e-07 9.307624163e-07)
(0.01100015602 4.131194491e-07 3.204458897e-07)
(0.01100016623 8.819310742e-08 1.578156999e-07)
(0.01100005917 -1.894268026e-08 3.432611998e-08)
(0.01100001189 -7.916647085e-08 4.013899443e-08)
(0.0109998703 -8.892579842e-08 8.859572757e-08)
(0.01099978253 -2.466317585e-07 9.352672655e-08)
(0.01099924118 -4.211756558e-11 4.786504099e-07)
(0.01099978269 2.457384849e-07 9.182564715e-08)
(0.01099987168 8.794059753e-08 8.792744626e-08)
(0.01100015691 2.685465315e-07 1.572119761e-07)
(0.01100015691 2.685465315e-07 1.572119761e-07)
(0.01100015691 2.685465315e-07 1.572119761e-07)
(0.0110001603 6.591907235e-08 9.821335831e-08)
(0.01100009626 -8.130652863e-09 3.493529525e-08)
(0.01100007437 -4.42563005e-08 4.347561409e-08)
(0.0110000111 -4.179788046e-08 7.946559731e-08)
(0.01099997438 -9.815645213e-08 9.656188195e-08)
(0.01099978273 -1.279652197e-09 2.623747854e-07)
(0.0109999758 9.612056512e-08 9.655105205e-08)
(0.0110000151 4.133114914e-08 7.710761313e-08)
(0.01100007664 4.488053968e-08 4.133391713e-08)
(0.01100016886 3.221922088e-08 7.882473879e-08)
(0.01100016886 3.221922088e-08 7.882473879e-08)
(0.01100016886 3.221922088e-08 7.882473879e-08)
(0.01100010916 -9.344247175e-09 9.032379696e-09)
(0.01100009498 -3.479284768e-08 8.9270227e-09)
(0.01100005876 -3.540858549e-08 1.680701947e-08)
(0.01100003501 -5.779084677e-08 1.689895383e-08)
(0.01099995044 -1.696214138e-09 5.580875471e-08)
(0.01100003584 5.711594185e-08 1.496197266e-08)
(0.0110000601 3.519790828e-08 1.829819425e-08)
(0.01100009662 3.436361798e-08 9.218342203e-09)
(0.01100010983 1.035187149e-08 8.698851835e-09)
)
;
    }
}


// ************************************************************************* //
