/*--------------------------------*- C++ -*----------------------------------*\
| =========                 |                                                 |
| \\      /  F ield         | OpenFOAM: The Open Source CFD Toolbox           |
|  \\    /   O peration     | Version:  4.x                                   |
|   \\  /    A nd           | Web:      www.OpenFOAM.org                      |
|    \\/     M anipulation  |                                                 |
\*---------------------------------------------------------------------------*/
FoamFile
{
    version     2.0;
    format      ascii;
    class       volVectorField;
    location    "2000";
    object      U;
}
// * * * * * * * * * * * * * * * * * * * * * * * * * * * * * * * * * * * * * //

dimensions      [0 1 -1 0 0 0 0];

internalField   nonuniform List<vector> 
1174
(
(0.01100026332 -2.053793847e-08 -2.116562459e-08)
(0.01100031715 -1.941231805e-08 -1.902877682e-08)
(0.0110003672 -1.527053848e-08 -1.501132175e-08)
(0.01100037714 -1.113512587e-08 -1.30414123e-08)
(0.01100036416 -7.451709513e-09 -8.520729083e-09)
(0.01100032618 -4.60009237e-09 -3.116128326e-09)
(0.01100026515 -3.981284099e-09 -3.904629857e-09)
(0.01100019106 -2.167578171e-09 -2.43108449e-10)
(0.01100010926 1.121050323e-09 3.551242768e-10)
(0.01100002137 7.417225262e-10 4.330317888e-09)
(0.0109999277 2.86721665e-09 4.835845935e-09)
(0.01099983146 2.699643305e-09 3.469562585e-09)
(0.01099975232 3.573782937e-09 4.60991643e-09)
(0.01099965925 5.425678359e-09 4.607012333e-09)
(0.01100027628 -8.805102203e-08 -2.420841304e-08)
(0.01100030549 -8.230168954e-08 -2.513060657e-08)
(0.01100034118 -6.205237354e-08 -1.918776415e-08)
(0.01100032364 -4.507163526e-08 -1.264404408e-08)
(0.01100027852 -3.165197817e-08 -7.357172712e-09)
(0.01100021356 -1.938664696e-08 -3.668795108e-09)
(0.01100012999 -1.042048194e-08 -2.276272e-09)
(0.01100004077 -3.895507243e-09 1.243415293e-09)
(0.01099994703 6.421357762e-10 3.093593425e-09)
(0.01099985181 2.400894499e-09 2.887879143e-09)
(0.010999757 6.820743016e-09 4.112152195e-09)
(0.01099966199 8.425821225e-09 3.189642043e-09)
(0.01099958516 1.182390495e-08 4.4699868e-09)
(0.01099950259 1.219025661e-08 5.951507658e-09)
(0.01100030085 -8.506898214e-08 -4.86732094e-08)
(0.01100028634 -7.925393222e-08 -4.500426145e-08)
(0.01100028688 -5.918144583e-08 -3.037024571e-08)
(0.01100021692 -3.867660466e-08 -1.803884433e-08)
(0.01100011995 -2.241809955e-08 -4.962416683e-09)
(0.01100000618 -1.144759601e-08 -1.417155739e-09)
(0.0109998919 -5.473363349e-09 1.836900729e-09)
(0.01099977903 2.431709027e-09 2.92631883e-09)
(0.01099966975 7.350047685e-09 3.862643135e-09)
(0.01099957056 7.979279168e-09 1.640457452e-09)
(0.01099948178 9.779406698e-09 3.179561196e-09)
(0.01099939673 9.691751961e-09 3.746656406e-09)
(0.01099933001 1.355718293e-08 4.356491547e-09)
(0.01099926052 1.462885719e-08 3.67991334e-09)
(0.01100032199 -1.303267248e-07 -3.052278777e-08)
(0.0110002062 -9.416444904e-08 -4.19596977e-08)
(0.01100016107 -5.713728137e-08 -2.490772117e-08)
(0.0110000362 -3.063808323e-08 -9.984675261e-09)
(0.01099989828 -1.716657655e-08 -9.884855116e-12)
(0.01099975683 -7.570904534e-09 6.786432853e-09)
(0.01099962344 2.76522792e-10 8.173869912e-09)
(0.01099950076 2.458506633e-09 8.036738895e-09)
(0.01099939111 3.755307172e-09 5.479348256e-09)
(0.01099929734 3.967433109e-09 5.216218245e-09)
(0.01099921681 6.440936453e-09 5.1170539e-09)
(0.01099914984 6.316825049e-09 6.519559235e-09)
(0.01099909419 1.007758509e-08 8.949074136e-09)
(0.01099904616 8.837514889e-09 7.072145706e-09)
(0.01100041386 -8.887100563e-10 -8.541635206e-08)
(0.01100021208 -6.215148194e-10 -6.080369013e-08)
(0.01100011809 -5.897405253e-10 -2.889989369e-08)
(0.01099995745 -2.730504212e-09 -7.51996332e-09)
(0.01099979213 -7.516723298e-10 1.79947814e-09)
(0.01099963904 5.634981758e-10 4.79580237e-09)
(0.01099949627 1.342080341e-09 5.137550403e-09)
(0.01099937812 1.777797838e-09 5.375653912e-09)
(0.01099926859 7.534413182e-10 5.020968702e-09)
(0.01099917922 1.937448408e-09 6.168891445e-09)
(0.01099910794 2.775953285e-11 5.634200771e-09)
(0.01099904614 1.326579427e-09 4.285965145e-09)
(0.01099900196 -4.12866447e-10 7.128034047e-09)
(0.01099896003 -2.999495929e-10 4.237158378e-09)
(0.0110003181 1.291050085e-07 -3.050438646e-08)
(0.01100020758 9.212658735e-08 -4.175751491e-08)
(0.01100015801 5.537279393e-08 -2.305949095e-08)
(0.01100003772 3.221703773e-08 -7.291508714e-09)
(0.01099990012 1.91134402e-08 1.753179871e-09)
(0.01099975987 6.147766398e-09 6.11872761e-09)
(0.0109996213 1.028945175e-09 8.925078495e-09)
(0.01099950139 -2.222813038e-09 9.666727559e-09)
(0.01099938894 -1.543996103e-09 6.221066777e-09)
(0.01099929578 -4.265016635e-09 6.136530437e-09)
(0.0109992188 -5.559140914e-09 7.568559698e-09)
(0.01099914779 -6.198423501e-09 7.067247068e-09)
(0.01099909724 -8.751699391e-09 8.120342163e-09)
(0.01099904673 -9.655493396e-09 7.910591431e-09)
(0.01100029888 8.314094949e-08 -4.69716888e-08)
(0.01100028435 8.056353292e-08 -4.36328155e-08)
(0.0110002848 5.835159243e-08 -2.663250884e-08)
(0.01100021689 3.904109156e-08 -1.495998507e-08)
(0.01100012148 2.349191902e-08 -4.761766198e-09)
(0.01100001152 1.264702656e-08 1.428565993e-09)
(0.0109998943 4.78336316e-09 2.754173076e-09)
(0.01099977844 -1.433602722e-09 6.5075988e-09)
(0.01099966972 -5.326477833e-09 6.541987815e-09)
(0.01099956956 -5.129823973e-09 5.467422242e-09)
(0.01099948073 -7.909143182e-09 6.321917974e-09)
(0.01099939761 -9.454647669e-09 5.544513384e-09)
(0.01099932953 -1.332889618e-08 8.613765302e-09)
(0.01099926668 -1.371605198e-08 7.558177841e-09)
(0.01100027851 8.935158468e-08 -2.278829813e-08)
(0.01100030398 8.358885109e-08 -2.5502134e-08)
(0.01100034325 6.305047436e-08 -1.647068891e-08)
(0.01100032768 4.695767733e-08 -1.206052706e-08)
(0.01100028259 3.195103044e-08 -9.063159897e-09)
(0.01100021551 1.97062567e-08 -4.58194507e-09)
(0.01100013219 1.083110087e-08 -9.79876477e-10)
(0.01100004202 4.648091329e-09 3.944125788e-09)
(0.010999945 -2.274802061e-09 4.595173926e-09)
(0.01099984986 -4.872941303e-09 4.686464722e-09)
(0.01099975575 -7.346156698e-09 5.165994681e-09)
(0.01099966481 -8.736178385e-09 4.14802366e-09)
(0.01099958497 -1.18020221e-08 7.039044439e-09)
(0.0109995038 -1.144756934e-08 6.564003724e-09)
(0.01100026555 2.049179297e-08 -2.096297905e-08)
(0.01100031622 1.766747357e-08 -2.351896459e-08)
(0.01100037093 1.577859109e-08 -1.688216975e-08)
(0.01100038025 1.188236658e-08 -1.201982379e-08)
(0.01100036497 8.53584004e-09 -1.071111598e-08)
(0.01100032483 5.890726842e-09 -5.780947724e-09)
(0.01100026618 3.478649192e-09 -3.569653944e-09)
(0.01100019325 1.018483051e-09 5.67355483e-10)
(0.01100010719 2.896979098e-10 8.132806558e-10)
(0.01100001748 -1.58627066e-09 2.833634982e-09)
(0.01099992698 -3.253492268e-09 3.761420783e-09)
(0.01099983623 -2.973400847e-09 4.341311051e-09)
(0.01099974719 -3.623145375e-09 7.743537013e-09)
(0.01099966208 -4.321929403e-09 6.938376538e-09)
(0.01100010726 -5.293857298e-08 -1.271212776e-07)
(0.01100028089 -2.213647856e-08 -8.701953574e-08)
(0.01100030398 -2.500963537e-08 -8.209483511e-08)
(0.01100034182 -1.810069057e-08 -6.346088297e-08)
(0.01100032373 -1.156175415e-08 -4.512955544e-08)
(0.01100028236 -6.38770752e-09 -2.985773413e-08)
(0.01100021506 -2.663003073e-09 -1.902307844e-08)
(0.01100013268 -6.07543343e-10 -9.738707195e-09)
(0.01100004108 2.421631582e-09 -4.712849609e-09)
(0.01099994728 3.783727788e-09 2.634424246e-09)
(0.01099985004 2.572760974e-09 7.145726046e-09)
(0.01099975744 3.962633104e-09 8.782526202e-09)
(0.01099966456 4.140293565e-09 9.366501506e-09)
(0.01099958605 5.640320181e-09 1.169621496e-08)
(0.01099950033 7.54306924e-09 1.221684182e-08)
(0.01100029295 -1.155006691e-07 -1.187171331e-07)
(0.01100026096 -1.067747548e-07 -1.093928321e-07)
(0.01100026006 -7.771211074e-08 -7.731866606e-08)
(0.01100019676 -4.921021458e-08 -5.187010245e-08)
(0.01100010944 -2.825255863e-08 -2.861740302e-08)
(0.01100000839 -1.38189815e-08 -1.1473906e-08)
(0.01099990364 -3.778307628e-09 -3.557785233e-09)
(0.01099980138 2.567717703e-09 3.602569317e-09)
(0.01099970278 7.922389698e-09 8.960454348e-09)
(0.01099961138 9.750692297e-09 9.455714181e-09)
(0.01099952552 1.103719033e-08 1.124949658e-08)
(0.01099944307 1.303544303e-08 1.224598889e-08)
(0.01099937876 1.544066803e-08 1.569740102e-08)
(0.0109993112 1.528313615e-08 1.499909406e-08)
(0.01100030802 -9.323003074e-08 -2.235894317e-07)
(0.01100014534 -1.006068445e-07 -1.884808145e-07)
(0.01100006184 -6.44509964e-08 -1.151314767e-07)
(0.01099990432 -3.308314095e-08 -6.067536616e-08)
(0.01099975049 -1.383183813e-08 -2.652871339e-08)
(0.0109996042 -8.818919376e-10 -5.34676278e-09)
(0.01099947744 7.376369763e-09 8.301389361e-09)
(0.0109993707 9.975486465e-09 1.483635828e-08)
(0.01099928179 1.307165107e-08 1.721139231e-08)
(0.01099920885 1.349889005e-08 1.614954031e-08)
(0.01099914684 1.308213131e-08 1.650392114e-08)
(0.01099909488 1.30347917e-08 1.684480561e-08)
(0.01099905572 1.832855371e-08 2.015111851e-08)
(0.01099901996 1.753173926e-08 1.82421949e-08)
(0.01100024238 -1.738172293e-07 -2.260782971e-07)
(0.01099981569 -1.143329442e-07 -2.085668706e-07)
(0.01099965225 -5.866338985e-08 -1.05880773e-07)
(0.01099942684 -2.194748228e-08 -3.897022588e-08)
(0.01099924127 -4.620420037e-09 -3.538146886e-09)
(0.01099909367 3.202533764e-09 1.525139449e-08)
(0.01099898313 6.628830414e-09 2.450722865e-08)
(0.010998905 7.916511168e-09 2.370831736e-08)
(0.01099884809 8.37948905e-09 2.413194909e-08)
(0.01099880897 8.284262238e-09 2.218988397e-08)
(0.01099878262 8.576703046e-09 1.965270775e-08)
(0.01099876648 9.602744908e-09 1.918384526e-08)
(0.01099875919 1.181734632e-08 2.22249746e-08)
(0.01099875185 1.139448491e-08 2.100790767e-08)
(0.01100037649 -1.1308496e-09 -4.397465767e-07)
(0.01099963863 -1.219367079e-09 -2.820725579e-07)
(0.01099939993 -1.174324438e-10 -1.180545234e-07)
(0.01099914786 -8.463128107e-11 -3.131796064e-08)
(0.01099895909 -3.948959295e-10 3.349488668e-09)
(0.01099883221 2.342678064e-10 2.01823788e-08)
(0.01099874713 2.383397212e-09 2.484032698e-08)
(0.01099869168 2.146040724e-09 2.294464745e-08)
(0.01099865695 9.925800152e-10 2.079853724e-08)
(0.01099863837 1.060118212e-09 2.047753085e-08)
(0.01099863071 9.126485859e-10 1.991452717e-08)
(0.01099862865 -3.420367248e-10 1.755962412e-08)
(0.01099863892 -1.131847019e-09 2.301312329e-08)
(0.01099864626 4.103934441e-10 2.188058781e-08)
(0.01100023973 1.726507252e-07 -2.236961552e-07)
(0.01099981471 1.143257065e-07 -2.071419065e-07)
(0.01099964886 5.903943792e-08 -1.047587523e-07)
(0.01099942706 2.377023412e-08 -3.633681887e-08)
(0.01099923669 6.614474655e-09 -2.43372981e-09)
(0.01099909452 -3.37833116e-09 1.731024902e-08)
(0.01099898161 -6.36865388e-09 2.485073536e-08)
(0.01099890438 -6.518561719e-09 2.448261523e-08)
(0.01099884735 -6.734618083e-09 2.408429865e-08)
(0.01099880897 -8.249336696e-09 2.285255613e-08)
(0.01099878362 -8.179895436e-09 2.127015571e-08)
(0.01099876727 -8.059581363e-09 1.860786321e-08)
(0.01099875817 -1.163337166e-08 2.144124998e-08)
(0.01099875189 -1.160427917e-08 2.256117884e-08)
(0.01100030342 9.240909964e-08 -2.243711238e-07)
(0.01100014594 9.935861161e-08 -1.887697669e-07)
(0.01100005922 6.466718799e-08 -1.129213035e-07)
(0.01099990467 3.260926568e-08 -5.874820793e-08)
(0.01099974961 1.357735273e-08 -2.592331255e-08)
(0.01099960612 2.713416795e-09 -4.245860669e-09)
(0.01099947771 -5.507054963e-09 8.997971056e-09)
(0.01099937223 -9.900669007e-09 1.429534915e-08)
(0.01099928104 -1.116824417e-08 1.701230193e-08)
(0.01099920815 -1.114960598e-08 1.685743677e-08)
(0.0109991487 -1.224649441e-08 1.666291056e-08)
(0.01099909389 -1.31079506e-08 1.746230417e-08)
(0.01099905448 -1.600177658e-08 2.024338179e-08)
(0.01099901999 -1.735784134e-08 1.844538832e-08)
(0.01100029015 1.168509439e-07 -1.169097652e-07)
(0.01100026249 1.081386405e-07 -1.086907542e-07)
(0.01100026047 7.696020543e-08 -7.634805683e-08)
(0.01100019537 5.058047805e-08 -4.981863575e-08)
(0.01100011143 2.974706322e-08 -2.9892794e-08)
(0.01100001024 1.320084671e-08 -1.263708654e-08)
(0.01099990366 2.981571519e-09 -2.344869277e-09)
(0.01099979873 -3.437484188e-09 5.468679244e-09)
(0.01099970251 -8.086067808e-09 1.02011704e-08)
(0.01099960688 -8.080865216e-09 1.117094496e-08)
(0.01099952233 -1.247256696e-08 1.274461335e-08)
(0.01099944528 -1.169876128e-08 1.511622839e-08)
(0.01099937766 -1.51524785e-08 1.63678025e-08)
(0.01099931455 -1.361982273e-08 1.442075961e-08)
(0.01100027869 2.329431635e-08 -8.901157763e-08)
(0.01100030721 2.485987477e-08 -8.169995658e-08)
(0.01100034367 1.778000589e-08 -6.043738638e-08)
(0.01100032617 1.422887164e-08 -4.529421368e-08)
(0.01100028262 8.57747417e-09 -3.028485878e-08)
(0.01100021421 3.986164083e-09 -1.907579036e-08)
(0.01100013178 6.618547932e-10 -9.270577581e-09)
(0.01100003969 -1.228986656e-09 -2.6394519e-09)
(0.01099994429 -2.771544012e-09 2.693852792e-09)
(0.01099984928 -5.550125479e-09 6.589917429e-09)
(0.0109997573 -3.433220185e-09 8.062127297e-09)
(0.01099966324 -3.210207745e-09 1.214987938e-08)
(0.01099958648 -4.59942872e-09 1.135710814e-08)
(0.01099950231 -5.01528827e-09 1.20019583e-08)
(0.01100006124 -1.083186574e-07 -1.628836091e-07)
(0.0110003 -4.585958065e-08 -8.311399134e-08)
(0.01100028572 -4.473455827e-08 -8.051046845e-08)
(0.01100028254 -2.632199731e-08 -5.657486163e-08)
(0.01100021563 -1.161101406e-08 -3.605893568e-08)
(0.01100012124 -6.989000371e-09 -2.35466543e-08)
(0.01100000709 4.194171954e-09 -1.224327311e-08)
(0.01099989285 4.747932079e-09 -2.309018609e-09)
(0.01099978036 8.419183659e-09 3.114888059e-09)
(0.01099967182 8.992039691e-09 6.930813987e-09)
(0.01099957113 7.342361545e-09 7.501603318e-09)
(0.01099948222 5.546005972e-09 1.171179883e-08)
(0.01099939578 6.418624665e-09 1.174045784e-08)
(0.01099932894 1.089336763e-08 1.410687021e-08)
(0.01099926184 1.025163463e-08 1.40658891e-08)
(0.01100000511 -4.490222352e-07 -2.750245782e-07)
(0.0110003052 -2.259595005e-07 -9.332740824e-08)
(0.01100014534 -1.886768789e-07 -1.018631245e-07)
(0.01100005897 -1.152260785e-07 -6.515274747e-08)
(0.01099990111 -6.044411679e-08 -3.320632151e-08)
(0.01099975014 -2.581674329e-08 -1.489277394e-08)
(0.01099960164 -4.27472412e-09 -9.821531947e-11)
(0.01099947448 8.018873048e-09 8.307848617e-09)
(0.0109993732 1.512008625e-08 1.131141234e-08)
(0.01099928326 1.710741411e-08 1.327695402e-08)
(0.01099920577 1.71873399e-08 1.271030669e-08)
(0.01099914507 1.687576209e-08 1.455487639e-08)
(0.01099909578 1.708369677e-08 1.282576554e-08)
(0.0109990541 2.116333983e-08 1.727615439e-08)
(0.01099901938 1.979328162e-08 1.59118267e-08)
(0.01100022866 -1.951043949e-07 -1.995515348e-07)
(0.01099970905 -1.826514393e-07 -1.848679876e-07)
(0.01099944536 -8.808836553e-08 -9.017770711e-08)
(0.01099914566 -2.707337799e-08 -2.69617293e-08)
(0.01099892399 4.818114269e-09 3.953551152e-09)
(0.01099877623 1.711201517e-08 1.988455581e-08)
(0.01099867815 2.403905946e-08 2.369364592e-08)
(0.01099862405 2.344276332e-08 2.364945319e-08)
(0.01099860012 2.165542048e-08 2.060700779e-08)
(0.01099859094 1.99743884e-08 1.967078404e-08)
(0.01099859517 1.819019485e-08 1.760906685e-08)
(0.01099860869 1.702012397e-08 1.574594419e-08)
(0.01099862254 2.023020757e-08 2.08796593e-08)
(0.01099864097 1.985917891e-08 1.784459968e-08)
(0.01099966625 -3.598383448e-07 8.16163001e-09)
(0.01099848757 -1.97395827e-07 -1.686057994e-07)
(0.01099814737 -6.752382266e-08 -3.594851967e-08)
(0.0109978477 -4.14372663e-09 3.457401858e-08)
(0.01099771176 1.25824912e-08 4.834496384e-08)
(0.01099768583 1.847828552e-08 4.868474202e-08)
(0.01099772114 1.839943727e-08 4.33109305e-08)
(0.01099779458 1.585720074e-08 3.643107847e-08)
(0.01099787884 1.18791808e-08 2.79514305e-08)
(0.01099797147 9.045196949e-09 2.121116798e-08)
(0.01099806027 1.014169279e-08 1.889741849e-08)
(0.01099814397 9.680001416e-09 1.642190387e-08)
(0.01099821952 1.52419664e-08 1.986545581e-08)
(0.01099829263 1.302039549e-08 1.964032271e-08)
(0.01099946488 -8.673331257e-10 1.57721444e-07)
(0.01099739671 -1.125178806e-09 -1.492695325e-07)
(0.01099710953 4.588082746e-10 -6.476338397e-09)
(0.01099695622 1.214605367e-09 6.326035135e-08)
(0.0109969725 1.415563522e-10 5.919782778e-08)
(0.01099709418 1.35758081e-09 4.964111894e-08)
(0.01099724411 -2.51056431e-10 3.94329393e-08)
(0.01099740306 1.747070936e-10 3.066989834e-08)
(0.01099755836 6.835483255e-10 2.250464042e-08)
(0.01099770483 1.750864732e-09 1.732794365e-08)
(0.01099783433 9.411886633e-10 1.397791917e-08)
(0.01099795508 5.252510085e-10 1.374340189e-08)
(0.01099805556 -8.472537023e-10 2.172400966e-08)
(0.01099815366 1.128566137e-09 2.090767591e-08)
(0.01099966448 3.601842091e-07 7.627903158e-09)
(0.01099848571 1.961556432e-07 -1.681756637e-07)
(0.01099814552 6.533431019e-08 -3.518088122e-08)
(0.01099784929 2.881372117e-09 3.41794573e-08)
(0.01099771105 -1.216741876e-08 4.867283762e-08)
(0.01099768724 -1.764495638e-08 5.114021937e-08)
(0.01099772174 -1.747101905e-08 4.242866645e-08)
(0.01099779418 -1.332069963e-08 3.662468776e-08)
(0.01099787926 -1.049367251e-08 2.760424717e-08)
(0.01099797151 -9.679611251e-09 2.205936979e-08)
(0.01099806118 -7.956856924e-09 1.850173065e-08)
(0.01099814338 -8.174517534e-09 1.671027887e-08)
(0.01099822071 -1.407655195e-08 2.410148564e-08)
(0.01099829242 -1.343094877e-08 2.243724599e-08)
(0.01100022868 1.964898733e-07 -1.964409976e-07)
(0.01099970857 1.856878693e-07 -1.853666315e-07)
(0.01099944543 8.985429546e-08 -8.755591866e-08)
(0.01099914693 2.796842392e-08 -2.60080946e-08)
(0.01099892765 -3.532990059e-09 4.487539574e-09)
(0.0109987746 -1.621531476e-08 2.146322539e-08)
(0.0109986804 -2.016527988e-08 2.352242718e-08)
(0.01099862683 -2.164527194e-08 2.269810831e-08)
(0.01099859711 -1.75943526e-08 2.076951528e-08)
(0.01099859075 -1.676411187e-08 2.002704202e-08)
(0.010998597 -1.707533899e-08 1.920042239e-08)
(0.0109986083 -1.537784573e-08 1.567469769e-08)
(0.01099862191 -1.978949076e-08 2.137358239e-08)
(0.0109986403 -2.096033159e-08 1.918688154e-08)
(0.01100030519 2.247937918e-07 -9.237317039e-08)
(0.0110001437 1.884263973e-07 -9.999824995e-08)
(0.01100005989 1.135822218e-07 -6.560680476e-08)
(0.01099990522 5.982861032e-08 -3.530687524e-08)
(0.0109997512 2.712263841e-08 -1.320357347e-08)
(0.01099960534 4.805337837e-09 9.6552157e-10)
(0.01099947871 -7.015257489e-09 8.692331283e-09)
(0.01099937108 -1.23160397e-08 1.09344413e-08)
(0.01099927813 -1.622566283e-08 1.207204406e-08)
(0.01099920673 -1.565175257e-08 1.36799064e-08)
(0.01099914564 -1.724957492e-08 1.553287855e-08)
(0.01099909196 -1.493115536e-08 1.316392038e-08)
(0.01099905528 -1.768990591e-08 1.583220937e-08)
(0.01099901797 -1.895922547e-08 1.577861395e-08)
(0.01100029998 4.554598021e-08 -8.319489813e-08)
(0.01100028781 4.435091589e-08 -8.147970279e-08)
(0.01100028746 2.789365914e-08 -5.897905711e-08)
(0.01100021736 1.536543737e-08 -3.890217985e-08)
(0.01100012138 6.932257591e-09 -2.273783073e-08)
(0.01100000985 -4.37859383e-10 -9.303943677e-09)
(0.01099989326 -2.206145857e-09 -1.412935715e-09)
(0.01099977907 -5.051156327e-09 1.974555137e-09)
(0.01099966942 -6.302197676e-09 5.804102131e-09)
(0.01099957148 -6.275326396e-09 8.048099446e-09)
(0.01099947943 -5.872204157e-09 1.093840978e-08)
(0.01099939874 -4.419607599e-09 1.05819454e-08)
(0.01099932722 -6.681845825e-09 1.352937088e-08)
(0.01099926301 -6.130859204e-09 1.267747806e-08)
(0.01100004447 -1.587004877e-07 -2.644515047e-07)
(0.01100032102 -3.124718278e-08 -1.328815194e-07)
(0.0110002066 -4.496977246e-08 -9.358981227e-08)
(0.01100015811 -2.28118313e-08 -5.763128009e-08)
(0.01100003597 -6.999795937e-09 -3.158550262e-08)
(0.01099989891 4.324898873e-09 -1.622541188e-08)
(0.01099975735 9.378079841e-09 -6.537510094e-09)
(0.01099962048 9.708175176e-09 -3.158677745e-11)
(0.01099950012 9.594727077e-09 3.733776119e-09)
(0.01099939213 9.596948699e-09 5.414154466e-09)
(0.01099929672 5.830211238e-09 5.648448156e-09)
(0.01099921818 6.207911151e-09 7.185863536e-09)
(0.01099914798 6.532586132e-09 7.383004666e-09)
(0.01099909335 8.530797295e-09 1.131778711e-08)
(0.01099904465 8.508622471e-09 1.148750852e-08)
(0.01099996324 -7.180358419e-07 -5.589299725e-07)
(0.01100024273 -2.242679963e-07 -1.766880226e-07)
(0.01099981489 -2.054694855e-07 -1.170161189e-07)
(0.0109996498 -1.038789499e-07 -6.189136226e-08)
(0.01099942611 -3.65348218e-08 -2.208793956e-08)
(0.01099923904 -1.114426745e-09 -5.320782093e-09)
(0.01099909132 1.602392789e-08 1.640991721e-09)
(0.0109989824 2.260314074e-08 7.954670369e-09)
(0.01099890246 2.582875876e-08 9.912401672e-09)
(0.01099884934 2.43837825e-08 9.164175862e-09)
(0.01099880676 2.238017086e-08 9.23724865e-09)
(0.01099878105 2.071271689e-08 1.060669813e-08)
(0.01099876585 1.868814639e-08 1.060588028e-08)
(0.01099875643 2.174714306e-08 1.305403867e-08)
(0.01099875207 2.09796046e-08 1.042570399e-08)
(0.01099943171 -1.066590152e-06 -1.626941219e-06)
(0.01099966382 1.067464241e-08 -3.641381288e-07)
(0.01099848403 -1.648565672e-07 -1.982394102e-07)
(0.01099814447 -3.375385384e-08 -6.726131728e-08)
(0.01099784694 3.366558883e-08 -5.615368966e-09)
(0.01099771035 4.800820259e-08 1.270264488e-08)
(0.01099768641 4.953868139e-08 1.865994078e-08)
(0.01099772279 4.373267279e-08 1.909792042e-08)
(0.01099779357 3.450482241e-08 1.429445578e-08)
(0.01099787973 2.687859386e-08 1.303452503e-08)
(0.01099797082 2.149983442e-08 1.087519955e-08)
(0.01099805903 1.857904411e-08 1.199207271e-08)
(0.01099814295 1.659794476e-08 1.100208026e-08)
(0.01099822033 2.248528272e-08 1.366888434e-08)
(0.01099829064 2.277572296e-08 1.338323571e-08)
(0.01099661093 1.791175638e-07 1.785246486e-07)
(0.01099451674 -7.807869073e-08 -7.63844132e-08)
(0.01099479366 2.333365284e-08 2.72369798e-08)
(0.01099498652 6.835473171e-08 7.046544171e-08)
(0.01099534998 5.2905782e-08 5.335005026e-08)
(0.01099577379 3.771321176e-08 3.980254139e-08)
(0.0109961715 2.556387295e-08 2.589047107e-08)
(0.01099653276 1.731272461e-08 1.694277647e-08)
(0.01099684428 1.179875312e-08 1.178320002e-08)
(0.01099711802 9.615920909e-09 9.167766949e-09)
(0.01099734861 7.755745042e-09 9.619197787e-09)
(0.01099755222 9.259811605e-09 9.278274624e-09)
(0.01099771814 1.583228407e-08 1.634011786e-08)
(0.01099787174 1.571735919e-08 1.60600845e-08)
(0.01099245673 -5.578684559e-10 1.426047889e-06)
(0.01098930716 -1.168440465e-09 2.456892615e-07)
(0.01099142063 -4.394565044e-10 7.720026844e-08)
(0.01099271093 -2.168516368e-10 8.591653796e-08)
(0.010993774 -3.262405268e-10 3.864090328e-08)
(0.01099466515 9.811229438e-10 1.610468027e-08)
(0.0109953656 9.934844891e-10 7.144854644e-09)
(0.01099592798 -3.570945923e-10 2.357278131e-09)
(0.0109963787 3.080848441e-10 2.908711651e-09)
(0.01099674398 1.285175789e-09 2.32251695e-09)
(0.01099704805 4.344984946e-10 4.996647231e-09)
(0.01099730676 -5.828498949e-10 6.703470257e-09)
(0.01099751217 6.123258442e-11 1.378109344e-08)
(0.01099770401 5.143313144e-11 7.762141185e-09)
(0.01099660843 -1.802578465e-07 1.782446961e-07)
(0.01099451582 7.673386969e-08 -7.614314803e-08)
(0.01099479391 -2.398347243e-08 2.529279672e-08)
(0.01099498772 -6.724210342e-08 6.907342789e-08)
(0.01099535079 -5.090037866e-08 5.253294421e-08)
(0.0109957717 -3.44234883e-08 3.832774085e-08)
(0.01099616942 -2.518916062e-08 2.635022914e-08)
(0.01099653176 -1.55105059e-08 1.611060504e-08)
(0.01099684383 -1.02993689e-08 1.245886969e-08)
(0.01099711885 -8.137561941e-09 9.676156358e-09)
(0.0109973469 -7.684075055e-09 8.191197658e-09)
(0.01099755149 -7.302989948e-09 8.792273557e-09)
(0.01099771655 -1.340943105e-08 1.475536375e-08)
(0.01099787211 -1.428533742e-08 1.426257399e-08)
(0.01099966683 -8.849198577e-09 -3.610392282e-07)
(0.01099848464 1.667886915e-07 -1.951284196e-07)
(0.01099814379 3.556292576e-08 -6.646029354e-08)
(0.01099784804 -3.455409924e-08 -3.543294631e-09)
(0.01099771054 -4.817451845e-08 1.483934749e-08)
(0.01099768537 -4.848957187e-08 1.904365538e-08)
(0.01099771985 -4.097841323e-08 1.804139942e-08)
(0.01099779509 -3.363081794e-08 1.437666601e-08)
(0.0109978801 -2.541082726e-08 1.351932305e-08)
(0.0109979716 -1.994781238e-08 1.124373445e-08)
(0.01099805445 -1.709025924e-08 1.097834978e-08)
(0.01099814584 -1.548517058e-08 1.020488315e-08)
(0.01099821914 -2.229902025e-08 1.408005832e-08)
(0.01099829258 -2.285032575e-08 1.326714902e-08)
(0.01100024335 2.231555084e-07 -1.749658298e-07)
(0.01099981374 2.052724704e-07 -1.152433692e-07)
(0.01099965071 1.028353769e-07 -5.789957391e-08)
(0.01099942729 3.581875605e-08 -2.295528176e-08)
(0.01099924069 4.318787979e-09 -6.521130284e-09)
(0.0109990943 -1.626799023e-08 4.914681303e-09)
(0.01099898142 -2.19830362e-08 7.843210462e-09)
(0.01099890311 -2.437644059e-08 8.577486636e-09)
(0.01099884622 -2.36509772e-08 8.472809084e-09)
(0.01099880829 -2.141269335e-08 8.485753443e-09)
(0.01099877891 -2.140283056e-08 7.881069604e-09)
(0.01099876623 -1.813459447e-08 8.423343888e-09)
(0.0109987575 -2.193465789e-08 1.205495902e-08)
(0.01099875043 -2.130525609e-08 1.086777561e-08)
(0.01100032141 3.190812553e-08 -1.296459501e-07)
(0.01100020671 4.19540121e-08 -9.201789468e-08)
(0.01100016094 2.36628613e-08 -5.724929499e-08)
(0.0110000379 8.625292323e-09 -3.185886967e-08)
(0.01099990015 -9.76459179e-10 -1.559255133e-08)
(0.01099975952 -7.940115673e-09 -6.811547951e-09)
(0.01099962092 -9.492736626e-09 -1.41480372e-09)
(0.01099949876 -8.987458489e-09 1.040737032e-09)
(0.0109993884 -7.60371624e-09 4.892486662e-09)
(0.01099929428 -6.416527918e-09 4.927580375e-09)
(0.01099921695 -5.96541517e-09 6.1889802e-09)
(0.01099914892 -5.078927441e-09 6.902653778e-09)
(0.01099909189 -7.885113667e-09 9.827358801e-09)
(0.01099904159 -6.79731655e-09 9.79843168e-09)
(0.01099995575 -3.901456047e-07 -1.378085173e-09)
(0.01100041131 -8.076080032e-08 -1.788285346e-09)
(0.01100021336 -5.979932633e-08 -1.097628602e-11)
(0.01100011742 -2.421517855e-08 -4.497421892e-09)
(0.01099995624 -3.556455713e-09 -2.059716014e-09)
(0.0109997947 7.133510037e-09 -4.569181254e-10)
(0.01099963845 9.95603864e-09 6.521572458e-10)
(0.01099949734 1.099776967e-08 1.582388824e-09)
(0.0109993759 1.100942659e-08 3.084066794e-09)
(0.01099927018 9.43632466e-09 4.902087121e-10)
(0.01099918329 6.19865688e-09 1.397327174e-09)
(0.01099910857 8.05166449e-09 1.547734255e-09)
(0.01099904601 8.306810682e-09 3.247685222e-09)
(0.0109989997 9.367964938e-09 2.327994128e-09)
(0.01099895599 9.305908286e-09 1.955636804e-09)
(0.01099974493 -1.786649831e-06 -9.715648688e-10)
(0.01100037833 -4.387417164e-07 2.724286797e-10)
(0.0109996376 -2.81216231e-07 -6.010463633e-10)
(0.01099939965 -1.179424465e-07 -1.81690175e-09)
(0.0109991481 -3.038105751e-08 -2.137545223e-09)
(0.01099896135 5.245145207e-09 -1.420500288e-09)
(0.01099883278 1.927138202e-08 -5.107841964e-10)
(0.0109987463 2.432407138e-08 6.581102167e-10)
(0.01099868924 2.32775701e-08 2.197295323e-09)
(0.01099865765 2.289110404e-08 3.876248337e-10)
(0.01099863865 2.104420948e-08 2.742998253e-09)
(0.01099863092 1.781439761e-08 9.255203445e-10)
(0.01099862984 1.596168646e-08 2.030419789e-09)
(0.01099863613 2.14557093e-08 1.149319464e-09)
(0.01099864451 2.188623363e-08 2.587406694e-09)
(0.01099822199 -3.70845991e-06 -1.188198231e-09)
(0.0109994669 1.582668615e-07 -6.491564911e-10)
(0.01099739516 -1.477252191e-07 -8.435682999e-10)
(0.01099710855 -3.315513392e-09 -1.814809486e-09)
(0.01099695208 6.596340945e-08 1.582673384e-09)
(0.01099697525 6.06118655e-08 -6.26132647e-10)
(0.0109970923 5.158333347e-08 6.956147945e-10)
(0.01099724266 4.038899745e-08 8.843060937e-10)
(0.01099740496 2.86856025e-08 -5.419201762e-10)
(0.01099755792 2.356476813e-08 4.897861772e-10)
(0.01099770333 1.732613321e-08 1.030673486e-09)
(0.01099783402 1.496202211e-08 1.074496471e-09)
(0.01099795318 1.460049122e-08 2.869793472e-09)
(0.01099805504 2.316912296e-08 2.4001544e-09)
(0.01099815184 2.16060054e-08 1.744770157e-09)
(0.01098948694 -1.71764113e-05 8.994597773e-11)
(0.01099245397 1.428405569e-06 -1.099338383e-10)
(0.01098930788 2.460601485e-07 -7.834217165e-10)
(0.01099142195 7.497655978e-08 1.063875103e-10)
(0.0109927119 8.397763492e-08 -1.601724847e-10)
(0.01099377184 3.940462376e-08 4.906382766e-10)
(0.0109946619 1.608181821e-08 1.047841686e-09)
(0.01099536347 5.556132423e-09 1.828262111e-09)
(0.01099592696 3.107908545e-09 2.439516302e-10)
(0.0109963774 1.546554984e-09 6.121083483e-11)
(0.01099674825 1.225377323e-09 8.012255192e-10)
(0.01099704619 3.983341511e-09 1.655610802e-09)
(0.01099730968 6.658976817e-09 2.059029035e-09)
(0.01099751216 1.340528574e-08 1.249693702e-09)
(0.01099770479 8.535714933e-09 4.084200181e-10)
(0.01098007717 -8.581429813e-10 -2.932752952e-09)
(0.01097490747 -7.706980392e-10 7.160455934e-10)
(0.01098439558 -2.478405693e-10 9.506245559e-10)
(0.01098891298 -1.263355811e-09 -1.172038483e-09)
(0.01099148037 -1.610117042e-09 1.524817944e-09)
(0.01099319966 -4.07454438e-10 7.640496892e-10)
(0.0109943686 -5.59866182e-10 -7.625427067e-11)
(0.01099520996 -5.678819111e-10 2.763788042e-10)
(0.01099583842 -1.309357697e-09 1.302641651e-09)
(0.01099632682 2.537280901e-09 2.013204961e-10)
(0.01099671481 1.480437267e-10 -2.064660807e-10)
(0.01099703648 -5.108858029e-10 3.464607259e-10)
(0.0109972814 8.902482229e-10 1.635292187e-09)
(0.01099753344 7.630027913e-10 1.410140755e-09)
(0.010992453 -1.426815958e-06 -2.61974204e-10)
(0.01098930639 -2.457881628e-07 8.556923094e-10)
(0.01099142119 -7.639383601e-08 1.450803373e-09)
(0.01099271142 -8.448761592e-08 3.984668391e-10)
(0.01099377187 -3.944984976e-08 -2.193056207e-10)
(0.01099466386 -1.463198177e-08 -1.451002674e-09)
(0.01099536318 -5.591300898e-09 -8.303156734e-10)
(0.01099592759 -1.202084826e-09 -8.369387169e-10)
(0.01099637884 3.814772225e-10 2.070469603e-09)
(0.01099674554 -2.655503177e-09 1.152180856e-09)
(0.01099704594 -4.506373878e-09 5.142197663e-10)
(0.01099730834 -5.189495659e-09 2.045620809e-10)
(0.01099751396 -1.323961645e-08 1.049000414e-09)
(0.01099770262 -8.807864286e-09 -8.183892498e-10)
(0.01099946355 -1.603294454e-07 -9.557973037e-10)
(0.01099739424 1.476712997e-07 -1.186963515e-09)
(0.01099710544 4.809093905e-09 -9.130587204e-10)
(0.01099695315 -6.510357494e-08 1.051219628e-09)
(0.01099697438 -5.854093527e-08 -3.239567234e-10)
(0.01099709188 -4.59840009e-08 1.439303687e-10)
(0.01099724121 -3.789596517e-08 1.180131429e-09)
(0.01099740358 -2.713718366e-08 8.688836586e-11)
(0.01099755865 -2.073621037e-08 -2.683477444e-10)
(0.01099770492 -1.545444558e-08 -1.266371917e-09)
(0.01099783232 -1.372680986e-08 1.984426071e-09)
(0.01099795572 -1.318197315e-08 3.537297948e-09)
(0.01099805566 -2.148731294e-08 1.008331141e-09)
(0.01099815027 -2.152232704e-08 2.975326753e-09)
(0.01100037534 4.392644477e-07 -1.673358968e-09)
(0.01099963924 2.800500639e-07 -5.747753388e-10)
(0.01099939574 1.162432731e-07 -3.015698422e-09)
(0.01099914772 3.106981709e-08 5.072650738e-10)
(0.0109989639 -3.373623569e-09 -1.699395764e-10)
(0.01099883322 -2.029839888e-08 -2.191576025e-09)
(0.01099874275 -2.333275157e-08 -1.420567734e-09)
(0.01099869 -2.57319109e-08 -2.914820233e-10)
(0.01099865605 -2.144725116e-08 4.691302515e-10)
(0.01099863702 -1.978449813e-08 -1.841249448e-10)
(0.01099862844 -1.880943929e-08 1.408484183e-09)
(0.01099863006 -1.769039403e-08 1.689683555e-09)
(0.01099863601 -2.402884572e-08 7.303130872e-10)
(0.01099864069 -2.182803011e-08 3.480218638e-09)
(0.0110004145 8.433115144e-08 -9.675495404e-11)
(0.01100021287 6.06351284e-08 -6.394940267e-10)
(0.01100011874 2.559131775e-08 -7.702491296e-10)
(0.01099995826 6.54838405e-09 2.193285312e-09)
(0.01099979405 -3.567253199e-09 -3.879854237e-10)
(0.01099963974 -1.060840344e-08 3.243048748e-10)
(0.01099949459 -9.455366762e-09 -5.240264881e-10)
(0.01099937697 -9.639283121e-09 1.817151439e-10)
(0.01099927089 -8.386085058e-09 -1.158565581e-09)
(0.01099918198 -6.908341734e-09 8.141225096e-10)
(0.0109991067 -5.551385897e-09 9.879193285e-10)
(0.01099904577 -5.479366879e-09 7.10732626e-10)
(0.01099900005 -7.540164256e-09 -4.264142145e-10)
(0.01099895313 -8.434580778e-09 -1.989307206e-09)
(0.01100004128 -1.591347472e-07 2.635049463e-07)
(0.01100031701 -3.070967586e-08 1.295389248e-07)
(0.0110002063 -4.204004302e-08 8.881392344e-08)
(0.01100015826 -2.392927186e-08 5.477127306e-08)
(0.011000038 -6.315680729e-09 2.957142089e-08)
(0.01099990049 1.344520527e-09 1.592280965e-08)
(0.01099975755 7.704949725e-09 6.67933375e-09)
(0.01099962057 9.134084522e-09 2.542199756e-10)
(0.01099949881 9.476689566e-09 -1.829554703e-09)
(0.01099939245 7.818093617e-09 -2.982612849e-09)
(0.01099929779 7.072978634e-09 -3.079313067e-09)
(0.01099921789 6.278120198e-09 -5.488906228e-09)
(0.01099914738 5.839427784e-09 -6.279260661e-09)
(0.01099909592 7.443775596e-09 -8.918323889e-09)
(0.01099904308 8.208005749e-09 -9.970783682e-09)
(0.01099996275 -7.182891276e-07 5.568685434e-07)
(0.01100023908 -2.226695207e-07 1.734799007e-07)
(0.01099981608 -2.073186488e-07 1.144187032e-07)
(0.01099964912 -1.030217816e-07 5.855120977e-08)
(0.01099942663 -3.654228953e-08 2.188019292e-08)
(0.01099924043 -2.293165087e-09 5.697638903e-09)
(0.01099909535 1.611813483e-08 -3.294694102e-09)
(0.01099898335 2.457471609e-08 -5.55662169e-09)
(0.01099890233 2.416283282e-08 -7.660750885e-09)
(0.0109988453 2.47725369e-08 -5.903336627e-09)
(0.01099880857 2.0277062e-08 -5.969792439e-09)
(0.01099878331 1.99249246e-08 -6.783140123e-09)
(0.01099876816 1.935448626e-08 -7.211431291e-09)
(0.01099875772 2.229401675e-08 -1.065627826e-08)
(0.01099874985 2.089167638e-08 -1.107418419e-08)
(0.01099943498 -1.065814027e-06 1.623799036e-06)
(0.01099966444 7.697934334e-09 3.610108858e-07)
(0.01099848408 -1.648047705e-07 1.940027461e-07)
(0.01099814642 -3.33384387e-08 6.624106592e-08)
(0.01099784628 3.427115163e-08 3.685063662e-09)
(0.01099771195 5.017600488e-08 -1.24006502e-08)
(0.0109976878 5.095858586e-08 -1.785399071e-08)
(0.01099771879 4.37604293e-08 -1.677208972e-08)
(0.01099779279 3.374006118e-08 -1.312146746e-08)
(0.01099787999 2.690511438e-08 -1.212042985e-08)
(0.01099797091 2.045985335e-08 -9.33829213e-09)
(0.01099805998 1.847146374e-08 -9.011401137e-09)
(0.0109981469 1.601970206e-08 -7.842977602e-09)
(0.01099821866 2.162735387e-08 -1.080599385e-08)
(0.01099829087 2.096083607e-08 -1.253381074e-08)
(0.01099748496 -3.579964089e-06 3.579364552e-06)
(0.01099660865 1.782187489e-07 -1.809945763e-07)
(0.01099451543 -7.650268138e-08 7.465793747e-08)
(0.01099479254 2.763866868e-08 -2.75921618e-08)
(0.01099498672 6.772864027e-08 -7.147903788e-08)
(0.01099534997 5.268953467e-08 -5.398602218e-08)
(0.01099577242 3.677466528e-08 -3.753967298e-08)
(0.01099616881 2.305202797e-08 -2.474549456e-08)
(0.01099653184 1.615979067e-08 -1.607273831e-08)
(0.01099684459 1.125203915e-08 -1.020711655e-08)
(0.01099712032 7.327504719e-09 -6.736346353e-09)
(0.01099734983 6.872682417e-09 -6.602879225e-09)
(0.01099755451 8.051691837e-09 -7.528172758e-09)
(0.01099771762 1.594484344e-08 -1.325234613e-08)
(0.01099787434 1.380827025e-08 -1.394707162e-08)
(0.01098948927 -8.100475651e-10 1.717608839e-05)
(0.01099245381 -2.724084598e-10 -1.428116335e-06)
(0.01098930813 -4.829587301e-10 -2.472729408e-07)
(0.01099142103 -1.07304444e-09 -7.838451344e-08)
(0.01099270836 -3.074187729e-11 -8.528898557e-08)
(0.01099377275 -1.267967133e-09 -3.943703537e-08)
(0.01099466388 -1.003489448e-09 -1.570606075e-08)
(0.01099536613 -8.788121883e-10 -5.744866456e-09)
(0.01099592763 -7.588399104e-10 -2.005971348e-09)
(0.0109963794 -1.152981163e-09 -5.324923862e-10)
(0.01099674722 1.702024343e-09 -1.134284733e-09)
(0.01099704874 -3.18847189e-10 -1.778595692e-09)
(0.01099730505 -9.457746303e-10 -4.50669536e-09)
(0.01099751243 -5.781191924e-10 -1.174713337e-08)
(0.01099770296 1.31172055e-10 -8.914857873e-09)
(0.01099748463 3.577114775e-06 3.580533825e-06)
(0.01099660636 -1.797069871e-07 -1.805260768e-07)
(0.01099451745 7.522853235e-08 7.544951484e-08)
(0.01099479389 -2.658315939e-08 -2.641530578e-08)
(0.01099498741 -6.768878977e-08 -6.992032734e-08)
(0.01099534672 -5.212914618e-08 -5.372085125e-08)
(0.01099577124 -3.751193343e-08 -3.832928199e-08)
(0.01099617149 -2.370382917e-08 -2.637040563e-08)
(0.01099653271 -1.689477723e-08 -1.422644313e-08)
(0.01099684814 -1.038111299e-08 -1.143865591e-08)
(0.01099711672 -9.741668089e-09 -7.257300512e-09)
(0.01099734707 -6.672739547e-09 -6.377526646e-09)
(0.01099755316 -6.891863908e-09 -5.584952229e-09)
(0.01099771565 -1.478616769e-08 -1.313718976e-08)
(0.01099787353 -1.513065282e-08 -1.423408777e-08)
(0.01099966511 -1.017406982e-08 3.597974898e-07)
(0.01099848627 1.655019531e-07 1.960293752e-07)
(0.01099814698 3.268109258e-08 6.589373435e-08)
(0.01099784548 -3.396599196e-08 2.795578712e-09)
(0.01099771016 -4.886149032e-08 -1.457008813e-08)
(0.01099768555 -4.82231191e-08 -1.90853353e-08)
(0.01099771938 -4.231126772e-08 -1.63188944e-08)
(0.01099779476 -3.381974828e-08 -1.544244829e-08)
(0.01099787785 -2.583743985e-08 -1.319004451e-08)
(0.01099797127 -1.981915327e-08 -1.045430219e-08)
(0.0109980575 -1.688412159e-08 -9.682896164e-09)
(0.01099814503 -1.686612402e-08 -9.056914457e-09)
(0.01099821664 -2.305832012e-08 -1.163658876e-08)
(0.01099828957 -2.051290843e-08 -1.387319421e-08)
(0.0110002399 2.244498531e-07 1.76287108e-07)
(0.01099981482 2.0528983e-07 1.133156313e-07)
(0.01099964971 1.025334293e-07 5.745771424e-08)
(0.01099942647 3.564586775e-08 2.374156474e-08)
(0.01099923989 3.424570763e-09 6.270448498e-09)
(0.01099909515 -1.573068833e-08 -3.35406935e-09)
(0.01099898193 -2.453840476e-08 -7.052247386e-09)
(0.01099890492 -2.334806735e-08 -8.675972666e-09)
(0.01099884656 -2.362728601e-08 -7.162837338e-09)
(0.01099880655 -1.945918329e-08 -6.840284652e-09)
(0.01099877893 -2.100461237e-08 -7.982421042e-09)
(0.01099876432 -1.947154611e-08 -7.374992074e-09)
(0.01099875577 -2.375529449e-08 -1.043238679e-08)
(0.01099875082 -2.253909936e-08 -1.110895791e-08)
(0.01100031987 3.150155727e-08 1.311506676e-07)
(0.01100020656 4.207150159e-08 9.149437571e-08)
(0.01100016116 2.389990368e-08 5.596373835e-08)
(0.01100003781 8.391667807e-09 3.131381339e-08)
(0.01099989847 -1.09897645e-09 1.594040704e-08)
(0.01099975697 -6.347973168e-09 5.614761307e-09)
(0.01099961934 -8.123834392e-09 8.018448966e-10)
(0.01099949916 -9.811627748e-09 -6.568225593e-11)
(0.01099939196 -9.599391367e-09 -2.900834353e-09)
(0.01099929955 -8.419671677e-09 -4.379634977e-09)
(0.01099921648 -6.639385109e-09 -5.34937552e-09)
(0.01099914465 -5.00950189e-09 -5.850168016e-09)
(0.01099909374 -8.336249517e-09 -1.003315699e-08)
(0.0109990417 -8.90873053e-09 -9.850393999e-09)
(0.0110000613 -1.103220328e-07 1.613172369e-07)
(0.01100029718 -4.644561997e-08 8.191338657e-08)
(0.01100028214 -4.437371107e-08 8.048496378e-08)
(0.01100028664 -2.835516837e-08 5.847595585e-08)
(0.01100021668 -1.473084564e-08 3.768203487e-08)
(0.01100012228 -5.317767095e-09 2.298944561e-08)
(0.01100001155 2.468494034e-09 9.760184789e-09)
(0.01099989226 5.07958094e-09 2.563726318e-09)
(0.01099977959 4.760617692e-09 -2.475458855e-09)
(0.01099967067 5.20062182e-09 -5.164462364e-09)
(0.01099957155 5.098143696e-09 -9.186371725e-09)
(0.01099947664 5.16092996e-09 -1.112128236e-08)
(0.01099939776 5.988306099e-09 -1.211720357e-08)
(0.0109993276 7.121615568e-09 -1.672658855e-08)
(0.01099926308 7.925596221e-09 -1.551456568e-08)
(0.01100000372 -4.475495263e-07 2.742734206e-07)
(0.01100030452 -2.234666794e-07 9.242044711e-08)
(0.01100014198 -1.877547315e-07 1.005862809e-07)
(0.01100006079 -1.129342334e-07 6.591528121e-08)
(0.01099990503 -5.859561216e-08 3.475732252e-08)
(0.01099974981 -2.560085028e-08 1.524619385e-08)
(0.010999606 -4.957179434e-09 1.246508762e-09)
(0.010999478 8.753534748e-09 -7.338891022e-09)
(0.01099937186 1.433323251e-08 -1.138834948e-08)
(0.01099928209 1.610543403e-08 -1.239921237e-08)
(0.01099920822 1.527628866e-08 -1.325331258e-08)
(0.01099914705 1.675046243e-08 -1.36765888e-08)
(0.01099909279 1.700568166e-08 -1.341860641e-08)
(0.01099905397 2.089320015e-08 -1.777135408e-08)
(0.01099901569 1.775807268e-08 -1.765813738e-08)
(0.01099979212 -6.86531207e-07 6.873731279e-07)
(0.0110002267 -1.969732555e-07 1.963337699e-07)
(0.01099970773 -1.85066731e-07 1.848308838e-07)
(0.01099944318 -8.730801427e-08 8.914985416e-08)
(0.01099914475 -2.720168695e-08 2.389570518e-08)
(0.01099892776 3.946412565e-09 -5.855886398e-09)
(0.01099877653 2.071895596e-08 -1.783391928e-08)
(0.01099867765 2.286915528e-08 -2.312481692e-08)
(0.01099862411 2.181754758e-08 -2.236227547e-08)
(0.0109985987 2.023403089e-08 -1.963586821e-08)
(0.01099859222 1.823605926e-08 -1.792885444e-08)
(0.0109985972 1.716471622e-08 -1.696730359e-08)
(0.01099860743 1.538170491e-08 -1.617605628e-08)
(0.01099862057 2.137169039e-08 -2.158625537e-08)
(0.01099863729 1.908980279e-08 -2.058968685e-08)
(0.01099943118 -1.623476535e-06 1.067705583e-06)
(0.01099966351 -3.614089358e-07 -7.811759323e-09)
(0.01099848377 -1.963668317e-07 1.655076713e-07)
(0.01099814592 -6.831471901e-08 3.361142677e-08)
(0.0109978488 -5.262955089e-09 -3.446377791e-08)
(0.01099771235 1.439521067e-08 -4.804480318e-08)
(0.01099768698 1.688900256e-08 -5.047366681e-08)
(0.01099772104 1.59854982e-08 -4.272022058e-08)
(0.0109977954 1.316789217e-08 -3.490285876e-08)
(0.01099788132 1.241558653e-08 -2.588299799e-08)
(0.01099797126 1.094729965e-08 -2.111463331e-08)
(0.01099805642 7.970459861e-09 -1.910079835e-08)
(0.01099814589 8.306700181e-09 -1.612422405e-08)
(0.01099821863 1.397621101e-08 -2.177439834e-08)
(0.01099829031 1.250072981e-08 -2.286793493e-08)
(0.01099822384 -1.178176829e-09 3.70685945e-06)
(0.0109994641 -2.225907107e-09 -1.592753089e-07)
(0.01099739513 2.421098743e-10 1.445371153e-07)
(0.01099710992 1.505721191e-10 2.141685991e-09)
(0.01099695653 2.718986088e-10 -6.496454501e-08)
(0.01099697571 -1.500397835e-09 -5.980809311e-08)
(0.01099709456 -1.830725476e-09 -5.076266572e-08)
(0.01099724301 -1.867777587e-09 -3.910606703e-08)
(0.01099740659 1.040129306e-09 -2.836684855e-08)
(0.01099755901 2.519492918e-10 -2.215788362e-08)
(0.01099770379 -1.01390776e-09 -1.64634883e-08)
(0.01099783337 8.044020956e-10 -1.44770121e-08)
(0.01099795612 -1.658636387e-10 -1.340170639e-08)
(0.01099805365 6.869789214e-11 -2.211462435e-08)
(0.01099815119 8.406441695e-10 -2.314886193e-08)
(0.01099943307 1.622860465e-06 1.066974629e-06)
(0.01099966273 3.588117094e-07 -9.251024336e-09)
(0.01099848638 1.946385296e-07 1.652425595e-07)
(0.01099814388 6.625833934e-08 3.144558119e-08)
(0.01099784855 4.488846562e-09 -3.595419101e-08)
(0.01099771225 -1.351204047e-08 -4.786110416e-08)
(0.01099768624 -1.766985882e-08 -4.983069142e-08)
(0.01099772496 -1.714912195e-08 -4.199281584e-08)
(0.01099779721 -1.566148315e-08 -3.439358647e-08)
(0.01099787912 -1.34717873e-08 -2.678226596e-08)
(0.01099797189 -1.051141617e-08 -2.157065377e-08)
(0.01099805499 -9.271237326e-09 -1.763667851e-08)
(0.01099814617 -8.099636556e-09 -1.614712616e-08)
(0.01099821736 -1.430948378e-08 -2.150637328e-08)
(0.01099828903 -1.408155032e-08 -2.215553953e-08)
(0.01099979104 6.840915766e-07 6.872900146e-07)
(0.01100022538 1.984029816e-07 1.984923433e-07)
(0.01099970883 1.847620299e-07 1.848980887e-07)
(0.01099944181 8.694274727e-08 8.714349464e-08)
(0.01099914729 2.653248306e-08 2.514326245e-08)
(0.01099892662 -3.318799074e-09 -3.902361166e-09)
(0.01099877485 -1.759295652e-08 -1.954491994e-08)
(0.01099867715 -2.302380136e-08 -2.238039722e-08)
(0.01099862701 -2.368235634e-08 -2.192742545e-08)
(0.01099859915 -2.161207017e-08 -2.12807284e-08)
(0.0109985928 -1.725151681e-08 -1.691975736e-08)
(0.01099859574 -1.717997054e-08 -1.815180569e-08)
(0.0109986045 -1.732043969e-08 -1.632798398e-08)
(0.01099862082 -2.112636691e-08 -2.239640746e-08)
(0.01099863457 -2.001576955e-08 -2.144897164e-08)
(0.0110003031 2.265027902e-07 9.311122412e-08)
(0.01100014251 1.880262024e-07 1.017734585e-07)
(0.01100005994 1.142543247e-07 6.615202286e-08)
(0.01099990542 6.118381027e-08 3.284071409e-08)
(0.01099974945 2.67059792e-08 1.398100618e-08)
(0.01099960308 4.357420609e-09 9.691243363e-10)
(0.01099947858 -8.462804045e-09 -7.527290112e-09)
(0.01099937273 -1.388919993e-08 -1.291160939e-08)
(0.01099928125 -1.56449336e-08 -1.421035485e-08)
(0.01099920823 -1.620867059e-08 -1.352474488e-08)
(0.01099914534 -1.74064571e-08 -1.288725263e-08)
(0.01099909219 -1.734712127e-08 -1.41012855e-08)
(0.01099905441 -2.084132103e-08 -1.726762775e-08)
(0.01099901782 -1.911195727e-08 -1.774217696e-08)
(0.01100029934 4.758915256e-08 8.450292719e-08)
(0.01100028435 4.443919351e-08 8.251025628e-08)
(0.01100028942 2.86137012e-08 5.944831385e-08)
(0.01100021704 1.484791847e-08 3.664894413e-08)
(0.01100012256 6.105837534e-09 2.217950368e-08)
(0.01100000591 -1.17267633e-09 1.050543283e-08)
(0.01099989117 -2.690972605e-09 1.371826102e-09)
(0.0109997782 -4.297788205e-09 -3.973194901e-09)
(0.01099967004 -4.983851056e-09 -5.068781266e-09)
(0.01099957246 -7.612817915e-09 -6.560367467e-09)
(0.01099947936 -5.848256933e-09 -9.734381127e-09)
(0.01099939596 -5.232334208e-09 -1.272259378e-08)
(0.01099932869 -8.553980783e-09 -1.28457725e-08)
(0.01099926193 -7.449689128e-09 -1.244985468e-08)
(0.01100010458 -5.246777043e-08 1.258307283e-07)
(0.0110002767 -2.359398468e-08 8.919781603e-08)
(0.01100030335 -2.367147641e-08 8.197608391e-08)
(0.01100034221 -1.747213263e-08 6.449297926e-08)
(0.01100032636 -1.219186533e-08 4.858912746e-08)
(0.01100028302 -3.964724437e-09 3.124616432e-08)
(0.01100021637 -5.886181098e-10 1.976557321e-08)
(0.01100013199 5.587778011e-10 1.008658961e-08)
(0.01100004072 1.660807685e-09 2.326155908e-09)
(0.01099994407 3.01266919e-09 -1.614485324e-09)
(0.01099984901 3.579953132e-09 -5.553380853e-09)
(0.0109997559 4.544791052e-09 -9.637067452e-09)
(0.01099966276 4.999569685e-09 -1.085133026e-08)
(0.0109995852 6.262447957e-09 -1.272384499e-08)
(0.01099950124 5.85315404e-09 -1.232520948e-08)
(0.01100008493 -2.04530325e-07 2.040508931e-07)
(0.01100028942 -1.162222728e-07 1.16899554e-07)
(0.01100025985 -1.082493257e-07 1.091184602e-07)
(0.01100026155 -7.727877877e-08 7.592945644e-08)
(0.01100019636 -5.018942665e-08 4.9700756e-08)
(0.01100011043 -2.944066028e-08 2.939302489e-08)
(0.01100000908 -1.364555666e-08 1.331664107e-08)
(0.01099990268 -2.86062923e-09 2.829364128e-09)
(0.01099980004 2.141569841e-09 -3.329293763e-09)
(0.01099970108 8.122153466e-09 -7.156616347e-09)
(0.01099960836 1.112153491e-08 -9.111992758e-09)
(0.01099952382 1.073542415e-08 -1.266525894e-08)
(0.01099944429 1.225921922e-08 -1.31945059e-08)
(0.01099937788 1.677483561e-08 -1.566087624e-08)
(0.01099931221 1.394836592e-08 -1.466799564e-08)
(0.01100000488 -2.749095178e-07 4.464513334e-07)
(0.01100030356 -9.460663884e-08 2.241670544e-07)
(0.0110001445 -1.032242301e-07 1.883823495e-07)
(0.01100005797 -6.618252238e-08 1.131878076e-07)
(0.01099990558 -3.447914697e-08 6.050573846e-08)
(0.01099975125 -1.524648845e-08 2.579963053e-08)
(0.01099960328 1.318891902e-10 2.507518133e-09)
(0.0109994786 8.940714874e-09 -9.546915965e-09)
(0.01099937149 1.170443522e-08 -1.592161025e-08)
(0.01099928224 1.245300759e-08 -1.46832438e-08)
(0.01099920762 1.213859209e-08 -1.629591395e-08)
(0.01099914654 1.261479188e-08 -1.750338172e-08)
(0.0109990938 1.325683022e-08 -1.792922636e-08)
(0.01099905693 1.754427934e-08 -2.03039548e-08)
(0.0109990141 1.590456096e-08 -1.716024921e-08)
(0.0109999636 -5.565139499e-07 7.160693371e-07)
(0.01100024271 -1.756864948e-07 2.212445295e-07)
(0.01099981514 -1.160622599e-07 2.065454014e-07)
(0.01099965058 -5.950286562e-08 1.029803227e-07)
(0.01099942668 -2.416976572e-08 3.725644649e-08)
(0.01099924083 -5.231025592e-09 1.707509123e-09)
(0.01099909282 9.842230857e-10 -1.677909511e-08)
(0.01099898316 5.153578054e-09 -2.448185883e-08)
(0.01099890478 7.571666911e-09 -2.295055653e-08)
(0.01099884493 8.46295219e-09 -2.3235415e-08)
(0.01099880923 7.461672732e-09 -2.118587506e-08)
(0.01099878282 9.322404119e-09 -2.091022558e-08)
(0.01099876654 8.295131343e-09 -1.95947592e-08)
(0.01099875685 1.010366125e-08 -2.371482418e-08)
(0.0109987492 9.134081083e-09 -2.174505229e-08)
(0.01099974384 -1.749238328e-09 1.784983505e-06)
(0.01100037656 -3.884245572e-10 4.381062976e-07)
(0.01099964001 -8.840272118e-10 2.793692328e-07)
(0.01099940013 -1.461023151e-09 1.178891272e-07)
(0.01099914908 -1.554688478e-09 2.946682596e-08)
(0.01099896386 -1.996898237e-09 -3.593729717e-09)
(0.010998835 -1.14940874e-09 -2.109798228e-08)
(0.01099874547 -7.831287265e-10 -2.489637009e-08)
(0.01099869167 7.701858515e-10 -2.4717214e-08)
(0.01099865504 -1.521047973e-09 -2.243097748e-08)
(0.01099864051 2.629153569e-10 -1.964708021e-08)
(0.01099863081 -2.037015036e-10 -1.763863622e-08)
(0.01099862867 1.788193063e-10 -1.839967353e-08)
(0.01099863529 1.158950575e-09 -2.405267949e-08)
(0.01099864177 2.77127304e-10 -2.176437749e-08)
(0.01099996272 5.57659049e-07 7.18831902e-07)
(0.01100024281 1.760046688e-07 2.242213113e-07)
(0.0109998145 1.154506805e-07 2.063031603e-07)
(0.01099965135 5.782008436e-08 1.029765743e-07)
(0.01099942615 2.377963681e-08 3.684501664e-08)
(0.01099924116 5.429945802e-09 3.002181816e-09)
(0.01099909523 -1.699704643e-09 -1.588897257e-08)
(0.0109989827 -7.167758616e-09 -2.324895729e-08)
(0.01099890329 -9.329103934e-09 -2.661596405e-08)
(0.01099884763 -8.031065367e-09 -2.502770223e-08)
(0.01099880893 -7.761629892e-09 -2.114905745e-08)
(0.01099878307 -8.870740213e-09 -1.938929458e-08)
(0.01099876607 -9.72074158e-09 -1.810995981e-08)
(0.01099875239 -1.184146218e-08 -2.278982501e-08)
(0.01099874846 -1.080006286e-08 -2.147612418e-08)
(0.01100000664 2.751360626e-07 4.480832672e-07)
(0.01100030286 9.358037017e-08 2.259285263e-07)
(0.01100014365 1.014526838e-07 1.869332865e-07)
(0.01100006086 6.606760763e-08 1.131664847e-07)
(0.01099990552 3.349490341e-08 5.98653859e-08)
(0.0109997501 1.607828884e-08 2.609275102e-08)
(0.01099960503 2.025450718e-09 3.46721874e-09)
(0.01099947682 -7.284987716e-09 -9.453775881e-09)
(0.01099937461 -1.276302922e-08 -1.477827367e-08)
(0.01099928233 -1.16233147e-08 -1.531574166e-08)
(0.01099920734 -1.16857579e-08 -1.609417458e-08)
(0.01099914577 -1.41106948e-08 -1.668719456e-08)
(0.01099909517 -1.331580407e-08 -1.675997153e-08)
(0.01099905301 -1.850336198e-08 -2.1206894e-08)
(0.01099901638 -1.696196298e-08 -1.839345588e-08)
(0.01100008405 2.046451236e-07 2.055910977e-07)
(0.01100029163 1.16579135e-07 1.178500957e-07)
(0.01100025931 1.096743178e-07 1.091119035e-07)
(0.01100025993 7.790300175e-08 7.721914894e-08)
(0.01100019354 4.968261079e-08 5.007086923e-08)
(0.01100011111 2.933409001e-08 2.932295951e-08)
(0.011000008 1.319342863e-08 1.284878307e-08)
(0.01099990175 3.095376816e-09 2.662489059e-09)
(0.01099980278 -3.983636866e-09 -4.668327107e-09)
(0.01099970349 -7.706392883e-09 -7.225497383e-09)
(0.0109996103 -1.000320222e-08 -9.962788182e-09)
(0.01099952373 -1.191999655e-08 -1.102644706e-08)
(0.01099944508 -1.246569872e-08 -1.267046268e-08)
(0.01099937818 -1.626090224e-08 -1.656165895e-08)
(0.01099930963 -1.377413611e-08 -1.578804762e-08)
(0.01100027764 2.45106e-08 8.813935629e-08)
(0.01100030525 2.409829625e-08 8.308225526e-08)
(0.01100034157 1.895556546e-08 6.306245485e-08)
(0.01100032509 1.210287346e-08 4.481471376e-08)
(0.01100028273 4.88543041e-09 3.055317646e-08)
(0.01100021266 1.076421716e-09 1.867661876e-08)
(0.01100013072 -5.566651892e-10 1.105428282e-08)
(0.01100004314 -9.238242416e-10 1.377439339e-09)
(0.01099994804 -2.736748274e-09 -2.483203031e-09)
(0.0109998479 -3.345498472e-09 -5.445577783e-09)
(0.01099975392 -4.216280588e-09 -8.294079676e-09)
(0.01099966482 -5.858863153e-09 -9.553482652e-09)
(0.01099958202 -6.076667157e-09 -1.387324122e-08)
(0.01099950126 -6.746779662e-09 -1.314866118e-08)
(0.01100012601 -3.600103265e-08 3.555791384e-08)
(0.01100026424 -2.121434652e-08 2.066091896e-08)
(0.01100031455 -1.676308271e-08 1.980209121e-08)
(0.01100037022 -1.451691503e-08 1.453650695e-08)
(0.01100037765 -1.060026768e-08 1.085868795e-08)
(0.01100036397 -4.660906536e-09 7.789960865e-09)
(0.01100032377 -5.481441041e-09 4.678169217e-09)
(0.01100026355 -3.041506012e-09 1.703238626e-09)
(0.011000193 -1.540263337e-09 -1.121690215e-09)
(0.01100010883 1.366224973e-09 -1.222392486e-09)
(0.01100001591 2.506124802e-09 -2.16820807e-09)
(0.01099992864 3.861690434e-09 -3.440986225e-09)
(0.01099983128 3.677664493e-09 -4.832120226e-09)
(0.01099975172 5.088263046e-09 -5.430339596e-09)
(0.01099965933 4.835186204e-09 -4.163834144e-09)
(0.01100010763 -1.27623453e-07 5.255247399e-08)
(0.01100027454 -8.801443539e-08 2.361698214e-08)
(0.01100030381 -8.239695162e-08 2.515558251e-08)
(0.01100034287 -6.351980949e-08 1.740901988e-08)
(0.01100032685 -4.632215613e-08 1.207384858e-08)
(0.01100028208 -3.093340001e-08 5.437522608e-09)
(0.01100021418 -1.858448864e-08 1.870276212e-09)
(0.01100013367 -1.007363699e-08 -4.880491735e-11)
(0.01100004286 -1.617978553e-09 -2.557684337e-09)
(0.01099994498 2.314011263e-09 -1.911701494e-09)
(0.01099984903 5.376154713e-09 -2.91486103e-09)
(0.01099975263 7.812378227e-09 -4.313987137e-09)
(0.01099966464 8.27227801e-09 -5.738224112e-09)
(0.01099958349 1.130460815e-08 -5.888872046e-09)
(0.01099950331 1.160216343e-08 -5.510483227e-09)
(0.01100005964 -1.621944934e-07 1.087767872e-07)
(0.01100029938 -8.550194241e-08 4.716564452e-08)
(0.01100028531 -8.177180335e-08 4.227753044e-08)
(0.0110002867 -5.765102916e-08 2.744730843e-08)
(0.01100021579 -3.898393419e-08 1.393668149e-08)
(0.01100012143 -2.356034565e-08 6.162573938e-09)
(0.01100000899 -1.060313878e-08 -1.065031553e-09)
(0.01099989362 -8.072160985e-10 -3.418578136e-09)
(0.01099977911 2.946191828e-09 -3.297974643e-09)
(0.01099967011 4.959135962e-09 -5.61012019e-09)
(0.01099957083 7.352495738e-09 -4.553728178e-09)
(0.01099948077 9.921487607e-09 -5.825409879e-09)
(0.01099939697 1.148311539e-08 -7.321676463e-09)
(0.01099933016 1.423867929e-08 -8.42458557e-09)
(0.01099925786 1.249595022e-08 -8.061734204e-09)
(0.01100004387 -2.633844803e-07 1.590520757e-07)
(0.01100032308 -1.310555179e-07 3.130073313e-08)
(0.01100020453 -9.320233012e-08 4.188412006e-08)
(0.01100015902 -5.872839433e-08 2.195792912e-08)
(0.01100003638 -3.22967328e-08 6.24229579e-09)
(0.01099990022 -1.527471648e-08 -2.051249284e-09)
(0.01099975736 -8.266891958e-09 -8.574843467e-09)
(0.01099962064 -3.221883161e-09 -8.855184618e-09)
(0.01099950037 1.500726819e-09 -8.462478527e-09)
(0.01099939204 3.447498567e-09 -7.27751353e-09)
(0.01099929699 4.2679286e-09 -6.846937083e-09)
(0.0109992183 5.412357812e-09 -7.537105563e-09)
(0.01099915008 6.531017632e-09 -6.102864519e-09)
(0.01099909335 8.454672144e-09 -7.853470487e-09)
(0.01099904315 8.03042804e-09 -7.384290257e-09)
(0.01099995653 6.909248971e-11 3.906198774e-07)
(0.01100041364 7.287392194e-10 8.219935712e-08)
(0.01100021226 -1.184075746e-09 6.008194385e-08)
(0.01100012097 -5.686180771e-10 2.450051819e-08)
(0.01099995804 3.461974494e-10 5.570513257e-09)
(0.01099979399 1.048221863e-09 -5.007434575e-09)
(0.01099963768 -6.765863143e-11 -8.701838682e-09)
(0.01099949825 1.058061093e-09 -1.099677543e-08)
(0.01099937691 -1.196868661e-10 -8.722675704e-09)
(0.0109992695 -6.331134177e-10 -6.566284865e-09)
(0.01099918024 -6.126622986e-10 -6.984076807e-09)
(0.01099910994 1.253448085e-09 -7.234241678e-09)
(0.01099904626 9.338139438e-10 -5.371410207e-09)
(0.01099900012 -1.063337385e-09 -9.435957913e-09)
(0.01099895679 3.685181653e-10 -7.770169763e-09)
(0.0110000436 2.641116106e-07 1.600768648e-07)
(0.01100031929 1.30825598e-07 3.257188477e-08)
(0.01100020514 9.310418683e-08 4.249428721e-08)
(0.01100016037 5.749584101e-08 2.346583449e-08)
(0.01100003838 3.067983654e-08 7.945171584e-09)
(0.01099990044 1.523030872e-08 -6.695646875e-10)
(0.01099975543 7.467163964e-09 -7.322749041e-09)
(0.01099962032 1.254438452e-09 -8.07173283e-09)
(0.01099950019 -2.705478254e-09 -7.958319667e-09)
(0.01099939097 -3.933159324e-09 -7.375706191e-09)
(0.01099929827 -4.131555445e-09 -6.764689662e-09)
(0.01099921669 -6.643336458e-09 -6.548518864e-09)
(0.01099914676 -6.513461279e-09 -5.576380371e-09)
(0.01099909263 -9.053066526e-09 -9.519314225e-09)
(0.01099904294 -9.220672998e-09 -7.93118853e-09)
(0.01100005892 1.621184321e-07 1.109803036e-07)
(0.01100029653 8.440220678e-08 4.753698756e-08)
(0.01100028569 8.097734557e-08 4.470695028e-08)
(0.01100028571 5.856282709e-08 2.818353777e-08)
(0.01100021716 3.870267283e-08 1.511308696e-08)
(0.0110001206 2.362485316e-08 7.039647862e-09)
(0.01100000977 1.308056057e-08 -8.963871897e-10)
(0.01099989097 1.402315933e-09 -3.649026402e-09)
(0.01099977857 -3.658422987e-09 -3.633492717e-09)
(0.01099967142 -4.869954332e-09 -6.121979817e-09)
(0.01099956987 -5.422996772e-09 -5.287786781e-09)
(0.01099947933 -8.529333359e-09 -3.596028459e-09)
(0.01099939483 -1.217501015e-08 -4.886089386e-09)
(0.01099932906 -1.490069824e-08 -7.148271993e-09)
(0.0109992617 -1.517314262e-08 -7.024696105e-09)
(0.01100010903 1.273962818e-07 5.173868523e-08)
(0.01100027527 8.743418603e-08 2.348224093e-08)
(0.01100030467 8.252067123e-08 2.388901026e-08)
(0.01100034258 6.331898473e-08 1.895261029e-08)
(0.011000325 4.446522376e-08 1.309964996e-08)
(0.01100028141 2.986977777e-08 7.356170204e-09)
(0.0110002134 1.771176622e-08 2.096577947e-09)
(0.01100013083 1.019050534e-08 -6.336219592e-10)
(0.01100004146 1.822328556e-09 -1.270064258e-09)
(0.01099994897 -3.379745191e-09 -3.016110066e-09)
(0.01099985004 -6.204006043e-09 -3.637767632e-09)
(0.01099975432 -8.782951738e-09 -4.012504222e-09)
(0.01099966307 -9.700796655e-09 -4.902184211e-09)
(0.01099958445 -1.336082523e-08 -7.587332485e-09)
(0.01099950279 -1.291431449e-08 -5.923391802e-09)
(0.01100012469 3.413293896e-08 3.577498576e-08)
(0.01100026313 2.009631242e-08 2.032679373e-08)
(0.01100031611 1.983636064e-08 1.967205812e-08)
(0.01100036892 1.635062835e-08 1.669875975e-08)
(0.01100037754 1.201457512e-08 1.188131362e-08)
(0.01100036156 6.920003168e-09 7.005804834e-09)
(0.01100032384 3.975284842e-09 3.895647635e-09)
(0.01100026343 2.18181732e-09 1.742831111e-09)
(0.01100019189 -8.353435358e-10 -5.938519516e-10)
(0.01100011123 -7.285003843e-10 -1.896668435e-09)
(0.01100002136 -1.752264094e-09 -2.084684301e-09)
(0.01099992721 -2.312441398e-09 -1.519993578e-09)
(0.01099983127 -2.751923685e-09 -2.937306034e-09)
(0.01099974797 -4.209393111e-09 -5.800906096e-09)
(0.01099965882 -3.830651262e-09 -4.62844572e-09)
)
;

boundaryField
{
    top
    {
        type            slip;
    }
    bottom
    {
        type            slip;
    }
    side-walls
    {
        type            slip;
    }
    inlet
    {
        type            fixedValue;
        value           nonuniform 0();
    }
    outlet
    {
        type            zeroGradient;
    }
    procBoundary1to0
    {
        type            processor;
        value           nonuniform List<vector> 
97
(
(0.01100012516 -3.610175174e-08 -3.635906662e-08)
(0.01100012516 -3.610175174e-08 -3.635906662e-08)
(0.01100010708 -1.270478064e-07 -5.382257385e-08)
(0.01100005938 -1.647684634e-07 -1.114958949e-07)
(0.01100004316 -2.663298941e-07 -1.597653528e-07)
(0.01099995509 8.425903545e-11 -3.931415032e-07)
(0.0110000428 2.644950482e-07 -1.588933211e-07)
(0.01100005852 1.621682397e-07 -1.11682008e-07)
(0.01100010572 1.260930151e-07 -5.412038505e-08)
(0.01100012399 3.593570125e-08 -3.533139096e-08)
(0.01100002177 -5.413710711e-09 -2.794530705e-08)
(0.01100008359 -2.027662382e-07 -2.047503693e-07)
(0.01100008359 -2.027662382e-07 -2.047503693e-07)
(0.01100008359 -2.027662382e-07 -2.047503693e-07)
(0.01100000706 -2.761153362e-07 -4.493057715e-07)
(0.01099996459 -5.560690405e-07 -7.155988433e-07)
(0.01099974495 7.855710067e-11 -1.785320234e-06)
(0.01099996234 5.54265455e-07 -7.174842023e-07)
(0.01100000634 2.727349628e-07 -4.495771068e-07)
(0.01100008178 2.050249571e-07 -2.038891879e-07)
(0.01100010582 5.407669746e-08 -1.266749638e-07)
(0.01099995155 -4.175025094e-09 -2.426568158e-08)
(0.01099985642 -2.938701251e-08 -1.113424436e-08)
(0.01099979358 -6.818027818e-07 -6.885239374e-07)
(0.01099979358 -6.818027818e-07 -6.885239374e-07)
(0.01099979358 -6.818027818e-07 -6.885239374e-07)
(0.0109994369 -1.624439098e-06 -1.068059451e-06)
(0.01099822393 -8.317897707e-10 -3.709848065e-06)
(0.01099943336 1.623197019e-06 -1.067403252e-06)
(0.01099979545 6.852699093e-07 -6.866220792e-07)
(0.01100000837 4.490694786e-07 -2.757989797e-07)
(0.01100005813 1.106809138e-07 -1.628718288e-07)
(0.01099989508 6.260060679e-09 -4.096479159e-08)
(0.01099976698 -7.357804854e-09 -3.969571859e-08)
(0.01099940149 2.689353122e-08 -3.832192325e-08)
(0.01099748656 -3.579849476e-06 -3.5804581e-06)
(0.01099748656 -3.579849476e-06 -3.5804581e-06)
(0.01099748656 -3.579849476e-06 -3.5804581e-06)
(0.01098948701 2.185063507e-10 -1.717673809e-05)
(0.01099748452 3.577214292e-06 -3.579017628e-06)
(0.01099943529 1.064453652e-06 -1.624079046e-06)
(0.01099996601 7.185784515e-07 -5.562026351e-07)
(0.01100004379 1.611814822e-07 -2.647616672e-07)
(0.01099973187 -3.801727795e-09 -1.756125138e-10)
(0.01099940633 -3.165242883e-08 -8.279375824e-10)
(0.01099841617 8.403421487e-09 -1.524218444e-09)
(0.0109978684 9.572482809e-07 6.597407319e-10)
(0.01092418113 3.469792214e-10 -1.357413298e-09)
(0.01092418113 3.469792214e-10 -1.357413298e-09)
(0.01092418113 3.469792214e-10 -1.357413298e-09)
(0.01098948725 1.717561064e-05 -7.587087346e-10)
(0.01098948725 1.717561064e-05 -7.587087346e-10)
(0.0109982234 3.705933017e-06 2.241719437e-09)
(0.01099974293 1.7863808e-06 1.726330423e-09)
(0.01099995621 3.92443937e-07 1.264436524e-09)
(0.01099989391 5.498649399e-09 3.876054465e-08)
(0.01099976791 -8.723587827e-09 3.975260425e-08)
(0.01099940199 2.800570964e-08 3.83638099e-08)
(0.01099954081 -2.749611681e-08 2.810784491e-08)
(0.01099786834 -6.478217816e-10 -9.574867687e-07)
(0.01099953863 2.680684089e-08 2.748203925e-08)
(0.01099943394 1.065822778e-06 1.624366627e-06)
(0.01099943394 1.065822778e-06 1.624366627e-06)
(0.01099943394 1.065822778e-06 1.624366627e-06)
(0.01099996098 7.188334338e-07 5.572649622e-07)
(0.01100004363 1.605546777e-07 2.656722665e-07)
(0.01099994848 -3.932828167e-09 2.315451299e-08)
(0.0109998546 -3.048617237e-08 8.873474457e-09)
(0.01099958954 -1.845516607e-09 2.014130041e-09)
(0.01099940413 -3.806813243e-08 -2.848885114e-08)
(0.01099841543 -1.506627963e-09 -7.140134332e-09)
(0.01099940035 3.733352257e-08 -2.778946744e-08)
(0.01099958877 3.106087934e-09 3.432045571e-09)
(0.01100000518 4.49970086e-07 2.762509702e-07)
(0.01100000518 4.49970086e-07 2.762509702e-07)
(0.01100000518 4.49970086e-07 2.762509702e-07)
(0.01100005895 1.108873063e-07 1.62406848e-07)
(0.01100002239 -4.937593436e-09 2.713373443e-08)
(0.01099997829 -2.603942671e-08 2.419576689e-08)
(0.01099985392 -1.046281145e-08 2.742056822e-08)
(0.01099976448 -3.983553663e-08 7.674591619e-09)
(0.01099940378 6.386358605e-10 3.104190729e-08)
(0.01099976583 3.844844334e-08 8.216305478e-09)
(0.01099985281 9.735258303e-09 2.980118267e-08)
(0.01099997909 2.414835409e-08 2.429519206e-08)
(0.01100010814 5.035792159e-08 1.27864598e-07)
(0.01100010814 5.035792159e-08 1.27864598e-07)
(0.01100010814 5.035792159e-08 1.27864598e-07)
(0.01100005147 -7.63481657e-09 5.536209578e-09)
(0.01100002454 -2.753789922e-08 3.272074895e-09)
(0.01099994682 -2.185411832e-08 5.076457385e-09)
(0.01099989239 -3.967143661e-08 -5.740478152e-09)
(0.01099973037 2.669082636e-10 4.932413529e-09)
(0.01099989308 4.01831596e-08 -4.947594633e-09)
(0.01099994735 2.194126641e-08 5.360994422e-09)
(0.01100002094 2.727707279e-08 6.933979343e-09)
(0.01100004938 7.560933934e-09 7.590567561e-09)
)
;
    }
}


// ************************************************************************* //
