/*--------------------------------*- C++ -*----------------------------------*\
| =========                 |                                                 |
| \\      /  F ield         | OpenFOAM: The Open Source CFD Toolbox           |
|  \\    /   O peration     | Version:  4.x                                   |
|   \\  /    A nd           | Web:      www.OpenFOAM.org                      |
|    \\/     M anipulation  |                                                 |
\*---------------------------------------------------------------------------*/
FoamFile
{
    version     2.0;
    format      ascii;
    class       volVectorField;
    location    "5000";
    object      U;
}
// * * * * * * * * * * * * * * * * * * * * * * * * * * * * * * * * * * * * * //

dimensions      [0 1 -1 0 0 0 0];

internalField   nonuniform List<vector> 
1175
(
(0.01099999945 9.228641821e-10 -5.881120562e-10)
(0.01100000033 1.289580219e-09 1.041233278e-09)
(0.01099999877 -6.012595131e-10 -3.929477026e-11)
(0.01099999916 -3.406114215e-09 1.695927501e-09)
(0.0110000019 -1.255543417e-09 2.255117084e-09)
(0.01100000071 -5.963142964e-10 -1.174174298e-10)
(0.01100000065 -8.616644782e-10 -1.072618159e-09)
(0.01100000253 -1.966473644e-09 -1.016480932e-09)
(0.01100001304 -1.594888755e-09 -3.413727741e-09)
(0.01100001809 -2.213073039e-09 -6.250520551e-09)
(0.01100003348 -3.531028553e-09 -6.375322734e-09)
(0.01100004674 -4.905142258e-09 -6.524521268e-09)
(0.01100008463 -1.176128625e-08 -1.172714514e-08)
(0.01100011496 -8.633562825e-09 -9.139012394e-09)
(0.01100018036 -2.491837379e-08 -2.45114033e-08)
(0.01100000051 -8.696798229e-11 -1.838647236e-10)
(0.01099999958 7.159023655e-10 -9.366139098e-10)
(0.01099999948 7.603430943e-10 6.355981637e-11)
(0.01100000052 -3.197868232e-10 2.006075718e-09)
(0.01100000149 -7.976206855e-10 -4.606818446e-10)
(0.01100000079 9.717139466e-10 -1.492761552e-09)
(0.01100000326 -6.464590238e-11 -7.065664999e-10)
(0.01100000356 -1.825094885e-09 -3.173874842e-10)
(0.01100001002 -4.632114033e-09 -2.450165353e-09)
(0.01100001235 -7.93799342e-09 -4.316613182e-09)
(0.01100002892 -1.38735572e-08 -6.790358077e-09)
(0.0110000356 -1.974647704e-08 -7.886184322e-09)
(0.0110000798 -3.909223418e-08 -1.380043599e-08)
(0.01100009853 -3.803488565e-08 -1.038013086e-08)
(0.01100017822 -9.143537995e-08 -3.626054354e-08)
(0.01099999818 8.755613355e-10 -5.312136302e-10)
(0.01100000005 -1.048656889e-09 8.131232038e-10)
(0.01099999974 5.859071896e-10 9.27455806e-10)
(0.01100000039 -1.382956065e-09 1.934920235e-09)
(0.01100000199 1.56901727e-09 -5.428307246e-10)
(0.01099999926 -1.609664926e-09 -3.919417376e-09)
(0.01099999775 -6.069216752e-10 -4.329428342e-11)
(0.01100000077 -2.422019549e-09 -1.762848417e-09)
(0.01100000615 -4.449273646e-09 -3.708200054e-09)
(0.01100000664 -8.385056173e-09 -3.560232332e-09)
(0.01100001942 -1.869348943e-08 -7.648925829e-09)
(0.01100001741 -2.323123042e-08 -1.308851452e-08)
(0.01100006003 -4.126065118e-08 -2.049499825e-08)
(0.01100005618 -3.927074068e-08 -1.990842045e-08)
(0.01100016382 -1.137911988e-07 -7.799239758e-08)
(0.01099999899 -8.90977773e-10 2.96631325e-10)
(0.01099999945 -2.373495514e-10 1.058312863e-09)
(0.01099999932 -1.407293471e-09 7.860414661e-10)
(0.01099999939 2.295747107e-10 2.843005675e-10)
(0.01100000265 -3.579215877e-10 -1.818247873e-09)
(0.01099999956 -1.83557703e-09 -1.600064897e-09)
(0.01099999808 -5.449454507e-10 -2.078051964e-09)
(0.01099999778 -2.541398217e-09 -2.177556291e-10)
(0.01100000087 -2.68218183e-09 -2.64165197e-09)
(0.01100000437 -7.631002735e-09 -3.766446359e-09)
(0.01100001581 -1.225156749e-08 -3.717035469e-09)
(0.0110000068 -2.563379872e-08 -1.154325978e-08)
(0.01100005791 -5.254662787e-08 -2.027967372e-08)
(0.01100002684 -6.280885574e-08 -1.621896144e-08)
(0.01100016798 -1.813030361e-07 -1.053164183e-07)
(0.01099999988 -2.218618922e-09 -9.603535286e-10)
(0.01099999921 -2.655312834e-09 -7.217519875e-10)
(0.01100000059 -8.706142465e-10 -7.077794526e-10)
(0.01100000089 9.148144618e-10 -1.258528055e-09)
(0.01099999746 -2.373661092e-09 4.786575022e-10)
(0.01099999907 -8.746766301e-10 -1.845163906e-09)
(0.01099999851 -1.200804821e-09 -2.638853221e-09)
(0.01099999868 6.91665884e-10 -3.641391061e-09)
(0.01100000047 -3.345009547e-10 -2.26491608e-09)
(0.01099999521 1.341030555e-09 -5.30375961e-09)
(0.01100000099 1.53281472e-09 -9.284079933e-09)
(0.01099997564 -1.045736332e-10 -2.036353047e-08)
(0.01100001683 6.42033801e-10 -3.910399315e-08)
(0.01099992929 -9.21383437e-10 -5.351200614e-08)
(0.01100015332 -1.378900593e-09 -2.579176205e-07)
(0.01099999837 -9.045392737e-10 9.961126936e-10)
(0.0110000012 -6.994335916e-10 9.375409669e-10)
(0.01099999983 -5.303538666e-10 1.322178694e-09)
(0.01099999798 -7.167224577e-10 -2.348590291e-10)
(0.01099999837 9.705155586e-11 3.422926258e-10)
(0.01099999991 4.244215891e-10 -1.692665834e-09)
(0.01099999931 4.201346646e-10 7.680768138e-10)
(0.01099999972 2.961826109e-09 -2.363760118e-09)
(0.01100000222 4.889593553e-09 -1.661754487e-09)
(0.01100000149 8.584357051e-09 -3.660095571e-09)
(0.01100001316 1.364546489e-08 -6.373789216e-09)
(0.01100000597 2.393560446e-08 -1.023949448e-08)
(0.01100005475 5.050583732e-08 -1.889312958e-08)
(0.01100002616 5.987876583e-08 -1.601473493e-08)
(0.01100016911 1.803953623e-07 -1.050617907e-07)
(0.01100000029 -1.876940137e-09 -3.554841585e-10)
(0.0109999991 -4.768212974e-10 6.253620422e-10)
(0.01099999872 -1.551337229e-09 1.06700338e-09)
(0.01099999886 -3.117348198e-09 -8.846383099e-10)
(0.01099999926 1.126064493e-09 -3.097657525e-10)
(0.01100000014 2.53658496e-11 1.435976183e-09)
(0.01100000181 7.812512879e-10 -1.20188547e-09)
(0.0110000038 3.172455241e-09 -5.186546856e-10)
(0.0110000053 6.040337148e-09 8.798160657e-10)
(0.01100000595 7.17730723e-09 -1.218050001e-09)
(0.01100001822 1.298867377e-08 -4.04409974e-09)
(0.01100001384 2.087465103e-08 -7.663695558e-09)
(0.01100005817 3.982518337e-08 -2.109278013e-08)
(0.01100005749 3.800582136e-08 -1.813991735e-08)
(0.01100016849 1.127015078e-07 -7.565236442e-08)
(0.01099999882 -2.170471171e-09 -1.070989216e-11)
(0.01100000131 -6.530153109e-10 1.924486793e-09)
(0.01100000025 -2.655264544e-10 -3.260185416e-10)
(0.01099999868 -4.357630426e-10 -7.675269841e-10)
(0.01100000389 5.717779226e-10 -1.886042742e-09)
(0.01100000116 1.436242463e-09 -7.839017505e-10)
(0.01100000401 1.650378705e-09 -2.663798442e-10)
(0.01100000367 2.940458299e-09 -1.133808796e-09)
(0.01100000702 3.046812356e-09 -9.837626968e-10)
(0.01100001309 6.904798828e-09 -9.370151569e-10)
(0.01100002865 1.269605629e-08 -3.031437803e-09)
(0.01100003505 1.886706374e-08 -5.235015128e-09)
(0.01100007883 3.660144922e-08 -1.424894361e-08)
(0.01100010087 3.763301506e-08 -1.03674029e-08)
(0.01100018079 9.283568915e-08 -3.599648493e-08)
(0.01100000105 -5.05005132e-10 7.458350973e-10)
(0.01100000135 2.852825115e-10 -1.51170378e-09)
(0.01100000126 3.124839237e-10 -2.155518964e-09)
(0.01099999992 1.111236657e-09 4.578453202e-10)
(0.01100000473 6.971954789e-10 9.910876701e-10)
(0.01100000367 2.033192255e-09 -5.961293422e-10)
(0.01100000449 2.755372731e-09 1.08638317e-09)
(0.01100000272 2.229438307e-09 -1.081216637e-09)
(0.01100000826 1.670682168e-09 -2.369962699e-10)
(0.01100001499 3.393200422e-09 1.462912355e-09)
(0.01100003153 5.458094516e-09 -2.360421398e-09)
(0.01100004611 5.620931278e-09 -3.910512038e-09)
(0.01100008542 1.30963453e-08 -1.09727005e-08)
(0.01100011629 1.125821073e-08 -1.074274372e-08)
(0.01100018533 2.54622159e-08 -2.542785654e-08)
(0.01100000033 3.191379432e-10 3.663238272e-10)
(0.01099999982 3.033531464e-09 1.611049804e-10)
(0.01099999763 1.127554062e-09 -5.058490005e-10)
(0.01099999894 5.463493512e-10 5.485393944e-10)
(0.0110000005 -2.633770762e-09 8.191524285e-10)
(0.01100000095 -1.849803201e-09 1.270671123e-09)
(0.01100000087 -5.219532787e-10 -1.521589741e-09)
(0.01100000361 -1.638234406e-10 -2.248515474e-09)
(0.01100001247 -2.238314329e-09 -4.834487824e-09)
(0.01100001375 -3.479442364e-09 -7.994055609e-09)
(0.01100002869 -5.436087931e-09 -1.543322161e-08)
(0.0110000374 -5.990251601e-09 -2.044527946e-08)
(0.01100007925 -1.356454234e-08 -3.89342849e-08)
(0.0110000987 -9.661090466e-09 -3.683016164e-08)
(0.01100000049 2.91574929e-10 1.876551382e-10)
(0.01099999948 9.64065191e-10 -1.510397505e-09)
(0.01099999769 4.448116059e-10 2.320125673e-10)
(0.01099999945 -3.585080204e-10 -2.488292823e-10)
(0.01100000043 -1.712464612e-09 9.453765992e-10)
(0.01100000203 1.806480216e-10 -9.74082375e-10)
(0.01100000349 -1.326294885e-09 -2.311448607e-09)
(0.01100000259 -1.742649231e-09 -3.480887132e-09)
(0.011000009 -4.642235671e-09 -5.323826827e-09)
(0.01100000898 -7.751174959e-09 -7.269131197e-09)
(0.01100002531 -1.302227137e-08 -1.6472154e-08)
(0.01100002808 -2.408436877e-08 -2.235876346e-08)
(0.01100007222 -4.668067296e-08 -4.45019427e-08)
(0.01100007322 -4.698186986e-08 -4.704719448e-08)
(0.01100017328 -1.433205477e-07 -1.439660523e-07)
(0.01100000147 3.428064655e-10 -1.811532411e-10)
(0.01099999814 -1.361368916e-09 -4.666815821e-10)
(0.01099999749 -4.658850099e-10 -4.636288112e-10)
(0.01099999916 -6.085150636e-10 -1.282890544e-09)
(0.01100000114 9.283270785e-10 -1.220906466e-09)
(0.0109999999 -1.963769692e-10 -3.140629018e-09)
(0.01099999946 -6.42331385e-10 -1.679683866e-09)
(0.01099999864 -1.869537163e-09 -2.992764464e-09)
(0.01100000202 -5.12128667e-09 -4.511732294e-09)
(0.01100000274 -1.049149386e-08 -9.479396103e-09)
(0.01100001094 -1.681147246e-08 -1.772522807e-08)
(0.0109999996 -2.61602829e-08 -3.494762315e-08)
(0.01100004836 -4.68185208e-08 -6.908750384e-08)
(0.01100000075 -4.447617671e-08 -8.138408544e-08)
(0.01100015183 -1.840374946e-07 -3.101931284e-07)
(0.01099999874 1.96885217e-10 -6.315814516e-10)
(0.01099999888 -1.302716424e-09 1.170734883e-09)
(0.01099999785 -1.631920214e-09 -1.357931942e-10)
(0.0109999991 3.26288948e-10 6.664210238e-10)
(0.01099999994 2.1195718e-10 -4.122528074e-10)
(0.01099999843 -9.881684024e-11 -1.576635059e-09)
(0.01099999947 -9.777724188e-10 -2.127016e-09)
(0.01099999763 -2.399493451e-09 -3.435484722e-09)
(0.01099999834 -2.779122967e-09 -4.693148499e-09)
(0.01099999719 -7.857231582e-09 -9.417647937e-09)
(0.01100000606 -1.577741163e-08 -1.486227655e-08)
(0.01099999439 -3.297667656e-08 -3.790654912e-08)
(0.0110000404 -7.130830914e-08 -6.728768632e-08)
(0.01099995319 -9.578193022e-08 -9.475658544e-08)
(0.01100014814 -3.698489672e-07 -4.779997881e-07)
(0.01099999966 -2.138841055e-09 -2.349009005e-11)
(0.01099999745 -1.957393989e-09 1.627365463e-09)
(0.01100000007 -1.585558858e-09 -2.020162201e-10)
(0.01100000007 -1.479499092e-09 2.938113656e-10)
(0.01099999621 -6.918348438e-10 -7.993804622e-10)
(0.01099999827 -1.938241699e-09 7.874302319e-10)
(0.01099999824 -4.718202893e-10 -1.334326732e-09)
(0.01099999688 -2.285148929e-09 -3.608624552e-09)
(0.01099999356 1.054732936e-09 -5.569080985e-09)
(0.01099998714 1.352775001e-09 -1.485891031e-08)
(0.01099998663 8.725559218e-10 -2.361951752e-08)
(0.01099994545 8.178468305e-10 -6.81823254e-08)
(0.01099996181 -8.963836854e-10 -1.319724608e-07)
(0.01099973038 -1.539337845e-09 -2.464248695e-07)
(0.01100010735 -1.86520306e-09 -1.178899337e-06)
(0.01100000021 -2.195513997e-09 -3.87856454e-10)
(0.01099999968 -6.313920816e-10 3.452560752e-10)
(0.01099999933 5.376312203e-11 6.488601839e-10)
(0.01099999817 -1.115753323e-09 -2.087407498e-09)
(0.01099999878 -6.915413872e-10 6.900679338e-10)
(0.01099999951 6.944536138e-12 3.263206229e-10)
(0.01099999846 6.228371683e-10 -2.942755223e-09)
(0.01099999849 3.984821031e-09 -3.982814002e-09)
(0.01100000092 4.910524498e-09 -5.49438871e-09)
(0.01099999863 9.51472618e-09 -1.18555893e-08)
(0.01100000501 1.627625823e-08 -1.574800755e-08)
(0.01099999234 3.222102289e-08 -3.94645782e-08)
(0.01100003907 6.963059748e-08 -6.931727966e-08)
(0.0109999518 9.48006744e-08 -9.49340636e-08)
(0.01100014868 3.681955365e-07 -4.778562535e-07)
(0.0110000013 -2.210503012e-09 -8.618212471e-10)
(0.01100000112 -1.750486908e-10 1.149703249e-09)
(0.01099999985 -1.421327065e-09 1.773145881e-10)
(0.01099999868 -2.413912623e-09 1.557322124e-09)
(0.01099999851 -7.963807029e-10 -2.049930791e-11)
(0.01099999734 9.998725269e-10 -9.647976299e-10)
(0.01100000058 1.232251104e-09 -1.066467372e-09)
(0.01099999998 4.545379118e-09 -1.983349315e-09)
(0.01100000103 4.975905986e-09 -4.897837922e-09)
(0.01099999984 8.51145983e-09 -9.367390647e-09)
(0.01100000775 1.57445319e-08 -1.798900721e-08)
(0.01099999671 2.493783135e-08 -3.417154335e-08)
(0.01100004624 4.703403549e-08 -6.847698467e-08)
(0.01100000059 4.272779381e-08 -7.888162395e-08)
(0.01100015314 1.853817103e-07 -3.067220943e-07)
(0.01099999968 -9.406385757e-10 -1.702831789e-11)
(0.01099999872 -1.987053747e-09 1.530924731e-09)
(0.01100000237 -2.677478428e-10 6.181313725e-10)
(0.01099999996 -7.906493603e-10 9.825423475e-10)
(0.011000003 -3.512439983e-11 1.025156602e-10)
(0.01099999975 5.44357686e-10 2.508789194e-11)
(0.01100000194 7.578902938e-10 -1.458453591e-09)
(0.0110000005 2.668358513e-09 -3.287219537e-09)
(0.01100000564 4.458081833e-09 -5.443038076e-09)
(0.01100000856 7.410478284e-09 -7.106089058e-09)
(0.01100002146 1.29787099e-08 -1.479030494e-08)
(0.01100002406 2.353338605e-08 -2.273517716e-08)
(0.01100007097 4.64994638e-08 -4.446375212e-08)
(0.01100007339 4.550775229e-08 -4.474177358e-08)
(0.01100017726 1.430980915e-07 -1.41776802e-07)
(0.0110000009 -1.151437821e-09 3.543096114e-10)
(0.01100000066 -7.945514235e-10 -1.116589995e-11)
(0.01100000036 -2.446526135e-10 5.258526944e-10)
(0.01099999942 9.28799385e-10 3.49386363e-11)
(0.01100000191 3.132026437e-10 -1.433358349e-09)
(0.01100000134 -7.020203336e-10 -2.747398473e-10)
(0.01100000483 3.099529227e-10 -1.91510045e-09)
(0.01100000188 4.876639663e-10 -2.673151586e-09)
(0.01100000665 1.174943988e-09 -4.58587199e-09)
(0.0110000116 2.079198379e-09 -5.691367099e-09)
(0.01100002677 3.650371579e-09 -1.114451339e-08)
(0.01100003627 6.323839651e-09 -1.611212285e-08)
(0.01100007748 1.501748395e-08 -3.644106773e-08)
(0.0110000988 1.052308284e-08 -3.657097028e-08)
(0.01100017747 3.570649162e-08 -9.151119022e-08)
(0.01100000071 1.104518023e-09 1.030177267e-09)
(0.01099999988 -1.380014599e-10 1.005118274e-09)
(0.01099999918 -2.905823674e-10 -3.646100256e-10)
(0.01099999666 -1.811780438e-09 -8.46473963e-10)
(0.01100000087 -2.452211293e-09 9.727334039e-10)
(0.01099999999 3.13258633e-10 -3.661104527e-10)
(0.01100000137 -2.400444736e-09 -2.562702412e-10)
(0.01100000085 1.783162158e-10 -1.420739809e-09)
(0.01100000622 -4.271560076e-10 -4.627328919e-09)
(0.01100000713 -1.69420242e-09 -8.623680284e-09)
(0.01100001734 -3.858219153e-09 -1.505293545e-08)
(0.0110000164 -6.246906628e-09 -2.296049102e-08)
(0.01100006183 -2.020716924e-08 -4.113390997e-08)
(0.01100005499 -1.783549517e-08 -3.959477303e-08)
(0.01099999983 -6.804731084e-10 -9.221832233e-10)
(0.01099999961 -8.162864535e-10 7.96345721e-10)
(0.01099999861 -6.151053562e-10 4.035837876e-11)
(0.01100000061 -3.106802752e-09 -5.100686971e-10)
(0.01099999865 -1.965195006e-09 7.82778409e-10)
(0.01099999851 -1.860800884e-09 1.098656279e-09)
(0.01100000052 -1.955472035e-09 5.849573321e-10)
(0.01099999991 -2.995335131e-09 -2.441035598e-09)
(0.01100000218 -4.15946529e-09 -3.092027911e-09)
(0.01100000141 -1.084425248e-08 -8.601935231e-09)
(0.01100000932 -1.692089679e-08 -1.543595316e-08)
(0.01100000074 -3.449795944e-08 -2.614991975e-08)
(0.01100004507 -6.959994226e-08 -4.808875286e-08)
(0.01099999802 -8.09332981e-08 -4.414322777e-08)
(0.01100000059 5.469657553e-10 9.446148586e-11)
(0.01099999978 6.289226912e-10 7.871144081e-10)
(0.01099999917 2.269877531e-10 3.427032575e-10)
(0.01100000063 1.330434939e-10 8.488743775e-10)
(0.01100000029 -2.252428035e-09 -4.855707143e-10)
(0.01100000092 -2.614988177e-09 -5.655518589e-10)
(0.01099999717 -1.385514905e-09 -1.420387371e-09)
(0.01099999714 -4.028067783e-09 -1.86375616e-09)
(0.01099999445 -5.92490747e-09 -5.151528182e-09)
(0.01099998984 -1.353078787e-08 -1.172449018e-08)
(0.01099999129 -1.682298132e-08 -1.526091675e-08)
(0.0109999624 -3.844644535e-08 -3.748010132e-08)
(0.01099999086 -6.426287569e-08 -6.48512174e-08)
(0.01099983332 -8.611432694e-08 -8.752276319e-08)
(0.01100008228 -4.524185744e-07 -4.574418243e-07)
(0.01100000015 6.415112671e-10 2.983270415e-10)
(0.01100000067 4.632288303e-10 -1.545708386e-10)
(0.01099999794 -3.825759436e-10 4.810628234e-10)
(0.01099999763 9.573526966e-10 4.034119134e-10)
(0.01099999902 1.040837214e-09 7.031607583e-10)
(0.01099999889 3.354787254e-10 -2.271329993e-09)
(0.01099999471 -7.776047597e-10 -1.337924661e-09)
(0.01099999524 -2.695277731e-09 -3.839949348e-09)
(0.01099999148 -4.605981688e-09 -2.419425857e-09)
(0.01099998911 -1.331265791e-08 -1.283203584e-08)
(0.01099998037 -1.978886813e-08 -6.220870087e-09)
(0.01099995944 -5.981282708e-08 -4.220577613e-08)
(0.01099994492 -1.170990302e-07 -1.68642747e-08)
(0.01099972466 -2.305340168e-07 -9.372254318e-08)
(0.01099992669 -1.067641246e-06 -6.702002123e-07)
(0.0110000005 -2.603155076e-10 1.038855877e-09)
(0.01099999848 -1.027026699e-09 2.176533906e-09)
(0.01099999792 -1.411569797e-09 2.852011456e-09)
(0.0109999987 -1.769363663e-09 1.017233796e-09)
(0.0109999992 5.258855956e-10 1.988983964e-09)
(0.01099999863 -9.79225975e-11 -2.984316761e-09)
(0.0109999943 -3.624274367e-10 -5.219047275e-10)
(0.0109999929 -5.061274833e-10 -5.100406963e-09)
(0.01099998217 8.312378624e-10 -5.747222478e-09)
(0.01099997549 2.281084446e-09 -1.957004495e-08)
(0.01099993984 3.139745629e-10 -1.486552358e-08)
(0.01099987259 -3.394055692e-10 -8.95223918e-08)
(0.01099973503 -2.551768244e-09 -8.732061137e-08)
(0.01099910497 -2.856230584e-09 -4.415786997e-07)
(0.01099948929 -6.484257568e-10 -2.333167123e-06)
(0.01100000048 -1.717157771e-09 9.525079496e-10)
(0.01099999922 -1.113314237e-10 1.513925379e-09)
(0.01099999867 -1.749930174e-10 -8.611392127e-10)
(0.01099999887 -4.318219241e-10 -2.315941878e-10)
(0.01100000061 -4.969147661e-10 -9.833335743e-11)
(0.01099999872 1.515469257e-09 -1.121344017e-09)
(0.01099999645 1.032369908e-09 -6.718421451e-10)
(0.01099999571 3.179407796e-09 -4.9731506e-09)
(0.01099999166 4.13126678e-09 -3.884393047e-09)
(0.01099999101 1.23407716e-08 -1.383729856e-08)
(0.01099997952 2.055272978e-08 -9.166214068e-09)
(0.01099995631 5.823807958e-08 -4.210439275e-08)
(0.01099994611 1.160068984e-07 -1.667832945e-08)
(0.01099972813 2.293699528e-07 -9.445402663e-08)
(0.01099992775 1.068126268e-06 -6.704758652e-07)
(0.01099999983 -2.119521993e-09 2.283232007e-09)
(0.01100000042 -1.353755625e-09 2.642581556e-10)
(0.01100000041 -1.273353309e-09 5.391967578e-10)
(0.01099999987 -1.619232029e-09 1.037584619e-10)
(0.01100000122 -1.396450579e-09 -1.942615977e-09)
(0.01099999827 -8.272977702e-10 -1.164271676e-09)
(0.01099999841 1.750201012e-09 -2.16548263e-09)
(0.01099999638 4.385497862e-09 -5.451226511e-09)
(0.01099999505 5.069924334e-09 -5.010094514e-09)
(0.01099998893 1.281682367e-08 -1.296269365e-08)
(0.0109999914 1.492821963e-08 -1.508957454e-08)
(0.01099995952 3.793120154e-08 -3.75300197e-08)
(0.0109999916 6.49832967e-08 -6.355298684e-08)
(0.01099983343 8.695000576e-08 -8.597020958e-08)
(0.01100008772 4.555300559e-07 -4.550209609e-07)
(0.01100000061 -7.974641283e-10 1.281868503e-09)
(0.01100000003 -1.117996382e-09 5.144661189e-10)
(0.01100000058 -1.071692158e-09 1.615698368e-09)
(0.01099999857 -4.139861366e-10 5.865605804e-10)
(0.01099999996 4.703009975e-10 1.201189793e-09)
(0.0109999985 1.912917058e-09 -6.703512468e-10)
(0.01100000001 9.267803389e-10 -2.110149793e-09)
(0.01099999853 3.254826676e-09 -5.641945595e-09)
(0.01100000235 5.220832177e-09 -5.806165868e-09)
(0.01099999865 1.04594213e-08 -1.076729613e-08)
(0.01100001053 1.712607345e-08 -1.520091075e-08)
(0.01099999867 3.463182594e-08 -2.485301337e-08)
(0.01100004883 6.966975856e-08 -4.726240317e-08)
(0.01099999855 7.973189631e-08 -4.312348098e-08)
(0.01100015501 3.093242685e-07 -1.841575968e-07)
(0.01100000041 -5.596945045e-11 2.040334044e-09)
(0.01100000003 -3.124562256e-10 2.008537689e-09)
(0.01100000002 5.591661799e-10 2.079343156e-10)
(0.01100000069 5.830378107e-10 -5.606840206e-12)
(0.01099999979 -7.784162982e-10 -2.859157024e-10)
(0.01100000108 -5.098910228e-10 -1.001859062e-09)
(0.01100000193 5.323643871e-11 -1.586959432e-09)
(0.01100000224 2.571788226e-09 -3.034970121e-09)
(0.0110000032 3.868116377e-09 -5.799024971e-09)
(0.01100000436 4.498700147e-09 -7.538528378e-09)
(0.01100001718 6.709357573e-09 -1.419982468e-08)
(0.01100001573 1.018474588e-08 -2.166068725e-08)
(0.01100006088 2.046352645e-08 -3.984309418e-08)
(0.01100005424 1.815482616e-08 -3.791723126e-08)
(0.0110001655 7.498474661e-08 -1.123468486e-07)
(0.01100000034 -7.7358587e-10 2.050134336e-09)
(0.01099999911 -1.611478318e-09 9.872377708e-10)
(0.01099999811 -7.651728132e-10 6.277168402e-10)
(0.01099999947 1.959433574e-09 2.888805124e-10)
(0.01099999945 -9.802492377e-10 -4.579348275e-11)
(0.01099999798 -2.812854628e-10 -1.83405883e-09)
(0.01100000161 -5.702397007e-11 -7.580328951e-10)
(0.01099999938 -3.908443898e-10 -5.580524995e-10)
(0.01100000361 -1.072826934e-09 -2.231790304e-09)
(0.01100000201 -4.238302596e-09 -6.875371187e-09)
(0.01100001259 -4.518803227e-09 -1.429276568e-08)
(0.01100000712 -9.770465109e-09 -2.484385395e-08)
(0.0110000533 -1.724018277e-08 -5.160093646e-08)
(0.01100002541 -1.503976121e-08 -6.07089775e-08)
(0.01100000085 -1.169803383e-09 1.541042327e-09)
(0.0110000006 -1.201054432e-09 9.317700331e-10)
(0.01100000004 -9.292029776e-10 4.830418736e-10)
(0.01099999857 -7.745935915e-10 1.123155328e-09)
(0.01099999817 -1.195847965e-09 -3.206840042e-10)
(0.01099999834 -2.656766483e-09 2.726704828e-10)
(0.01099999794 -1.521360559e-09 -1.143407244e-09)
(0.01099999803 -3.39494673e-09 -1.146530524e-09)
(0.01099999969 -6.356968445e-09 -3.845652506e-09)
(0.01099999716 -1.111496139e-08 -9.007117214e-09)
(0.0110000051 -1.447565316e-08 -1.632000907e-08)
(0.01099999271 -3.823161192e-08 -3.518249814e-08)
(0.01100003987 -6.967783821e-08 -7.206309149e-08)
(0.01099994932 -9.671507943e-08 -9.575665811e-08)
(0.01100000033 2.332693215e-09 4.786751731e-12)
(0.01099999887 -1.932646807e-10 1.636772234e-10)
(0.0109999992 -5.645749476e-10 -1.386713361e-10)
(0.01099999742 -9.937877761e-10 4.039779489e-10)
(0.01099999761 -7.164878463e-10 4.00172397e-10)
(0.01099999947 -1.579950828e-09 -9.889144031e-10)
(0.01099999668 -2.031969678e-09 -1.917689642e-09)
(0.01099999606 -4.657457688e-09 -2.454746196e-09)
(0.01099999281 -5.657170817e-09 -3.325541927e-09)
(0.01099998867 -1.434280552e-08 -1.209526017e-08)
(0.01099997848 -8.78404158e-09 -2.007323971e-08)
(0.01099995713 -4.307501019e-08 -5.859636692e-08)
(0.01099994583 -1.795774514e-08 -1.1918528e-07)
(0.01099972595 -9.387271761e-08 -2.297027459e-07)
(0.010999998 -1.557378435e-10 -2.693271114e-10)
(0.0109999991 -7.573932366e-10 -5.075700753e-10)
(0.01099999971 -2.274493853e-10 -2.014906045e-10)
(0.01100000015 -6.499285919e-10 -1.537647133e-09)
(0.01099999628 -1.194757365e-10 -6.734546654e-10)
(0.01099999532 -2.490792985e-10 -4.260943927e-10)
(0.01099999423 -9.435764167e-10 -1.011596743e-09)
(0.01099999479 -4.287930838e-09 -3.705155715e-09)
(0.01099998817 -2.840877915e-09 -5.17299843e-09)
(0.01099999419 -1.695124552e-08 -1.587019982e-08)
(0.01099996952 -1.527136639e-08 -1.690671112e-08)
(0.01100001061 -8.487921482e-08 -8.479000398e-08)
(0.0109998412 -9.36918105e-08 -9.648049064e-08)
(0.01099982966 -4.513792036e-07 -4.51168896e-07)
(0.01099882348 -2.246817504e-06 -2.248675806e-06)
(0.01100000191 -1.26504087e-09 -9.632610304e-10)
(0.01099999874 -4.969681981e-10 -1.06245954e-09)
(0.01099999995 -1.137688261e-09 -6.042259287e-11)
(0.0109999983 -8.748959846e-10 -1.136869522e-09)
(0.01099999737 -1.661960401e-10 -1.102467966e-09)
(0.01099999643 -1.131693579e-10 -1.074896356e-09)
(0.01099999211 -1.024789684e-09 -1.75389401e-09)
(0.01099999329 -1.175393176e-09 -3.540506767e-09)
(0.0109999765 -2.351011867e-09 -6.957717938e-09)
(0.01099997909 -8.741324788e-10 -2.344577485e-08)
(0.01099990296 -5.368163136e-10 -2.489456064e-08)
(0.01099991327 -1.794805258e-10 -1.709476081e-07)
(0.01099931015 2.708987853e-10 -2.588434102e-07)
(0.01099879785 -1.81077509e-09 -1.70277446e-06)
(0.01099481552 -9.897147833e-10 -1.075779209e-05)
(0.01099999972 -9.176424228e-10 -6.101108941e-10)
(0.01099999981 -9.255905601e-10 -1.363912494e-09)
(0.01099999943 -7.566782588e-10 -1.275468964e-09)
(0.0109999977 -8.489850135e-10 -5.715829271e-10)
(0.01100000103 -1.762749738e-09 -3.71381668e-10)
(0.01099999716 1.030583811e-09 -1.198010458e-09)
(0.0109999951 6.733587006e-10 -2.265911215e-09)
(0.01099999492 3.023586385e-09 -4.198875816e-09)
(0.01099998945 5.332413935e-09 -5.959547513e-09)
(0.01099999527 1.664575069e-08 -1.643293535e-08)
(0.01099996839 1.541396601e-08 -1.437644027e-08)
(0.0110000119 8.475266817e-08 -8.459874869e-08)
(0.01099984006 9.38769292e-08 -9.271394789e-08)
(0.01099983187 4.4921028e-07 -4.505662249e-07)
(0.01099882394 2.246572877e-06 -2.248115097e-06)
(0.01099999997 -1.872027294e-09 5.65141058e-11)
(0.01099999941 -2.047848189e-09 -6.54237225e-11)
(0.01100000142 -3.933458577e-11 -1.019428804e-09)
(0.01099999753 -1.148746055e-09 -2.237839242e-10)
(0.01099999861 -8.15171555e-10 8.198742026e-10)
(0.01099999843 9.972642065e-10 -9.466990795e-10)
(0.01099999807 1.351792277e-09 -2.268902144e-09)
(0.01099999586 5.053595836e-09 -3.870916418e-09)
(0.01099999202 5.63012299e-09 -6.04413695e-09)
(0.01099998965 1.489011013e-08 -1.259143868e-08)
(0.01099997906 8.095067658e-09 -2.027543422e-08)
(0.01099995744 4.178107206e-08 -5.749681205e-08)
(0.01099994498 1.708012361e-08 -1.153933584e-07)
(0.01099972445 9.580955273e-08 -2.304354205e-07)
(0.01099992562 6.685368391e-07 -1.068103916e-06)
(0.01099999979 -1.250362558e-09 5.322478545e-10)
(0.0110000017 -6.890411803e-11 -4.418364107e-10)
(0.01100000064 -8.939532157e-10 4.172607954e-10)
(0.01099999965 -1.036065293e-09 -6.642042126e-11)
(0.01100000268 -3.015370032e-10 -4.67636238e-10)
(0.01099999844 9.862064924e-10 -6.460848116e-10)
(0.01099999836 1.083114263e-09 -1.528182849e-09)
(0.01099999876 3.361801664e-09 -3.547599732e-09)
(0.01099999877 5.042347819e-09 -2.341675532e-09)
(0.01099999797 1.087227527e-08 -7.395972253e-09)
(0.01100000437 1.517116827e-08 -1.564531536e-08)
(0.01099999233 3.812639065e-08 -3.270697833e-08)
(0.01100003874 6.898416817e-08 -6.887440059e-08)
(0.01099995109 9.495972019e-08 -9.469320325e-08)
(0.01100014529 4.766955828e-07 -3.716926464e-07)
(0.01100000017 3.562612563e-12 1.625931928e-10)
(0.01100000007 -6.16607921e-10 7.275985805e-10)
(0.01099999904 -1.544110873e-10 7.918145738e-11)
(0.01100000132 1.11822247e-09 8.653191937e-10)
(0.01100000191 2.894938206e-10 9.422375993e-10)
(0.01099999865 3.789099538e-11 4.672315208e-10)
(0.01099999964 1.289047294e-09 -5.421021916e-10)
(0.0110000014 2.357333083e-09 -2.197688629e-09)
(0.01100000248 2.898499248e-09 -3.798707898e-09)
(0.01100000181 4.249714314e-09 -8.102690819e-09)
(0.01100001313 5.452902424e-09 -1.297420484e-08)
(0.0110000059 1.102343942e-08 -2.422273398e-08)
(0.01100005429 1.829069865e-08 -5.110498986e-08)
(0.01100002569 1.499999081e-08 -5.956990975e-08)
(0.01100016553 1.053446029e-07 -1.81437538e-07)
(0.01099999958 9.242735228e-10 1.123152701e-09)
(0.01099999906 -9.699936446e-10 2.524098752e-09)
(0.01099999759 -4.421285854e-10 2.402535372e-09)
(0.01100000037 -2.679693046e-10 3.241641139e-09)
(0.01099999729 -2.00814046e-09 5.014142309e-10)
(0.01099999816 1.290366021e-09 8.380077269e-10)
(0.01099999715 -1.369752795e-09 2.319571693e-09)
(0.01100000004 -2.500724999e-09 1.307607575e-09)
(0.01099999759 -3.617478049e-09 5.700029466e-10)
(0.01099999401 -6.703756388e-09 8.580200396e-10)
(0.01100000041 -8.020640955e-09 -6.959790536e-10)
(0.01099997553 -1.711459983e-08 -6.21452313e-10)
(0.01100001715 -3.849457104e-08 -9.269246294e-10)
(0.01099992425 -5.012590772e-08 -1.771954245e-09)
(0.01100000004 -1.844831057e-09 3.574743625e-09)
(0.01099999858 1.066711404e-10 1.241595815e-09)
(0.01099999835 -2.56481962e-10 1.856677559e-09)
(0.01099999702 -1.499689138e-09 -5.002573714e-10)
(0.01099999612 -1.205443509e-09 1.797653055e-09)
(0.01099999804 -1.118485267e-09 -3.817707597e-10)
(0.01099999546 -2.17455618e-09 1.178071966e-09)
(0.0109999969 -4.612783914e-09 -2.137615649e-10)
(0.01099999444 -6.831626572e-09 -4.200481878e-10)
(0.01099998756 -1.584386962e-08 9.401860779e-10)
(0.01099998327 -2.20197627e-08 1.043855274e-09)
(0.01099994505 -6.6612269e-08 -2.115219429e-11)
(0.01099996186 -1.344151258e-07 -1.206798045e-09)
(0.01099972902 -2.469333326e-07 -1.431145764e-09)
(0.01099999956 1.597911592e-10 1.753122914e-09)
(0.01099999684 -1.751564294e-09 5.416768758e-10)
(0.01099999913 -1.106459037e-09 1.175200893e-09)
(0.01099999818 -1.792845193e-09 7.703017195e-10)
(0.01099999896 -2.257257047e-09 1.143836214e-09)
(0.0109999976 -2.863197771e-09 1.198665744e-09)
(0.01099999502 -2.425709502e-09 -1.156050361e-09)
(0.01099999736 -5.702817994e-09 -3.501017583e-10)
(0.01099998207 -6.68097226e-09 5.695749401e-10)
(0.01099997469 -2.224738421e-08 5.088979705e-10)
(0.01099993976 -1.630176807e-08 1.448320325e-10)
(0.01099987143 -8.803907639e-08 6.95073558e-10)
(0.01099973446 -8.766921829e-08 8.051731391e-10)
(0.01099910423 -4.434053736e-07 -7.450856992e-10)
(0.01099999846 -1.929345392e-09 -8.276086506e-12)
(0.01099999727 5.872998071e-10 4.300975242e-10)
(0.01100000097 -1.175850545e-09 -1.140434042e-10)
(0.01099999955 -9.419193756e-10 9.290951107e-12)
(0.01099999607 3.511602143e-10 -8.744158041e-10)
(0.01099999752 3.631855683e-11 1.428837633e-09)
(0.01099999425 -1.3987198e-10 1.684996275e-10)
(0.0109999903 -4.850271818e-09 -2.244618252e-09)
(0.01099997692 -7.462016501e-09 -1.409296064e-09)
(0.01099997856 -2.515104329e-08 -5.576845977e-10)
(0.01099990358 -2.511060625e-08 -7.350738177e-10)
(0.01099991368 -1.720624516e-07 -4.354955836e-10)
(0.01099930988 -2.586974904e-07 4.28125857e-10)
(0.01099879651 -1.701106942e-06 -1.234339969e-09)
(0.01100000066 -1.804853137e-09 3.478947421e-11)
(0.01099999993 -8.739082563e-10 4.518450833e-12)
(0.01100000093 -4.299689168e-10 -2.065733789e-09)
(0.01099999757 -1.598656172e-09 -6.066430601e-11)
(0.01099999629 2.213379092e-10 -4.026621801e-10)
(0.01099999522 -1.113128742e-09 1.653603711e-09)
(0.01099999077 -2.939155342e-10 -1.99360625e-10)
(0.01099998729 -6.666876867e-10 2.337728536e-10)
(0.0109999623 7.206705919e-10 -1.955186084e-10)
(0.01099995294 7.408760154e-10 8.024252033e-10)
(0.01099977319 6.228505434e-10 -6.362560356e-10)
(0.01099968984 -4.560294886e-10 6.207452028e-10)
(0.01099752974 1.114094579e-09 2.995102461e-10)
(0.01099262953 -1.573127889e-09 5.258216948e-10)
(0.01096018344 6.853845172e-10 -1.815925931e-09)
(0.01100000143 1.276643473e-09 -2.964469882e-10)
(0.01099999988 1.155730033e-11 6.977661501e-10)
(0.01099999826 -1.113549482e-09 1.800960336e-09)
(0.01099999987 -7.257248475e-10 4.273705862e-11)
(0.01099999796 7.455848158e-10 -8.544471784e-11)
(0.01099999627 8.850145908e-10 5.235549219e-10)
(0.0109999926 1.652452017e-09 5.404976058e-11)
(0.01099999185 4.30491857e-09 -1.375236831e-10)
(0.01099997746 5.648145014e-09 -6.76546983e-10)
(0.01099997829 2.500209201e-08 -4.052782227e-10)
(0.01099990323 2.665403081e-08 4.393198075e-10)
(0.010999914 1.718858538e-07 3.803084138e-10)
(0.01099931085 2.602589013e-07 4.099929897e-10)
(0.01099879652 1.699334189e-06 1.780494265e-09)
(0.01099481364 1.075677911e-05 -5.6180205e-10)
(0.01099999765 -1.450642947e-09 6.746423458e-10)
(0.01099999682 -1.639233848e-09 1.545610562e-09)
(0.01100000084 -1.890281067e-09 1.995759654e-10)
(0.01099999863 4.534903165e-10 2.909927472e-10)
(0.01099999822 -1.312680226e-09 1.271398909e-09)
(0.01099999839 1.274543325e-09 -2.443059286e-10)
(0.01099999558 7.640842533e-10 9.407750204e-10)
(0.0109999938 5.891698789e-09 -7.789068138e-10)
(0.01099998322 8.611733074e-09 -2.543435406e-10)
(0.01099997666 2.227354837e-08 -1.768713539e-09)
(0.01099993848 1.588756751e-08 2.757848065e-10)
(0.01099987017 8.893969985e-08 -1.241135543e-09)
(0.01099973443 8.687879642e-08 7.827510917e-10)
(0.01099910382 4.427462243e-07 5.387932663e-10)
(0.01099948869 2.330884241e-06 -1.05312376e-09)
(0.01099999832 -3.112462778e-10 1.303167879e-09)
(0.01099999742 -6.98269117e-10 -1.972847707e-10)
(0.01099999969 -3.60703483e-10 -2.953511979e-11)
(0.01099999986 3.535771013e-10 1.394069556e-09)
(0.01100000069 6.083475342e-10 1.186768553e-09)
(0.01099999913 2.652763756e-09 1.494342051e-09)
(0.01099999478 2.827038258e-09 1.944467812e-09)
(0.0109999976 4.341255464e-09 3.033543867e-09)
(0.01099999681 4.793609663e-09 -1.287394333e-09)
(0.01099998794 1.512987363e-08 1.178978763e-10)
(0.01099998305 2.306010129e-08 1.232107453e-09)
(0.01099994431 6.568655079e-08 2.655509898e-10)
(0.01099995893 1.317117288e-07 1.518034249e-09)
(0.01099972824 2.483709321e-07 2.052807681e-10)
(0.01100010411 1.180538681e-06 -1.768339554e-09)
(0.01100000033 -6.213876901e-10 1.921576279e-09)
(0.01100000089 9.661558971e-10 6.365112061e-10)
(0.01099999894 1.390595916e-09 -2.561025534e-11)
(0.01100000011 5.228916096e-10 2.109617976e-10)
(0.01100000038 4.676187308e-10 7.163905997e-10)
(0.01099999907 3.649375152e-10 -7.469869029e-10)
(0.01099999983 1.834581997e-09 3.578384968e-10)
(0.01099999831 4.152673441e-09 2.497915734e-10)
(0.01099999888 1.982798443e-09 2.175049993e-11)
(0.01099999518 4.326775018e-09 4.197739429e-10)
(0.01100000119 7.66347896e-09 9.610199543e-10)
(0.01099997388 1.862125212e-08 -2.064673984e-10)
(0.0110000159 3.980315397e-08 9.826292225e-10)
(0.01099992429 5.415120094e-08 -7.367751113e-10)
(0.01100014806 2.5739246e-07 -2.247481527e-10)
(0.01099999942 5.441179549e-11 1.447141255e-09)
(0.01099999821 -3.353790785e-10 -2.529412783e-10)
(0.01100000085 -1.263437217e-09 8.980893816e-10)
(0.0109999997 -6.599090623e-10 -1.245698974e-10)
(0.01099999701 -7.808174935e-10 2.930330708e-10)
(0.01100000014 8.980332218e-11 1.310512139e-09)
(0.01100000094 -2.185902411e-09 2.488934828e-09)
(0.0109999978 -3.411006414e-09 1.970063808e-09)
(0.01100000242 -1.943173457e-09 3.260636693e-09)
(0.01100000283 -2.355725681e-09 6.626574929e-09)
(0.01100001517 -4.010734027e-09 1.318708041e-08)
(0.01100000745 -9.238016102e-09 2.489403357e-08)
(0.01100005632 -1.756722386e-08 4.94155447e-08)
(0.01100002274 -1.692881574e-08 5.890241341e-08)
(0.0109999997 -5.058981143e-10 2.365838507e-10)
(0.01099999757 -1.646338048e-09 1.304472247e-09)
(0.01100000008 -3.472610373e-10 1.507821755e-09)
(0.01099999644 -1.515671486e-09 7.801540883e-10)
(0.01099999869 -7.981982369e-10 1.494819132e-09)
(0.01099999821 -3.988048326e-10 3.468472755e-09)
(0.01099999749 -3.473537102e-09 4.008574631e-09)
(0.01099999897 -4.630028983e-09 2.968900518e-09)
(0.011000001 -5.677648863e-09 4.834208774e-09)
(0.01099999839 -1.170447484e-08 8.954890028e-09)
(0.01100000525 -1.46892444e-08 1.813336116e-08)
(0.01099999087 -3.801017901e-08 3.687368928e-08)
(0.01100003553 -6.95723885e-08 7.123981308e-08)
(0.01099995124 -9.310149049e-08 9.463501933e-08)
(0.01099999931 -2.176786447e-09 4.478861809e-10)
(0.01099999968 -1.873274975e-09 1.361893059e-09)
(0.01099999884 -4.899645569e-10 1.484340898e-09)
(0.01099999767 -1.659420007e-09 -2.899415812e-10)
(0.01099999922 -3.506598725e-09 2.264970548e-10)
(0.01099999706 -4.104564646e-09 2.110263213e-09)
(0.01099999582 -1.801770889e-09 3.477372685e-09)
(0.01099999888 -4.440982012e-09 2.40964603e-09)
(0.01099999221 -4.885555089e-09 4.727967449e-09)
(0.01099998998 -1.460983013e-08 1.281455852e-08)
(0.01099998142 -8.193361544e-09 2.015388202e-08)
(0.01099995809 -4.287081548e-08 5.879604532e-08)
(0.01099994261 -1.596223273e-08 1.174664892e-07)
(0.0109997268 -9.34555203e-08 2.289164743e-07)
(0.01100000015 -1.591398225e-10 7.433105359e-10)
(0.01099999959 1.1278573e-10 6.331788427e-10)
(0.01099999814 -2.925009678e-09 1.098021524e-09)
(0.01099999853 -1.29666873e-09 3.880419895e-10)
(0.01099999859 -5.049900358e-10 1.089061434e-09)
(0.01099999703 -5.609772177e-10 1.11499822e-09)
(0.01099999495 -1.662215604e-09 1.03179718e-09)
(0.01099999495 -3.669203764e-09 3.632759924e-09)
(0.01099998733 -5.394373124e-09 5.373330299e-09)
(0.01099999618 -1.619665177e-08 1.69421021e-08)
(0.01099996982 -1.648756805e-08 1.622667919e-08)
(0.01100001215 -8.421379983e-08 8.522654561e-08)
(0.01099983942 -9.407637429e-08 9.491767951e-08)
(0.01099983045 -4.500369697e-07 4.515513596e-07)
(0.01099999998 -1.460882005e-09 1.133740949e-09)
(0.01099999921 -2.595037454e-09 -4.637917357e-10)
(0.01100000005 -9.159870276e-10 1.28901447e-09)
(0.01099999856 -9.638198179e-10 8.917861003e-10)
(0.01099999643 -1.823338237e-11 1.488624015e-09)
(0.01099999771 6.326899087e-10 -1.917811742e-10)
(0.01099999284 -1.934633327e-09 8.832143227e-10)
(0.01099999212 -7.072563941e-10 5.639411243e-09)
(0.01099997644 -4.827972314e-10 6.262637882e-09)
(0.01099997894 2.176606154e-10 2.359017109e-08)
(0.01099990425 1.512174441e-09 2.708251259e-08)
(0.01099991373 -6.033128422e-10 1.708407587e-07)
(0.01099930747 2.978997062e-10 2.59004893e-07)
(0.01099879759 -1.003302239e-09 1.702687391e-06)
(0.01099999986 -1.694996592e-09 6.971244179e-10)
(0.01099999901 -7.898672946e-10 7.451121026e-10)
(0.0109999984 -7.226743033e-10 -3.855513084e-10)
(0.01100000056 -1.759300552e-09 -6.993684811e-10)
(0.011 -7.963258294e-10 -5.163221613e-11)
(0.01099999954 -1.135384926e-10 1.371398127e-09)
(0.01099999385 9.268024533e-10 3.014189426e-10)
(0.01099999478 3.320618745e-09 3.213474565e-09)
(0.01099998943 3.913096881e-09 3.541291195e-09)
(0.0109999957 1.567024298e-08 1.721361591e-08)
(0.0109999694 1.503910823e-08 1.526954349e-08)
(0.01100001144 8.390260941e-08 8.607244568e-08)
(0.01099983905 9.418844976e-08 9.4302249e-08)
(0.01099983096 4.500240295e-07 4.516763842e-07)
(0.01100000024 4.551364388e-11 2.01650685e-10)
(0.01099999827 -1.07664588e-09 -1.212107458e-09)
(0.01100000001 -1.983962024e-09 9.376333581e-10)
(0.01100000021 3.72879468e-10 -3.57241171e-11)
(0.01099999898 -7.903819036e-10 1.133059611e-09)
(0.01099999946 8.374449365e-11 1.178062906e-09)
(0.01099999767 3.122040592e-09 1.246044832e-09)
(0.01099999591 6.089505728e-09 3.874184174e-09)
(0.01099999224 6.334057341e-09 3.870176931e-09)
(0.01099998997 1.422447653e-08 1.334128264e-08)
(0.01099998026 8.613275457e-09 1.96307561e-08)
(0.01099995927 4.144407435e-08 6.068946662e-08)
(0.01099994458 1.749370554e-08 1.178155406e-07)
(0.01099972678 9.43178648e-08 2.313398603e-07)
(0.01099992585 6.681469521e-07 1.068813481e-06)
(0.01099999834 4.003219611e-11 2.215406972e-09)
(0.01099999863 5.66185916e-11 2.989720557e-10)
(0.01099999889 -5.293882863e-10 5.43377375e-10)
(0.01099999938 -1.158511287e-09 1.077412275e-09)
(0.0110000015 1.074936966e-09 -5.03118752e-10)
(0.01099999923 1.419931171e-09 1.097402523e-09)
(0.01099999968 1.923325856e-09 2.107422833e-09)
(0.01099999684 3.951964978e-09 2.787300322e-09)
(0.01100000115 5.980545943e-09 3.578608554e-09)
(0.01099999817 1.2132612e-08 7.44600077e-09)
(0.01100000439 1.511654936e-08 1.483716531e-08)
(0.01099999114 3.764087656e-08 3.383660587e-08)
(0.01100003798 6.694378989e-08 7.054049544e-08)
(0.01099995061 9.402543603e-08 9.570128536e-08)
(0.01100014398 4.775762415e-07 3.704586774e-07)
(0.01099999996 -1.856132495e-10 1.561440687e-09)
(0.01099999813 -1.123203959e-09 8.46946119e-10)
(0.0109999995 1.799896721e-10 1.226746417e-09)
(0.01100000081 -1.428772717e-11 9.363207797e-10)
(0.01099999859 7.206187199e-10 6.4232339e-10)
(0.01099999958 1.111151007e-10 2.306940327e-09)
(0.01100000239 1.458329786e-09 8.397049895e-10)
(0.01100000054 1.839191865e-09 2.500418517e-09)
(0.01100000235 2.888845762e-09 4.419986872e-09)
(0.01100000215 2.646671979e-09 6.217954113e-09)
(0.01100001331 4.473264235e-09 1.264804469e-08)
(0.0110000065 9.840351723e-09 2.428258361e-08)
(0.01100005674 1.838874189e-08 5.077870823e-08)
(0.01100002489 1.527341006e-08 6.032457549e-08)
(0.01100016456 1.044582853e-07 1.810652174e-07)
(0.01099999919 -8.640067512e-10 5.114932313e-10)
(0.01100000054 -1.784605687e-10 1.05208038e-09)
(0.01099999974 -1.59115297e-09 2.056515399e-09)
(0.01099999865 -1.820982186e-09 4.309621614e-10)
(0.01099999778 -1.258133949e-09 1.048147465e-09)
(0.01099999974 -7.787034339e-10 2.580512028e-09)
(0.01100000038 1.834364628e-09 1.526841118e-09)
(0.01100000082 5.032849117e-10 2.075296664e-09)
(0.01100000488 -2.204361062e-09 5.395736989e-09)
(0.01100000694 -3.914322789e-09 1.05107926e-08)
(0.01100001913 -4.75084975e-09 1.778823187e-08)
(0.0110000161 -9.814480955e-09 2.289168388e-08)
(0.01100006095 -2.049816718e-08 4.278644043e-08)
(0.01100005364 -1.842529371e-08 3.999791245e-08)
(0.01099999955 -1.453120737e-09 3.090692627e-10)
(0.01099999842 -1.477296777e-09 1.797214739e-09)
(0.01099999986 -6.259218357e-10 -1.243615313e-10)
(0.01099999664 -1.822850778e-09 -9.604399946e-10)
(0.01100000113 -1.690150921e-09 1.057139913e-09)
(0.01099999936 -2.827777172e-09 1.541557083e-09)
(0.01099999851 -1.745905038e-09 2.31759147e-09)
(0.01099999938 -3.286833565e-09 4.43126979e-09)
(0.01100000265 -5.906910818e-09 6.906397007e-09)
(0.01100000192 -1.011761436e-08 1.10620283e-08)
(0.01100001068 -1.752265865e-08 1.608984613e-08)
(0.01099999525 -3.299484609e-08 2.479356651e-08)
(0.01100004692 -7.02135006e-08 4.731446995e-08)
(0.01099999677 -7.859405598e-08 4.520282052e-08)
(0.01100000053 -1.22372829e-09 2.131768058e-11)
(0.01099999978 -1.248381884e-09 1.380189517e-09)
(0.01099999751 -1.976983236e-09 2.709540023e-10)
(0.01099999926 -2.187277288e-09 1.132387014e-09)
(0.01099999914 -1.692487526e-09 1.712843332e-09)
(0.01099999826 -3.148858289e-09 3.804053363e-10)
(0.01099999813 -3.597483859e-09 2.113074472e-09)
(0.01099999657 -3.894511335e-09 4.592519449e-09)
(0.01099999709 -6.152971198e-09 5.79908132e-09)
(0.01099999191 -1.410830134e-08 1.078142985e-08)
(0.0109999934 -1.86877315e-08 1.471998698e-08)
(0.01099996008 -4.017712909e-08 3.643970376e-08)
(0.01099999072 -6.344288603e-08 6.315819171e-08)
(0.0109998328 -8.666277313e-08 8.735683956e-08)
(0.01100000081 -1.062456947e-09 7.80506295e-10)
(0.01099999852 -1.430882491e-09 7.83264565e-10)
(0.0109999984 -1.671900218e-09 1.321727106e-09)
(0.0110000029 -2.118654294e-10 5.959916535e-10)
(0.01099999854 -1.079239097e-09 1.448790496e-10)
(0.01099999812 -2.075185518e-09 6.148920333e-10)
(0.01099999561 -2.426883209e-09 2.984039397e-09)
(0.01099999517 -5.336591256e-09 3.938127785e-09)
(0.01099999189 -5.860583671e-09 6.201343846e-09)
(0.01099999063 -1.483954753e-08 1.409211826e-08)
(0.01099998124 -2.066564174e-08 9.119517088e-09)
(0.01099995922 -5.892912144e-08 4.097800372e-08)
(0.01099994372 -1.163599086e-07 1.60511783e-08)
(0.01099972456 -2.298766174e-07 9.468849684e-08)
(0.01100000162 -1.649432228e-09 3.060647281e-10)
(0.01100000065 -9.499562606e-10 -1.047760554e-10)
(0.01099999872 -1.735324329e-09 1.04261268e-09)
(0.01099999791 -1.471578821e-09 -1.405114851e-10)
(0.01099999776 -1.061341611e-09 -1.537529289e-09)
(0.01099999807 -7.959392091e-10 2.244651591e-09)
(0.01099999587 -1.927635562e-09 2.422997913e-09)
(0.0109999935 -8.746715453e-10 3.21954082e-09)
(0.01099998322 -2.601869147e-10 7.619497736e-09)
(0.01099997765 6.36311394e-10 2.052907308e-08)
(0.01099994183 3.671912435e-10 1.551587549e-08)
(0.0109998704 -1.727066017e-10 8.922441288e-08)
(0.01099973443 1.395173175e-12 8.660381597e-08)
(0.0109991024 -1.351267283e-10 4.433662006e-07)
(0.01099999972 -1.709220483e-09 5.614813507e-11)
(0.01099999944 -1.194713473e-09 -2.869309714e-10)
(0.01099999918 9.703148368e-11 9.325121249e-10)
(0.01100000191 -7.872972582e-10 1.181783867e-09)
(0.0109999997 -2.593060131e-10 -6.760553156e-10)
(0.01099999834 1.63980575e-09 1.972735976e-09)
(0.01099999534 2.136260535e-09 8.461796242e-10)
(0.01099999592 3.506059919e-09 3.463113332e-09)
(0.01099999328 3.584378355e-09 6.679452048e-09)
(0.01099999078 1.212267461e-08 1.304432152e-08)
(0.01099998137 2.028514776e-08 9.211184697e-09)
(0.01099995667 5.926469786e-08 4.073285934e-08)
(0.01099994227 1.17611177e-07 1.666908664e-08)
(0.0109997262 2.299760299e-07 9.371312871e-08)
(0.01099999921 1.198108376e-09 3.282261364e-10)
(0.01100000122 1.302702894e-09 3.831130827e-10)
(0.01099999834 2.220249512e-09 1.323753492e-09)
(0.01099999904 1.197656317e-09 1.276528046e-09)
(0.01100000005 -3.46332629e-10 -2.053558343e-10)
(0.01099999836 5.606940718e-10 1.931200479e-09)
(0.01099999782 2.610614731e-09 1.372353206e-09)
(0.01099999654 5.507108898e-09 4.084536391e-09)
(0.01099999519 4.538928791e-09 7.075050681e-09)
(0.01099998969 1.228092851e-08 1.094415725e-08)
(0.01099999223 1.536400799e-08 1.564340572e-08)
(0.01099996082 3.711674307e-08 3.668841505e-08)
(0.01099998882 6.42528554e-08 6.301231891e-08)
(0.01099983241 8.681920308e-08 8.832053371e-08)
(0.01099999995 5.467369735e-10 7.402091981e-10)
(0.01099999934 6.019183958e-10 1.589250447e-09)
(0.01099999856 -1.911476826e-09 1.303610981e-09)
(0.01099999835 -1.056004617e-10 1.344090527e-09)
(0.01099999901 2.280353123e-10 5.947764704e-10)
(0.0110000002 1.149654806e-09 1.134280679e-09)
(0.01100000104 2.163430662e-09 1.726788344e-09)
(0.01099999983 2.114894256e-09 3.487301735e-09)
(0.01100000268 7.361555901e-09 5.711578928e-09)
(0.01099999997 1.089813467e-08 9.757450083e-09)
(0.01100001187 1.808004045e-08 1.378624242e-08)
(0.01099999946 3.269736306e-08 2.580160257e-08)
(0.0110000456 6.777977102e-08 4.413998262e-08)
(0.01099999789 7.854142595e-08 4.400050489e-08)
(0.01100015022 3.090338013e-07 1.869927013e-07)
(0.01099999982 1.024422711e-09 3.050763805e-09)
(0.01099999929 7.953591019e-10 3.436390506e-09)
(0.01099999918 4.386496075e-10 3.538592737e-09)
(0.01099999823 1.145152327e-09 3.429796371e-09)
(0.01100000155 2.425758321e-09 1.643208941e-09)
(0.0110000013 2.203584495e-09 9.540010945e-10)
(0.01100000046 4.865394888e-10 2.84219128e-09)
(0.01100000036 2.142535375e-09 2.586443978e-09)
(0.01100000579 2.833671715e-09 6.201735988e-09)
(0.01100000535 4.546587601e-09 8.593676296e-09)
(0.01100001657 6.505392455e-09 1.3908251e-08)
(0.011000014 9.552234567e-09 2.244571939e-08)
(0.01100006077 1.948365518e-08 3.983329942e-08)
(0.01100005592 1.656537374e-08 3.992495203e-08)
(0.01100016341 7.544008044e-08 1.14514765e-07)
(0.01100000137 -6.655299684e-10 9.720149659e-10)
(0.01099999735 -1.297086322e-09 4.690284394e-10)
(0.01099999939 1.990095041e-10 -6.44098809e-10)
(0.01099999785 7.541940741e-10 -6.709996269e-10)
(0.01100000067 -6.251228004e-11 2.698777068e-10)
(0.0109999999 4.588993798e-10 3.945867956e-10)
(0.01100000146 -9.183938629e-10 9.664847074e-10)
(0.01100000262 -1.739315438e-09 3.412474376e-09)
(0.01100000959 -2.378849242e-09 4.986400153e-09)
(0.01100001498 -3.166708965e-09 6.731860319e-09)
(0.01100003054 -5.26074781e-09 1.424159824e-08)
(0.01100003681 -7.22098049e-09 1.941365274e-08)
(0.01100007617 -1.2399828e-08 3.946651802e-08)
(0.01100009638 -8.739370122e-09 3.739393886e-08)
(0.0109999993 1.767272579e-11 8.617899208e-10)
(0.01099999639 1.117507394e-10 1.045821196e-09)
(0.01099999883 -2.046009033e-09 1.749552045e-10)
(0.01100000094 -6.461311047e-10 2.036735375e-09)
(0.01100000179 -1.458721435e-09 4.71100839e-10)
(0.01100000029 -2.567289406e-09 1.559132177e-09)
(0.01099999993 -2.439318857e-09 1.400690012e-09)
(0.01100000313 -4.291184856e-09 3.058559332e-09)
(0.01100000684 -3.417690064e-09 4.428952996e-09)
(0.01100000846 -8.93916543e-09 7.521359824e-09)
(0.01100002424 -1.627060554e-08 1.268717202e-08)
(0.01100002569 -2.564128211e-08 2.19397469e-08)
(0.01100007182 -4.839715864e-08 4.662019802e-08)
(0.01100007327 -4.770993552e-08 4.778650665e-08)
(0.01100000126 -2.598670915e-09 1.063407595e-10)
(0.01099999852 -3.566661772e-09 1.263738847e-09)
(0.0109999981 -8.735436553e-10 1.01581244e-09)
(0.01099999825 -1.836861858e-09 6.60021087e-10)
(0.0109999998 -3.291563437e-09 1.25568877e-09)
(0.01100000001 -2.975246719e-09 3.15162684e-09)
(0.01099999975 -2.715275262e-09 3.398554282e-09)
(0.01099999944 -4.850833982e-09 3.696088953e-09)
(0.01100000484 -7.733566179e-09 5.454800829e-09)
(0.01100000084 -9.228276914e-09 1.093646949e-08)
(0.01100001073 -1.506290201e-08 1.705390299e-08)
(0.01100000209 -2.633536746e-08 3.257456225e-08)
(0.01100004675 -4.871712456e-08 6.979492845e-08)
(0.01099999951 -4.28853783e-08 8.096256069e-08)
(0.01099999895 -3.022554714e-10 8.716127374e-11)
(0.01099999918 -1.576893086e-09 -4.547071215e-10)
(0.01099999622 -6.85857986e-10 6.437863423e-11)
(0.0109999972 -1.115501162e-09 2.329764709e-10)
(0.01099999983 -2.415649336e-09 1.195572397e-09)
(0.01099999845 -2.80810148e-09 2.641356209e-09)
(0.01099999702 -3.502010833e-09 8.511129068e-10)
(0.01099999878 -3.700966854e-09 4.393903265e-09)
(0.0110000005 -4.064289446e-09 4.917539228e-09)
(0.01099999873 -9.442737844e-09 1.295916466e-08)
(0.01100000617 -1.471749388e-08 1.583765133e-08)
(0.01099999418 -3.386132227e-08 3.824465716e-08)
(0.01100004047 -6.936120119e-08 6.825289372e-08)
(0.01099995226 -9.475016446e-08 9.316371354e-08)
(0.01100000225 -2.226500287e-09 5.725751828e-10)
(0.01100000068 -2.402080378e-09 6.43530998e-11)
(0.01099999731 -1.575391371e-09 2.174619015e-10)
(0.01099999921 -1.967525554e-09 5.038108901e-10)
(0.01099999787 -1.668285105e-10 1.3703542e-09)
(0.01099999986 -1.305457902e-10 8.192219462e-10)
(0.01099999805 -1.39431765e-09 1.307543367e-09)
(0.01099999646 2.145884966e-10 3.764649355e-09)
(0.01099999417 2.101527971e-10 6.150338737e-09)
(0.01099998887 -4.586726761e-10 1.5391527e-08)
(0.01099998465 -3.610969157e-10 2.176060127e-08)
(0.01099994692 2.543577911e-10 6.491387773e-08)
(0.01099996393 8.760074259e-10 1.309139022e-07)
(0.01099972524 -2.203893577e-09 2.44633097e-07)
(0.01099999977 -1.074228355e-09 1.207259433e-09)
(0.01099999918 -3.3220915e-10 -1.548072004e-09)
(0.01099999916 -1.441744443e-09 -1.842632039e-10)
(0.01099999837 -5.780672467e-10 1.704295669e-09)
(0.01100000204 4.133625602e-10 -6.218652323e-11)
(0.01100000019 1.666325806e-09 4.051609934e-10)
(0.01099999882 1.493920641e-09 1.672844667e-09)
(0.01099999834 3.046181795e-09 3.157968789e-09)
(0.01100000187 5.2061508e-09 6.434297704e-09)
(0.01099999786 7.016331322e-09 1.285860397e-08)
(0.01100000491 1.482923627e-08 1.367949916e-08)
(0.01099999205 3.192161371e-08 3.75386977e-08)
(0.01100003771 7.053186674e-08 6.711411964e-08)
(0.0109999523 9.583080152e-08 9.396933865e-08)
(0.01099999936 2.571911249e-09 8.411775131e-10)
(0.01100000011 1.335488456e-09 -9.23374462e-10)
(0.01099999908 -3.642767239e-10 2.208964526e-10)
(0.01099999852 1.381923048e-09 1.277181376e-09)
(0.01099999886 2.183594032e-10 2.349138272e-09)
(0.01099999915 1.980051855e-10 6.340157713e-10)
(0.01100000013 3.479194625e-09 1.537176108e-09)
(0.01100000042 4.493766421e-09 2.962397224e-09)
(0.0109999999 4.795635391e-09 5.829070982e-09)
(0.01100000105 9.466329428e-09 1.118661262e-08)
(0.01100000866 1.327022801e-08 1.648352629e-08)
(0.01100000034 2.589858076e-08 3.251703146e-08)
(0.0110000457 4.532730324e-08 6.753290349e-08)
(0.01099999913 4.332019847e-08 7.847695584e-08)
(0.01099999927 1.444561281e-09 1.487633619e-09)
(0.01099999815 1.840998495e-09 1.766753443e-09)
(0.01099999982 1.42545448e-09 1.966133209e-09)
(0.01099999734 1.195043997e-09 8.675418193e-10)
(0.01099999974 -7.673446114e-11 2.221270027e-09)
(0.01100000089 1.761398012e-09 2.305563593e-10)
(0.01100000236 2.17963092e-09 1.401441638e-09)
(0.01100000462 3.204186657e-09 2.956787961e-09)
(0.01100000699 4.336421813e-09 4.210509253e-09)
(0.01100000786 8.942758626e-09 9.40454276e-09)
(0.01100002306 1.404011439e-08 1.508950698e-08)
(0.01100002487 2.312502738e-08 2.134346619e-08)
(0.01100007149 4.794221852e-08 4.631017471e-08)
(0.0110000738 4.598783593e-08 4.454934769e-08)
(0.01099999953 2.811464336e-10 7.555192598e-10)
(0.01099999851 1.191772861e-09 -6.603557213e-10)
(0.01099999969 2.921275799e-10 7.704446321e-10)
(0.01100000001 1.898069454e-10 -2.444343286e-10)
(0.01100000049 1.703793113e-09 6.78795801e-10)
(0.01100000328 1.289290552e-09 3.277696393e-10)
(0.01100000293 4.206220426e-10 3.985340455e-10)
(0.01100000366 1.24851162e-09 2.586797056e-09)
(0.01100000802 3.141150198e-09 5.052907006e-09)
(0.01100001082 3.69839965e-09 7.80268715e-09)
(0.01100002698 5.551152107e-09 1.227582758e-08)
(0.01100003589 7.249074818e-09 1.873363685e-08)
(0.01100007756 1.273896223e-08 3.631199133e-08)
(0.01100009803 1.03239317e-08 3.715962769e-08)
(0.01100017833 3.649447157e-08 9.240863273e-08)
(0.01100000054 1.559301876e-12 -8.753031309e-10)
(0.0109999987 1.99543661e-09 2.077597052e-10)
(0.01099999696 1.830567188e-09 6.993478895e-10)
(0.01099999583 2.481597827e-11 -5.470094688e-10)
(0.0110000001 -1.16760922e-09 -1.940965755e-09)
(0.01100000227 5.417031706e-12 -7.378712438e-10)
(0.01100000458 -3.260284002e-09 6.484869118e-10)
(0.0110000058 -1.577064127e-09 -7.118515672e-10)
(0.01100001167 -1.774620466e-09 2.232830353e-09)
(0.01100001769 -6.305212762e-09 3.673908501e-09)
(0.0110000341 -6.487681302e-09 5.321486882e-09)
(0.01100004471 -7.405462603e-09 5.396284172e-09)
(0.01100008575 -1.059548173e-08 1.091069228e-08)
(0.01100011295 -8.572483665e-09 1.211057766e-08)
(0.01099999958 -1.065427293e-09 9.864444087e-10)
(0.01099999873 -1.050115111e-09 2.63060398e-10)
(0.01099999822 6.917606892e-10 7.264134217e-10)
(0.01099999819 -9.942128242e-10 5.131836554e-10)
(0.0110000014 -1.107891031e-09 -8.532146358e-10)
(0.01100000261 -1.121077973e-09 1.310427886e-10)
(0.01100000171 -2.198037801e-09 1.041444632e-09)
(0.01100000414 -3.465303359e-09 2.093271927e-09)
(0.01100001196 -4.26055918e-09 2.928207909e-09)
(0.01100000965 -8.391196991e-09 4.151600742e-09)
(0.0110000282 -1.576689668e-08 4.796025102e-09)
(0.01100003797 -2.079393287e-08 5.40895787e-09)
(0.01100007846 -3.821103768e-08 1.465306906e-08)
(0.01100009778 -3.88769759e-08 9.829067184e-09)
(0.01099999964 -2.622963503e-09 4.697535219e-10)
(0.01099999871 -3.526928971e-09 -1.417790748e-11)
(0.01099999927 -2.262053234e-09 -4.383712738e-10)
(0.0109999988 -2.473375762e-09 5.435796193e-10)
(0.01100000101 -1.530503596e-09 8.512280385e-10)
(0.01100000052 -3.503478201e-09 7.442521508e-10)
(0.01100000129 -3.203445884e-09 2.096938318e-10)
(0.01100000061 -4.947093582e-09 2.157339206e-09)
(0.01100000519 -7.024768318e-09 2.22934936e-09)
(0.01100000555 -9.497220644e-09 4.7675774e-09)
(0.01100001861 -1.463545423e-08 6.326836299e-09)
(0.01100001707 -2.257297807e-08 9.518909319e-09)
(0.01100006226 -4.1658172e-08 2.124595311e-08)
(0.01100005361 -3.949685199e-08 1.886742308e-08)
(0.01099999864 -4.152804198e-10 2.774636605e-10)
(0.01099999964 -2.211604655e-09 -6.11054381e-10)
(0.01099999745 -1.426410026e-09 1.599449073e-10)
(0.0109999989 -7.359450785e-10 7.241774232e-10)
(0.01099999995 -2.22027581e-09 6.305334353e-10)
(0.01100000062 -1.674736916e-09 -7.099292471e-10)
(0.01099999986 -2.648777095e-09 1.712870686e-09)
(0.0109999999 -4.006616385e-09 1.516156616e-09)
(0.01100000329 -4.608801727e-09 2.399644194e-09)
(0.01100000263 -7.724391029e-09 2.637382645e-09)
(0.01100001435 -1.438732948e-08 5.526387399e-09)
(0.0110000083 -2.599559742e-08 9.714478195e-09)
(0.01100005576 -5.358741639e-08 1.955696522e-08)
(0.01100002388 -6.124284703e-08 1.50613135e-08)
(0.01099999887 -7.78998071e-10 6.132627075e-10)
(0.01099999824 -1.963020284e-09 -6.249758203e-10)
(0.01099999911 -1.030029403e-09 -3.061984498e-10)
(0.01100000304 -6.833759346e-11 -1.019607067e-09)
(0.01100000123 -1.927228566e-09 1.013549789e-09)
(0.01099999897 -2.301177657e-09 2.065043841e-09)
(0.01099999848 -2.215164078e-09 7.269065341e-10)
(0.01099999943 -1.128331393e-09 1.265301632e-09)
(0.01099999907 1.207657247e-09 1.930768247e-09)
(0.01099999602 -1.027151512e-09 4.933536326e-09)
(0.01100000114 -6.537397082e-10 7.07248428e-09)
(0.01099997611 -3.633716433e-10 1.774912115e-08)
(0.01100001944 -4.268306835e-10 3.707417664e-08)
(0.0109999246 -1.004175895e-09 5.203195254e-08)
(0.01099999989 -8.59455191e-10 1.121519898e-10)
(0.01099999938 -3.48132964e-10 4.120811914e-10)
(0.0110000006 -3.319876612e-10 7.089732701e-11)
(0.01099999859 1.075911059e-09 8.465581028e-10)
(0.01099999954 -1.679366162e-10 1.570590994e-09)
(0.01099999999 -4.873205676e-10 -1.883341521e-09)
(0.0109999981 1.379027967e-09 9.618275741e-10)
(0.0110000027 2.163986421e-09 1.536460755e-09)
(0.01100000421 3.55454118e-09 3.143619634e-09)
(0.01100000244 6.980129541e-09 3.525474291e-09)
(0.01100001457 1.162006834e-08 5.38349811e-09)
(0.01100000484 2.35845278e-08 1.054216285e-08)
(0.01100005671 5.093784957e-08 1.776726833e-08)
(0.01100002475 6.007565402e-08 1.510652022e-08)
(0.01099999924 4.674239773e-10 9.30246888e-10)
(0.01099999953 2.246729485e-09 9.29783207e-10)
(0.01100000021 1.844725005e-10 -1.953479544e-10)
(0.0109999997 6.497399279e-10 1.74253789e-09)
(0.01099999715 1.389970869e-09 -5.859383786e-10)
(0.01099999936 2.344801111e-09 1.262217182e-09)
(0.01099999946 2.360285468e-09 8.090935576e-10)
(0.01100000269 4.982514021e-09 6.915564228e-10)
(0.01100000336 4.377670358e-09 3.011549805e-09)
(0.01100000446 9.0734193e-09 4.812618794e-09)
(0.01100001876 1.542532134e-08 4.526211598e-09)
(0.01100001452 2.32225089e-08 1.048136645e-08)
(0.0110000614 4.188849364e-08 2.010656807e-08)
(0.01100005711 3.832803132e-08 1.668136237e-08)
(0.01099999902 1.531626657e-09 4.996337349e-10)
(0.01099999902 8.557744931e-10 4.545456068e-10)
(0.01099999934 3.088168913e-10 5.824908679e-10)
(0.01099999981 -1.68572635e-09 1.92710159e-09)
(0.01099999887 -8.255572375e-11 6.483760155e-10)
(0.01100000143 1.675599473e-09 7.832706659e-10)
(0.01100000314 1.486369585e-09 -6.833295975e-10)
(0.01100000465 2.766099145e-09 3.214088576e-10)
(0.01100000712 4.87922649e-09 3.50887336e-09)
(0.01100001168 7.000096668e-09 4.018802699e-09)
(0.01100002732 1.278650315e-08 5.606001019e-09)
(0.01100003534 2.02384759e-08 7.866944261e-09)
(0.01100007775 3.837246253e-08 1.51342427e-08)
(0.0110000985 3.788797054e-08 1.092349819e-08)
(0.01099999888 5.537642588e-10 5.648839152e-10)
(0.01099999808 5.139096708e-10 -4.472918207e-10)
(0.0109999994 3.649223913e-10 -9.99382603e-10)
(0.01099999847 -6.559903311e-10 -9.013539917e-11)
(0.01099999976 7.298298845e-10 1.131625083e-09)
(0.01100000171 2.663526915e-10 4.38220037e-10)
(0.01100000414 -9.971315502e-11 -2.202119527e-10)
(0.01100000496 -1.228006978e-10 -1.106706284e-11)
(0.01100000895 2.38733992e-09 2.1153334e-09)
(0.01100001559 1.862204213e-09 2.716607458e-09)
(0.01100003151 3.363998322e-09 4.482537756e-09)
(0.01100004579 5.839127413e-09 6.437942018e-09)
(0.01100008422 1.170271808e-08 1.346787871e-08)
(0.01100011323 1.201712461e-08 1.068543888e-08)
)
;

boundaryField
{
    top
    {
        type            slip;
    }
    bottom
    {
        type            slip;
    }
    side-walls
    {
        type            slip;
    }
    inlet
    {
        type            fixedValue;
        value           uniform (0.011 0 0);
    }
    outlet
    {
        type            zeroGradient;
    }
    procBoundary0to1
    {
        type            processor;
        value           nonuniform List<vector> 
97
(
(0.01100027948 -1.13099858e-08 -1.062931616e-08)
(0.01100018207 -3.619100043e-08 -9.148553773e-08)
(0.01100028932 -5.50077048e-08 -1.415413906e-08)
(0.01100031768 -4.889556785e-08 -2.913942005e-08)
(0.01100033284 -7.070085671e-08 -1.38632726e-08)
(0.01100042452 -7.737782309e-11 -2.585998649e-08)
(0.01100033417 6.86968928e-08 -1.193066238e-08)
(0.01100031825 4.945445768e-08 -2.579183998e-08)
(0.0110002903 5.602392712e-08 -1.343786964e-08)
(0.01100027842 1.304491425e-08 -1.360448394e-08)
(0.01100018207 -3.619100043e-08 -9.148553773e-08)
(0.01100018207 -3.619100043e-08 -9.148553773e-08)
(0.01100030359 -6.986826546e-08 -7.172232817e-08)
(0.01100015209 -3.104549311e-07 -1.857020441e-07)
(0.01100033579 -4.722251492e-08 -1.264545102e-07)
(0.01100029332 -7.113609545e-08 -1.084522279e-07)
(0.0110004397 8.068772952e-10 -1.426594878e-07)
(0.01100029228 6.969230751e-08 -1.056870854e-07)
(0.0110003332 4.73005138e-08 -1.221522659e-07)
(0.01100030485 6.978105325e-08 -6.842159783e-08)
(0.0110002921 1.461325879e-08 -5.758395111e-08)
(0.01100016537 -7.448809352e-08 -1.116815006e-07)
(0.01100015209 -3.104549311e-07 -1.857020441e-07)
(0.01100015209 -3.104549311e-07 -1.857020441e-07)
(0.01100033352 -8.803660139e-08 -9.215360149e-08)
(0.01099992573 -6.694139796e-07 -1.070201947e-06)
(0.01100000918 -9.466453324e-08 5.138334598e-08)
(0.01100007125 1.435255362e-10 4.159335467e-07)
(0.01100001028 9.644218613e-08 4.996354476e-08)
(0.0110003353 9.014075497e-08 -9.024863983e-08)
(0.01100033205 1.236426904e-07 -4.925490287e-08)
(0.01100031593 2.563103547e-08 -4.818874444e-08)
(0.01100016757 -1.035240384e-07 -1.802511023e-07)
(0.01100014601 -4.783598307e-07 -3.708395007e-07)
(0.01099992573 -6.694139796e-07 -1.070201947e-06)
(0.01099992573 -6.694139796e-07 -1.070201947e-06)
(0.01099814988 4.345088737e-07 4.329179229e-07)
(0.01099481461 -1.07590178e-05 -2.488827837e-11)
(0.01099598369 5.559056814e-10 2.84204465e-06)
(0.01099815169 -4.342400912e-07 4.341660858e-07)
(0.01100000748 -5.327456632e-08 -9.714272177e-08)
(0.01100029367 1.061709486e-07 -7.27008528e-08)
(0.0110003319 1.331849131e-08 -6.839958076e-08)
(0.01100015213 -2.558862257e-07 -1.320018881e-09)
(0.0110001075 -1.17953555e-06 -1.246419652e-10)
(0.01099948773 -2.332063633e-06 -1.534151475e-10)
(0.01099481461 -1.07590178e-05 -2.488827837e-11)
(0.01099481461 -1.07590178e-05 -2.488827837e-11)
(0.01099000685 3.165033624e-10 -1.233727554e-09)
(0.01099481681 1.377204027e-10 1.075699538e-05)
(0.01099598125 -2.843554157e-06 -1.252110716e-09)
(0.01099882294 2.247428298e-06 2.249404077e-06)
(0.01100007086 -4.181704649e-07 -1.639261163e-09)
(0.01100043581 1.420129072e-07 1.158598371e-11)
(0.01100042222 2.382064772e-08 -1.209009471e-09)
(0.01100016763 -1.056384757e-07 1.797391939e-07)
(0.01100014858 -4.765872611e-07 3.69346268e-07)
(0.01099992602 -6.681324335e-07 1.067753688e-06)
(0.01099882411 -2.250321974e-06 2.248280021e-06)
(0.01099481681 1.377204027e-10 1.075699538e-05)
(0.01099882294 2.247428298e-06 2.249404077e-06)
(0.01099882294 2.247428298e-06 2.249404077e-06)
(0.0110000094 -5.275859741e-08 9.617486123e-08)
(0.01100008071 4.53101515e-07 4.568803122e-07)
(0.01100029157 1.060224392e-07 7.270152273e-08)
(0.01100033325 1.183520602e-08 7.045820109e-08)
(0.01100016668 -7.527603246e-08 1.128104925e-07)
(0.01100015473 -3.084669085e-07 1.861056075e-07)
(0.01100008477 -4.545954891e-07 4.559087916e-07)
(0.01099992708 -1.069540165e-06 6.704532811e-07)
(0.01099949168 -5.752847347e-11 2.33286524e-06)
(0.01099992366 1.067928925e-06 6.695672943e-07)
(0.01100008071 4.53101515e-07 4.568803122e-07)
(0.01100008071 4.53101515e-07 4.568803122e-07)
(0.01100033047 1.247674732e-07 4.929145395e-08)
(0.01100017552 1.436879871e-07 1.441183996e-07)
(0.01100031377 2.538329825e-08 5.020849083e-08)
(0.01100017832 -3.507259697e-08 9.252399464e-08)
(0.0110001752 -1.440191349e-07 1.439665962e-07)
(0.01100015431 -1.852812717e-07 3.084603006e-07)
(0.01100014724 -3.697997968e-07 4.77515441e-07)
(0.01100011134 -7.667861159e-10 1.180503897e-06)
(0.0110001484 3.682732383e-07 4.787014785e-07)
(0.01100015195 1.855750296e-07 3.086892141e-07)
(0.01100017552 1.436879871e-07 1.441183996e-07)
(0.01100017552 1.436879871e-07 1.441183996e-07)
(0.01100029033 1.550631173e-08 5.541262488e-08)
(0.01100018294 2.617442026e-08 2.658277119e-08)
(0.01100018177 -2.516154524e-08 2.35686434e-08)
(0.01100017708 -9.204747126e-08 3.677435741e-08)
(0.01100016759 -1.129720001e-07 7.559175257e-08)
(0.01100016928 -1.81785451e-07 1.030915449e-07)
(0.01100015409 2.50674844e-10 2.559150252e-07)
(0.01100016695 1.790461006e-07 1.036751022e-07)
(0.01100016482 1.135896496e-07 7.530025889e-08)
(0.01100018134 9.148133219e-08 3.688460527e-08)
(0.01100018294 2.617442026e-08 2.658277119e-08)
)
;
    }
}


// ************************************************************************* //
