/*--------------------------------*- C++ -*----------------------------------*\
| =========                 |                                                 |
| \\      /  F ield         | OpenFOAM: The Open Source CFD Toolbox           |
|  \\    /   O peration     | Version:  4.x                                   |
|   \\  /    A nd           | Web:      www.OpenFOAM.org                      |
|    \\/     M anipulation  |                                                 |
\*---------------------------------------------------------------------------*/
FoamFile
{
    version     2.0;
    format      ascii;
    class       volScalarField;
    location    "5000";
    object      X_N2;
}
// * * * * * * * * * * * * * * * * * * * * * * * * * * * * * * * * * * * * * //

dimensions      [0 0 0 0 0 0 0];

internalField   nonuniform List<scalar> 
1175
(
0.6000676084
0.6000676084
0.6000676084
0.6000676084
0.6000676084
0.6000676084
0.6000676084
0.6000676084
0.6000676084
0.6000676084
0.6000676084
0.6000676084
0.6000676084
0.6000676084
0.6000676083
0.6000676084
0.6000676084
0.6000676084
0.6000676084
0.6000676084
0.6000676084
0.6000676084
0.6000676084
0.6000676084
0.6000676084
0.6000676084
0.6000676084
0.6000676084
0.6000676084
0.6000676083
0.6000676084
0.6000676084
0.6000676084
0.6000676084
0.6000676084
0.6000676084
0.6000676084
0.6000676084
0.6000676084
0.6000676084
0.6000676084
0.6000676084
0.6000676084
0.6000676084
0.6000676082
0.6000676084
0.6000676084
0.6000676084
0.6000676084
0.6000676084
0.6000676084
0.6000676084
0.6000676084
0.6000676084
0.6000676084
0.6000676084
0.6000676084
0.6000676084
0.6000676084
0.6000676081
0.6000676084
0.6000676084
0.6000676084
0.6000676084
0.6000676084
0.6000676084
0.6000676084
0.6000676084
0.6000676084
0.6000676084
0.6000676084
0.6000676084
0.6000676084
0.6000676084
0.6000676081
0.6000676084
0.6000676084
0.6000676084
0.6000676084
0.6000676084
0.6000676084
0.6000676084
0.6000676084
0.6000676084
0.6000676084
0.6000676084
0.6000676084
0.6000676084
0.6000676084
0.6000676081
0.6000676084
0.6000676084
0.6000676084
0.6000676084
0.6000676084
0.6000676084
0.6000676084
0.6000676084
0.6000676084
0.6000676084
0.6000676084
0.6000676084
0.6000676084
0.6000676084
0.6000676082
0.6000676084
0.6000676084
0.6000676084
0.6000676084
0.6000676084
0.6000676084
0.6000676084
0.6000676084
0.6000676084
0.6000676084
0.6000676084
0.6000676084
0.6000676084
0.6000676084
0.6000676083
0.6000676084
0.6000676084
0.6000676084
0.6000676084
0.6000676084
0.6000676084
0.6000676084
0.6000676084
0.6000676084
0.6000676084
0.6000676084
0.6000676084
0.6000676084
0.6000676084
0.6000676083
0.6000676084
0.6000676084
0.6000676084
0.6000676084
0.6000676084
0.6000676084
0.6000676084
0.6000676084
0.6000676084
0.6000676084
0.6000676084
0.6000676084
0.6000676084
0.6000676084
0.6000676084
0.6000676084
0.6000676084
0.6000676084
0.6000676084
0.6000676084
0.6000676084
0.6000676084
0.6000676084
0.6000676084
0.6000676084
0.6000676084
0.6000676084
0.6000676083
0.6000676081
0.6000676084
0.6000676084
0.6000676084
0.6000676084
0.6000676084
0.6000676084
0.6000676084
0.6000676084
0.6000676084
0.6000676084
0.6000676084
0.6000676084
0.6000676084
0.6000676083
0.600067608
0.6000676084
0.6000676084
0.6000676084
0.6000676084
0.6000676084
0.6000676084
0.6000676084
0.6000676084
0.6000676084
0.6000676084
0.6000676084
0.6000676084
0.6000676084
0.6000676083
0.6000676079
0.6000676084
0.6000676084
0.6000676084
0.6000676084
0.6000676084
0.6000676084
0.6000676084
0.6000676084
0.6000676084
0.6000676084
0.6000676084
0.6000676085
0.6000676085
0.6000676085
0.6000676082
0.6000676084
0.6000676084
0.6000676084
0.6000676084
0.6000676084
0.6000676084
0.6000676084
0.6000676084
0.6000676084
0.6000676084
0.6000676084
0.6000676084
0.6000676084
0.6000676084
0.600067608
0.6000676084
0.6000676084
0.6000676084
0.6000676084
0.6000676084
0.6000676084
0.6000676084
0.6000676084
0.6000676084
0.6000676084
0.6000676084
0.6000676084
0.6000676084
0.6000676083
0.6000676081
0.6000676084
0.6000676084
0.6000676084
0.6000676084
0.6000676084
0.6000676084
0.6000676084
0.6000676084
0.6000676084
0.6000676084
0.6000676084
0.6000676084
0.6000676084
0.6000676084
0.6000676082
0.6000676084
0.6000676084
0.6000676084
0.6000676084
0.6000676084
0.6000676084
0.6000676084
0.6000676084
0.6000676084
0.6000676084
0.6000676084
0.6000676084
0.6000676084
0.6000676084
0.6000676083
0.6000676084
0.6000676084
0.6000676084
0.6000676084
0.6000676084
0.6000676084
0.6000676084
0.6000676084
0.6000676084
0.6000676084
0.6000676084
0.6000676084
0.6000676084
0.6000676083
0.6000676084
0.6000676084
0.6000676084
0.6000676084
0.6000676084
0.6000676084
0.6000676084
0.6000676084
0.6000676084
0.6000676084
0.6000676084
0.6000676084
0.6000676084
0.6000676082
0.6000676084
0.6000676084
0.6000676084
0.6000676084
0.6000676084
0.6000676084
0.6000676084
0.6000676084
0.6000676084
0.6000676084
0.6000676084
0.6000676084
0.6000676084
0.6000676082
0.6000676074
0.6000676084
0.6000676084
0.6000676084
0.6000676084
0.6000676084
0.6000676084
0.6000676084
0.6000676084
0.6000676084
0.6000676084
0.6000676085
0.6000676085
0.6000676085
0.6000676085
0.6000676079
0.6000676084
0.6000676084
0.6000676084
0.6000676084
0.6000676084
0.6000676084
0.6000676084
0.6000676084
0.6000676084
0.6000676085
0.6000676085
0.6000676085
0.6000676087
0.6000676095
0.6000676105
0.6000676084
0.6000676084
0.6000676084
0.6000676084
0.6000676084
0.6000676084
0.6000676084
0.6000676084
0.6000676084
0.6000676084
0.6000676085
0.6000676085
0.6000676085
0.6000676087
0.6000676084
0.6000676084
0.6000676084
0.6000676084
0.6000676084
0.6000676084
0.6000676084
0.6000676084
0.6000676084
0.6000676084
0.6000676084
0.6000676084
0.6000676084
0.6000676084
0.6000676084
0.6000676079
0.6000676084
0.6000676084
0.6000676084
0.6000676084
0.6000676084
0.6000676084
0.6000676084
0.6000676084
0.6000676084
0.6000676084
0.6000676084
0.6000676084
0.6000676084
0.6000676083
0.6000676081
0.6000676084
0.6000676084
0.6000676084
0.6000676084
0.6000676084
0.6000676084
0.6000676084
0.6000676084
0.6000676084
0.6000676084
0.6000676084
0.6000676084
0.6000676084
0.6000676084
0.6000676082
0.6000676084
0.6000676084
0.6000676084
0.6000676084
0.6000676084
0.6000676084
0.6000676084
0.6000676084
0.6000676084
0.6000676084
0.6000676084
0.6000676084
0.6000676084
0.6000676083
0.6000676084
0.6000676084
0.6000676084
0.6000676084
0.6000676084
0.6000676084
0.6000676084
0.6000676084
0.6000676084
0.6000676084
0.6000676084
0.6000676084
0.6000676084
0.6000676081
0.6000676084
0.6000676084
0.6000676084
0.6000676084
0.6000676084
0.6000676084
0.6000676084
0.6000676084
0.6000676084
0.6000676084
0.6000676084
0.6000676084
0.6000676084
0.600067608
0.6000676084
0.6000676084
0.6000676084
0.6000676084
0.6000676084
0.6000676084
0.6000676084
0.6000676084
0.6000676084
0.6000676085
0.6000676085
0.6000676085
0.6000676088
0.6000676095
0.6000676091
0.6000676084
0.6000676084
0.6000676084
0.6000676084
0.6000676084
0.6000676084
0.6000676084
0.6000676084
0.6000676084
0.6000676085
0.6000676085
0.6000676087
0.6000676099
0.6000676155
0.6000676347
0.6000676084
0.6000676084
0.6000676084
0.6000676084
0.6000676084
0.6000676084
0.6000676084
0.6000676084
0.6000676084
0.6000676085
0.6000676085
0.6000676085
0.6000676089
0.6000676103
0.6000676127
0.6000676084
0.6000676084
0.6000676084
0.6000676084
0.6000676084
0.6000676084
0.6000676084
0.6000676084
0.6000676084
0.6000676084
0.6000676084
0.6000676085
0.6000676085
0.6000676086
0.6000676083
0.6000676084
0.6000676084
0.6000676084
0.6000676084
0.6000676084
0.6000676084
0.6000676084
0.6000676084
0.6000676084
0.6000676084
0.6000676084
0.6000676084
0.6000676084
0.6000676083
0.600067608
0.6000676084
0.6000676084
0.6000676084
0.6000676084
0.6000676084
0.6000676084
0.6000676084
0.6000676084
0.6000676084
0.6000676084
0.6000676084
0.6000676084
0.6000676084
0.6000676083
0.6000676081
0.6000676084
0.6000676084
0.6000676084
0.6000676084
0.6000676084
0.6000676084
0.6000676084
0.6000676084
0.6000676084
0.6000676084
0.6000676084
0.6000676084
0.6000676084
0.6000676082
0.6000676084
0.6000676084
0.6000676084
0.6000676084
0.6000676084
0.6000676084
0.6000676084
0.6000676084
0.6000676084
0.6000676084
0.6000676084
0.6000676084
0.6000676084
0.6000676081
0.6000676084
0.6000676084
0.6000676084
0.6000676084
0.6000676084
0.6000676084
0.6000676084
0.6000676084
0.6000676084
0.6000676084
0.6000676084
0.6000676084
0.6000676084
0.600067608
0.6000676084
0.6000676084
0.6000676084
0.6000676084
0.6000676084
0.6000676084
0.6000676084
0.6000676084
0.6000676084
0.6000676085
0.6000676085
0.6000676086
0.6000676092
0.6000676111
0.6000676084
0.6000676084
0.6000676084
0.6000676084
0.6000676084
0.6000676084
0.6000676084
0.6000676084
0.6000676084
0.6000676085
0.6000676085
0.600067609
0.6000676127
0.60006764
0.6000678521
0.6000676084
0.6000676084
0.6000676084
0.6000676084
0.6000676084
0.6000676084
0.6000676084
0.6000676084
0.6000676084
0.6000676085
0.6000676085
0.6000676086
0.6000676096
0.6000676146
0.6000676339
0.6000676084
0.6000676084
0.6000676084
0.6000676084
0.6000676084
0.6000676084
0.6000676084
0.6000676084
0.6000676084
0.6000676084
0.6000676085
0.6000676085
0.6000676086
0.6000676092
0.6000676104
0.6000676084
0.6000676084
0.6000676084
0.6000676084
0.6000676084
0.6000676084
0.6000676084
0.6000676084
0.6000676084
0.6000676084
0.6000676084
0.6000676084
0.6000676084
0.6000676084
0.6000676081
0.6000676084
0.6000676084
0.6000676084
0.6000676084
0.6000676084
0.6000676084
0.6000676084
0.6000676084
0.6000676084
0.6000676084
0.6000676084
0.6000676084
0.6000676084
0.6000676083
0.6000676081
0.6000676084
0.6000676084
0.6000676084
0.6000676084
0.6000676084
0.6000676084
0.6000676084
0.6000676084
0.6000676084
0.6000676084
0.6000676084
0.6000676084
0.6000676084
0.6000676082
0.6000676084
0.6000676084
0.6000676084
0.6000676084
0.6000676084
0.6000676084
0.6000676084
0.6000676084
0.6000676084
0.6000676084
0.6000676084
0.6000676084
0.6000676083
0.6000676081
0.6000676084
0.6000676084
0.6000676084
0.6000676084
0.6000676084
0.6000676084
0.6000676084
0.6000676084
0.6000676084
0.6000676084
0.6000676084
0.6000676084
0.6000676083
0.6000676078
0.6000676084
0.6000676084
0.6000676084
0.6000676084
0.6000676084
0.6000676084
0.6000676084
0.6000676084
0.6000676084
0.6000676084
0.6000676084
0.6000676084
0.6000676084
0.6000676079
0.6000676084
0.6000676084
0.6000676084
0.6000676084
0.6000676084
0.6000676084
0.6000676084
0.6000676084
0.6000676084
0.6000676084
0.6000676085
0.6000676086
0.600067609
0.6000676104
0.6000676084
0.6000676084
0.6000676084
0.6000676084
0.6000676084
0.6000676084
0.6000676084
0.6000676084
0.6000676084
0.6000676084
0.6000676084
0.6000676085
0.6000676085
0.6000676084
0.6000676084
0.6000676084
0.6000676084
0.6000676084
0.6000676084
0.6000676084
0.6000676084
0.6000676084
0.6000676084
0.6000676084
0.6000676084
0.6000676084
0.6000676084
0.6000676082
0.6000676071
0.6000676084
0.6000676084
0.6000676084
0.6000676084
0.6000676084
0.6000676084
0.6000676084
0.6000676084
0.6000676084
0.6000676084
0.6000676084
0.6000676084
0.6000676084
0.6000676083
0.6000676078
0.6000676084
0.6000676084
0.6000676084
0.6000676084
0.6000676084
0.6000676084
0.6000676084
0.6000676084
0.6000676084
0.6000676084
0.6000676084
0.6000676084
0.6000676084
0.6000676083
0.6000676081
0.6000676084
0.6000676084
0.6000676084
0.6000676084
0.6000676084
0.6000676084
0.6000676084
0.6000676084
0.6000676084
0.6000676084
0.6000676084
0.6000676084
0.6000676084
0.6000676083
0.6000676084
0.6000676084
0.6000676084
0.6000676084
0.6000676084
0.6000676084
0.6000676084
0.6000676084
0.6000676084
0.6000676084
0.6000676084
0.6000676084
0.6000676084
0.6000676082
0.6000676084
0.6000676084
0.6000676084
0.6000676084
0.6000676084
0.6000676084
0.6000676084
0.6000676084
0.6000676084
0.6000676084
0.6000676084
0.6000676084
0.6000676083
0.600067608
0.6000676084
0.6000676084
0.6000676084
0.6000676084
0.6000676084
0.6000676084
0.6000676084
0.6000676084
0.6000676084
0.6000676084
0.6000676084
0.6000676084
0.6000676083
0.6000676078
0.6000676084
0.6000676084
0.6000676084
0.6000676084
0.6000676084
0.6000676084
0.6000676084
0.6000676084
0.6000676084
0.6000676084
0.6000676084
0.6000676084
0.6000676083
0.6000676079
0.6000676084
0.6000676084
0.6000676084
0.6000676084
0.6000676084
0.6000676084
0.6000676084
0.6000676084
0.6000676084
0.6000676084
0.6000676084
0.6000676084
0.6000676083
0.6000676079
0.6000676084
0.6000676084
0.6000676084
0.6000676084
0.6000676084
0.6000676084
0.6000676084
0.6000676084
0.6000676084
0.6000676084
0.6000676084
0.6000676084
0.6000676083
0.600067608
0.6000676084
0.6000676084
0.6000676084
0.6000676084
0.6000676084
0.6000676084
0.6000676084
0.6000676084
0.6000676084
0.6000676084
0.6000676084
0.6000676084
0.6000676084
0.6000676083
0.6000676079
0.6000676084
0.6000676084
0.6000676084
0.6000676084
0.6000676084
0.6000676084
0.6000676084
0.6000676084
0.6000676084
0.6000676084
0.6000676084
0.6000676084
0.6000676084
0.6000676083
0.6000676082
0.6000676084
0.6000676084
0.6000676084
0.6000676084
0.6000676084
0.6000676084
0.6000676084
0.6000676084
0.6000676084
0.6000676084
0.6000676084
0.6000676084
0.6000676084
0.6000676084
0.6000676084
0.6000676084
0.6000676084
0.6000676084
0.6000676084
0.6000676084
0.6000676084
0.6000676084
0.6000676084
0.6000676084
0.6000676084
0.6000676084
0.6000676084
0.6000676083
0.6000676084
0.6000676084
0.6000676084
0.6000676084
0.6000676084
0.6000676084
0.6000676084
0.6000676084
0.6000676084
0.6000676084
0.6000676084
0.6000676084
0.6000676084
0.6000676082
0.6000676084
0.6000676084
0.6000676084
0.6000676084
0.6000676084
0.6000676084
0.6000676084
0.6000676084
0.6000676084
0.6000676084
0.6000676084
0.6000676084
0.6000676083
0.6000676081
0.6000676084
0.6000676084
0.6000676084
0.6000676084
0.6000676084
0.6000676084
0.6000676084
0.6000676084
0.6000676084
0.6000676084
0.6000676084
0.6000676084
0.6000676083
0.600067608
0.6000676084
0.6000676084
0.6000676084
0.6000676084
0.6000676084
0.6000676084
0.6000676084
0.6000676084
0.6000676084
0.6000676084
0.6000676084
0.6000676084
0.6000676083
0.6000676081
0.6000676084
0.6000676084
0.6000676084
0.6000676084
0.6000676084
0.6000676084
0.6000676084
0.6000676084
0.6000676084
0.6000676084
0.6000676084
0.6000676084
0.6000676084
0.6000676082
0.6000676084
0.6000676084
0.6000676084
0.6000676084
0.6000676084
0.6000676084
0.6000676084
0.6000676084
0.6000676084
0.6000676084
0.6000676084
0.6000676084
0.6000676084
0.6000676083
0.6000676084
0.6000676084
0.6000676084
0.6000676084
0.6000676084
0.6000676084
0.6000676084
0.6000676084
0.6000676084
0.6000676084
0.6000676084
0.6000676084
0.6000676084
0.6000676084
0.6000676082
0.6000676084
0.6000676084
0.6000676084
0.6000676084
0.6000676084
0.6000676084
0.6000676084
0.6000676084
0.6000676084
0.6000676084
0.6000676084
0.6000676084
0.6000676084
0.6000676084
0.6000676084
0.6000676084
0.6000676084
0.6000676084
0.6000676084
0.6000676084
0.6000676084
0.6000676084
0.6000676084
0.6000676084
0.6000676084
0.6000676084
0.6000676084
0.6000676084
0.6000676084
0.6000676084
0.6000676084
0.6000676084
0.6000676084
0.6000676084
0.6000676084
0.6000676084
0.6000676084
0.6000676084
0.6000676084
0.6000676084
0.6000676084
0.6000676083
0.6000676084
0.6000676084
0.6000676084
0.6000676084
0.6000676084
0.6000676084
0.6000676084
0.6000676084
0.6000676084
0.6000676084
0.6000676084
0.6000676084
0.6000676084
0.6000676082
0.6000676084
0.6000676084
0.6000676084
0.6000676084
0.6000676084
0.6000676084
0.6000676084
0.6000676084
0.6000676084
0.6000676084
0.6000676084
0.6000676084
0.6000676084
0.6000676082
0.6000676084
0.6000676084
0.6000676084
0.6000676084
0.6000676084
0.6000676084
0.6000676084
0.6000676084
0.6000676084
0.6000676084
0.6000676084
0.6000676084
0.6000676084
0.6000676082
0.6000676084
0.6000676084
0.6000676084
0.6000676084
0.6000676084
0.6000676084
0.6000676084
0.6000676084
0.6000676084
0.6000676084
0.6000676084
0.6000676084
0.6000676084
0.6000676083
0.6000676084
0.6000676084
0.6000676084
0.6000676084
0.6000676084
0.6000676084
0.6000676084
0.6000676084
0.6000676084
0.6000676084
0.6000676084
0.6000676084
0.6000676084
0.6000676084
0.6000676084
0.6000676084
0.6000676084
0.6000676084
0.6000676084
0.6000676084
0.6000676084
0.6000676084
0.6000676084
0.6000676084
0.6000676084
0.6000676084
0.6000676084
0.6000676084
)
;

boundaryField
{
    top
    {
        type            calculated;
        value           nonuniform List<scalar> 
134
(
0.6000676084
0.6000676084
0.6000676084
0.6000676084
0.6000676084
0.6000676084
0.6000676084
0.6000676084
0.6000676084
0.6000676084
0.6000676084
0.6000676084
0.6000676084
0.6000676084
0.6000676084
0.6000676084
0.6000676084
0.6000676084
0.6000676084
0.6000676084
0.6000676084
0.6000676084
0.6000676084
0.6000676084
0.6000676084
0.6000676084
0.6000676084
0.6000676084
0.6000676084
0.6000676084
0.6000676084
0.6000676084
0.6000676084
0.6000676084
0.6000676084
0.6000676084
0.6000676084
0.6000676084
0.6000676084
0.6000676084
0.6000676084
0.6000676084
0.6000676084
0.6000676084
0.6000676084
0.6000676084
0.6000676084
0.6000676084
0.6000676084
0.6000676084
0.6000676084
0.6000676084
0.6000676084
0.6000676084
0.6000676084
0.6000676084
0.6000676084
0.6000676084
0.6000676084
0.6000676084
0.6000676084
0.6000676084
0.6000676084
0.6000676084
0.6000676084
0.6000676084
0.6000676084
0.6000676084
0.6000676084
0.6000676084
0.6000676084
0.6000676084
0.6000676084
0.6000676084
0.6000676084
0.6000676084
0.6000676084
0.6000676084
0.6000676084
0.6000676084
0.6000676084
0.6000676084
0.6000676084
0.6000676084
0.6000676084
0.6000676084
0.6000676084
0.6000676084
0.6000676084
0.6000676084
0.6000676084
0.6000676084
0.6000676084
0.6000676084
0.6000676084
0.6000676084
0.6000676084
0.6000676084
0.6000676084
0.6000676084
0.6000676084
0.6000676084
0.6000676084
0.6000676084
0.6000676084
0.6000676084
0.6000676084
0.6000676084
0.6000676084
0.6000676084
0.6000676084
0.6000676084
0.6000676084
0.6000676084
0.6000676084
0.6000676084
0.6000676084
0.6000676084
0.6000676084
0.6000676084
0.6000676083
0.6000676083
0.6000676083
0.6000676083
0.6000676084
0.6000676084
0.6000676083
0.6000676083
0.6000676082
0.6000676081
0.6000676081
0.6000676081
0.6000676082
0.6000676082
)
;
    }
    bottom
    {
        type            calculated;
        value           nonuniform List<scalar> 
127
(
0.6000676084
0.6000676084
0.6000676084
0.6000676084
0.6000676084
0.6000676084
0.6000676084
0.6000676084
0.6000676084
0.6000676084
0.6000676084
0.6000676084
0.6000676084
0.6000676084
0.6000676084
0.6000676084
0.6000676084
0.6000676084
0.6000676084
0.6000676084
0.6000676084
0.6000676084
0.6000676084
0.6000676084
0.6000676084
0.6000676084
0.6000676084
0.6000676084
0.6000676084
0.6000676084
0.6000676084
0.6000676084
0.6000676084
0.6000676084
0.6000676084
0.6000676084
0.6000676084
0.6000676084
0.6000676084
0.6000676084
0.6000676084
0.6000676084
0.6000676084
0.6000676084
0.6000676084
0.6000676084
0.6000676084
0.6000676084
0.6000676084
0.6000676084
0.6000676084
0.6000676084
0.6000676084
0.6000676084
0.6000676084
0.6000676084
0.6000676084
0.6000676084
0.6000676084
0.6000676084
0.6000676084
0.6000676084
0.6000676084
0.6000676084
0.6000676084
0.6000676084
0.6000676084
0.6000676084
0.6000676084
0.6000676084
0.6000676084
0.6000676084
0.6000676084
0.6000676084
0.6000676084
0.6000676084
0.6000676084
0.6000676084
0.6000676084
0.6000676084
0.6000676084
0.6000676084
0.6000676084
0.6000676084
0.6000676084
0.6000676084
0.6000676084
0.6000676084
0.6000676084
0.6000676084
0.6000676084
0.6000676084
0.6000676084
0.6000676084
0.6000676084
0.6000676084
0.6000676084
0.6000676084
0.6000676084
0.6000676084
0.6000676084
0.6000676084
0.6000676084
0.6000676084
0.6000676084
0.6000676084
0.6000676084
0.6000676084
0.6000676084
0.6000676084
0.6000676084
0.6000676084
0.6000676084
0.6000676084
0.6000676084
0.6000676084
0.6000676084
0.6000676084
0.6000676084
0.6000676083
0.6000676083
0.6000676082
0.6000676082
0.6000676083
0.6000676084
0.6000676084
0.6000676083
)
;
    }
    side-walls
    {
        type            calculated;
        value           nonuniform List<scalar> 
261
(
0.6000676084
0.6000676084
0.6000676084
0.6000676084
0.6000676084
0.6000676084
0.6000676084
0.6000676084
0.6000676084
0.6000676084
0.6000676084
0.6000676084
0.6000676084
0.6000676084
0.6000676084
0.6000676084
0.6000676084
0.6000676084
0.6000676084
0.6000676084
0.6000676084
0.6000676084
0.6000676084
0.6000676084
0.6000676084
0.6000676084
0.6000676084
0.6000676084
0.6000676084
0.6000676084
0.6000676084
0.6000676084
0.6000676084
0.6000676084
0.6000676084
0.6000676084
0.6000676084
0.6000676084
0.6000676084
0.6000676084
0.6000676084
0.6000676084
0.6000676084
0.6000676084
0.6000676084
0.6000676084
0.6000676084
0.6000676084
0.6000676084
0.6000676084
0.6000676084
0.6000676084
0.6000676084
0.6000676084
0.6000676084
0.6000676084
0.6000676084
0.6000676084
0.6000676084
0.6000676084
0.6000676084
0.6000676084
0.6000676084
0.6000676084
0.6000676084
0.6000676084
0.6000676084
0.6000676084
0.6000676084
0.6000676084
0.6000676084
0.6000676084
0.6000676084
0.6000676084
0.6000676084
0.6000676084
0.6000676084
0.6000676084
0.6000676084
0.6000676084
0.6000676084
0.6000676084
0.6000676084
0.6000676084
0.6000676084
0.6000676084
0.6000676084
0.6000676084
0.6000676084
0.6000676084
0.6000676084
0.6000676084
0.6000676084
0.6000676084
0.6000676084
0.6000676084
0.6000676084
0.6000676084
0.6000676084
0.6000676084
0.6000676084
0.6000676084
0.6000676084
0.6000676084
0.6000676084
0.6000676084
0.6000676084
0.6000676084
0.6000676084
0.6000676084
0.6000676084
0.6000676084
0.6000676084
0.6000676084
0.6000676084
0.6000676084
0.6000676084
0.6000676084
0.6000676084
0.6000676084
0.6000676084
0.6000676084
0.6000676084
0.6000676084
0.6000676084
0.6000676084
0.6000676083
0.6000676083
0.6000676082
0.6000676081
0.6000676081
0.6000676081
0.6000676082
0.6000676083
0.6000676083
0.6000676084
0.6000676084
0.6000676084
0.6000676084
0.6000676084
0.6000676084
0.6000676084
0.6000676084
0.6000676084
0.6000676084
0.6000676084
0.6000676084
0.6000676084
0.6000676084
0.6000676084
0.6000676084
0.6000676084
0.6000676084
0.6000676084
0.6000676084
0.6000676084
0.6000676084
0.6000676084
0.6000676084
0.6000676084
0.6000676084
0.6000676084
0.6000676084
0.6000676084
0.6000676084
0.6000676084
0.6000676084
0.6000676084
0.6000676084
0.6000676084
0.6000676084
0.6000676084
0.6000676084
0.6000676084
0.6000676084
0.6000676084
0.6000676084
0.6000676084
0.6000676084
0.6000676084
0.6000676084
0.6000676084
0.6000676084
0.6000676084
0.6000676084
0.6000676084
0.6000676084
0.6000676084
0.6000676084
0.6000676084
0.6000676084
0.6000676084
0.6000676084
0.6000676084
0.6000676084
0.6000676084
0.6000676084
0.6000676084
0.6000676084
0.6000676084
0.6000676084
0.6000676084
0.6000676084
0.6000676084
0.6000676084
0.6000676084
0.6000676084
0.6000676084
0.6000676084
0.6000676084
0.6000676084
0.6000676084
0.6000676084
0.6000676084
0.6000676084
0.6000676084
0.6000676084
0.6000676084
0.6000676084
0.6000676084
0.6000676084
0.6000676084
0.6000676084
0.6000676084
0.6000676084
0.6000676084
0.6000676084
0.6000676084
0.6000676084
0.6000676084
0.6000676084
0.6000676084
0.6000676084
0.6000676084
0.6000676084
0.6000676084
0.6000676084
0.6000676084
0.6000676084
0.6000676084
0.6000676084
0.6000676084
0.6000676084
0.6000676084
0.6000676084
0.6000676084
0.6000676084
0.6000676084
0.6000676084
0.6000676084
0.6000676084
0.6000676084
0.6000676084
0.6000676084
0.6000676083
0.6000676082
0.6000676082
0.6000676082
0.6000676083
0.6000676084
0.6000676084
)
;
    }
    inlet
    {
        type            calculated;
        value           nonuniform List<scalar> 
81
(
0.6000676084
0.6000676084
0.6000676084
0.6000676084
0.6000676084
0.6000676084
0.6000676084
0.6000676084
0.6000676084
0.6000676084
0.6000676084
0.6000676084
0.6000676084
0.6000676084
0.6000676084
0.6000676084
0.6000676084
0.6000676084
0.6000676084
0.6000676084
0.6000676084
0.6000676084
0.6000676084
0.6000676084
0.6000676084
0.6000676084
0.6000676084
0.6000676084
0.6000676084
0.6000676084
0.6000676084
0.6000676084
0.6000676084
0.6000676084
0.6000676084
0.6000676084
0.6000676084
0.6000676084
0.6000676084
0.6000676084
0.6000676084
0.6000676084
0.6000676084
0.6000676084
0.6000676084
0.6000676084
0.6000676084
0.6000676084
0.6000676084
0.6000676084
0.6000676084
0.6000676084
0.6000676084
0.6000676084
0.6000676084
0.6000676084
0.6000676084
0.6000676084
0.6000676084
0.6000676084
0.6000676084
0.6000676084
0.6000676084
0.6000676084
0.6000676084
0.6000676084
0.6000676084
0.6000676084
0.6000676084
0.6000676084
0.6000676084
0.6000676084
0.6000676084
0.6000676084
0.6000676084
0.6000676084
0.6000676084
0.6000676084
0.6000676084
0.6000676084
0.6000676084
)
;
    }
    outlet
    {
        type            calculated;
        value           nonuniform 0();
    }
    procBoundary0to1
    {
        type            processor;
        value           nonuniform List<scalar> 
97
(
0.6000676082
0.6000676082
0.6000676081
0.6000676079
0.6000676077
0.6000676077
0.6000676078
0.6000676079
0.6000676081
0.6000676082
0.6000676082
0.6000676082
0.6000676079
0.6000676079
0.6000676075
0.6000676072
0.6000676073
0.6000676073
0.6000676076
0.6000676079
0.6000676081
0.6000676081
0.6000676079
0.6000676079
0.6000676068
0.6000676068
0.6000676064
0.6000676077
0.6000676068
0.6000676071
0.6000676076
0.6000676079
0.600067608
0.6000676077
0.6000676068
0.6000676068
0.6000676071
0.6000676185
0.6000676171
0.6000676083
0.6000676067
0.6000676073
0.6000676077
0.600067608
0.6000676078
0.6000676082
0.6000676185
0.6000676185
0.6000676658
0.6000676189
0.600067617
0.6000676086
0.6000676076
0.6000676072
0.6000676077
0.600067608
0.6000676078
0.6000676074
0.600067609
0.6000676189
0.6000676086
0.6000676086
0.6000676064
0.6000676074
0.6000676072
0.6000676077
0.6000676082
0.600067608
0.6000676076
0.6000676074
0.6000676082
0.6000676074
0.6000676074
0.6000676074
0.6000676075
0.6000676081
0.6000676079
0.6000676083
0.6000676082
0.600067608
0.6000676078
0.6000676077
0.6000676078
0.6000676079
0.6000676081
0.6000676081
0.6000676081
0.6000676083
0.6000676083
0.6000676083
0.6000676082
0.600067608
0.600067608
0.6000676081
0.6000676082
0.6000676083
0.6000676083
)
;
    }
}


// ************************************************************************* //
