/*--------------------------------*- C++ -*----------------------------------*\
| =========                 |                                                 |
| \\      /  F ield         | OpenFOAM: The Open Source CFD Toolbox           |
|  \\    /   O peration     | Version:  4.x                                   |
|   \\  /    A nd           | Web:      www.OpenFOAM.org                      |
|    \\/     M anipulation  |                                                 |
\*---------------------------------------------------------------------------*/
FoamFile
{
    version     2.0;
    format      ascii;
    class       surfaceScalarField;
    location    "2000";
    object      phi;
}
// * * * * * * * * * * * * * * * * * * * * * * * * * * * * * * * * * * * * * //

dimensions      [1 0 -1 0 0 0 0];

internalField   nonuniform List<scalar> 
3175
(
9.428250061e-06
-4.917489631e-13
-1.582228218e-14
9.428250818e-06
1.689362693e-13
1.343181318e-12
9.42825134e-06
-6.852782663e-13
4.871300818e-13
9.428248811e-06
-1.237795074e-12
3.304833813e-13
9.428249387e-06
-1.663450067e-12
-6.190927871e-13
9.428249295e-06
-2.059251621e-12
-2.755744862e-12
9.428253564e-06
-8.112235053e-13
-2.74944979e-13
9.428256017e-06
-9.70527247e-13
-1.48677418e-12
9.428260902e-06
-2.158287231e-12
-2.031874649e-12
9.428268849e-06
-3.005949466e-12
-3.254379952e-12
9.428284783e-06
-8.980075888e-12
-8.700632336e-12
9.428306577e-06
-1.030526129e-11
-1.086727067e-11
9.428363731e-06
-2.697146441e-11
-2.769076689e-11
9.428413974e-06
-2.391618698e-11
-2.271399422e-11
-7.593090241e-11
9.428243349e-06
-1.30943427e-12
-2.855551398e-13
9.428241756e-06
-1.394443101e-12
-1.64260304e-12
9.428245214e-06
-3.303194272e-13
3.320646783e-13
9.4282432e-06
-1.97474244e-12
-5.437164079e-13
9.428242523e-06
-1.565086831e-12
-1.61950872e-12
9.428243087e-06
-1.144056988e-12
-1.342733936e-12
9.428246429e-06
-8.837571505e-13
-5.900011682e-13
9.428246779e-06
-2.250385251e-12
-2.180761126e-12
9.428250326e-06
-4.941030173e-12
-2.934664216e-12
9.428256531e-06
-6.347309035e-12
-3.389263923e-12
9.428271064e-06
-1.132815891e-11
-7.38291525e-12
9.428289726e-06
-1.645217127e-11
-1.151709227e-11
9.428342041e-06
-4.818756652e-11
-3.368863065e-11
9.428388848e-06
-4.585191428e-11
-2.585026298e-11
-1.513604258e-10
-1.1894022e-10
9.428266511e-06
-1.063377407e-12
6.700974434e-13
9.428265286e-06
-4.809463904e-13
-3.329305584e-13
9.428264506e-06
-4.196742338e-13
-4.774736048e-13
9.428265989e-06
-4.065588511e-13
-3.140142605e-13
9.428264837e-06
1.113733775e-13
-1.95821138e-13
9.428265524e-06
-4.691777734e-13
-1.10047058e-12
9.428265851e-06
1.091389834e-13
3.278874053e-13
9.428267066e-06
-3.749853798e-13
-6.283626215e-13
9.428269015e-06
-1.027946586e-12
-7.339209383e-13
9.428272077e-06
-3.721471887e-12
-2.557203063e-12
9.428277372e-06
-1.076004612e-11
-8.136744267e-12
9.428286754e-06
-1.46982241e-11
-1.306025678e-11
9.428329579e-06
-4.715050495e-11
-4.74911956e-11
9.428360654e-06
-3.954688454e-11
-3.608291783e-11
-1.831867121e-10
-2.496995793e-10
9.428238701e-06
-9.799830025e-14
1.763386165e-12
9.42823838e-06
2.389008859e-13
1.457042624e-12
9.428239361e-06
2.885984335e-13
1.949590417e-12
9.428240189e-06
5.302350758e-13
-1.48176181e-12
9.428237585e-06
5.759658837e-13
-1.722512346e-12
9.428240834e-06
3.779657457e-13
-4.703278341e-13
9.428239834e-06
1.997049644e-13
5.131355718e-14
9.428239748e-06
-1.532677275e-12
-6.010656428e-13
9.428239446e-06
-1.4415979e-12
-4.765702808e-13
9.42824302e-06
-2.128273199e-12
2.530586338e-13
9.428243222e-06
-7.927462064e-12
-3.444077188e-12
9.428251966e-06
-1.243233531e-11
-9.613918666e-12
9.428288129e-06
-3.820798876e-11
-4.026517527e-11
9.428322398e-06
-4.140584255e-11
-3.236980291e-11
-1.655147866e-10
-3.86989461e-10
9.428242041e-06
-2.376595917e-12
-1.20312305e-12
9.428241851e-06
-1.458191154e-12
-1.066336469e-12
9.428243647e-06
-8.706409702e-14
-2.512008769e-13
9.428244236e-06
-9.908246478e-15
-1.964085682e-12
9.428242274e-06
2.529736092e-13
-1.653799246e-12
9.42824174e-06
6.805681881e-13
-5.794297317e-13
9.428239839e-06
9.658180805e-13
-4.981221589e-13
9.428240719e-06
1.963711904e-12
-2.165122431e-13
9.428236841e-06
1.418414754e-12
7.149884036e-13
9.428236065e-06
3.946932234e-12
3.934395926e-13
9.428227002e-06
9.517582293e-12
-4.877403305e-12
9.428214718e-06
1.281191266e-11
-1.311363325e-11
9.428211102e-06
3.851883745e-11
-7.560028154e-11
9.428192514e-06
4.146416902e-11
-6.734006866e-11
1.661539995e-10
-9.220753932e-10
9.428258115e-06
-3.185625248e-13
-2.434642602e-13
9.428258316e-06
3.626394252e-13
1.373945132e-13
9.428255419e-06
3.680340073e-13
-5.381497564e-13
9.42825776e-06
1.113294716e-12
-1.647106738e-12
9.428257919e-06
7.526183301e-13
-1.045768534e-12
9.428257047e-06
4.631163407e-13
-8.48452221e-13
9.428256429e-06
1.496135219e-12
4.335792152e-13
9.42825461e-06
1.428076785e-12
-3.592741168e-13
9.428254746e-06
2.287536635e-12
-1.265734137e-12
9.428255586e-06
4.017527669e-12
-2.116058405e-12
9.428256017e-06
1.06503546e-11
-5.222980324e-12
9.42826276e-06
1.363868879e-11
-1.179657444e-11
9.428298674e-06
4.63180745e-11
-4.201943226e-11
9.428333143e-06
3.937034671e-11
-3.24070838e-11
1.826426843e-10
-3.877229452e-10
9.428257965e-06
-4.243150716e-14
2.093138479e-13
9.428257758e-06
1.532331369e-13
-9.940570711e-14
9.428256169e-06
-4.124536346e-13
-8.014432824e-13
9.428256949e-06
9.792544824e-13
-2.829185784e-13
9.428257088e-06
-1.096076862e-13
-7.814526719e-13
9.428255508e-06
-9.028357391e-13
-1.294354804e-12
9.428256882e-06
-8.632605601e-14
-2.021798423e-12
9.428257481e-06
2.358691379e-12
-1.478213212e-12
9.428260141e-06
4.897622849e-12
-1.185408163e-12
9.428262029e-06
4.963331261e-12
-3.459978002e-12
9.428266918e-06
1.284708025e-11
-9.056303767e-12
9.428276735e-06
1.785792382e-11
-1.146981579e-11
9.428320351e-06
4.844245809e-11
-4.571497257e-11
9.428351125e-06
4.441046001e-11
-3.768697846e-11
1.493336222e-10
-2.505167463e-10
9.428238318e-06
3.172132361e-13
-1.891023909e-14
9.428236699e-06
-2.746915132e-13
-4.52510463e-13
9.428237485e-06
-8.468288686e-13
2.587265733e-13
9.428235309e-06
-2.366315776e-12
-1.030509468e-12
9.428235363e-06
-1.463111083e-12
-1.280896467e-12
9.428235908e-06
-4.222399744e-13
2.79063111e-13
9.428237814e-06
-1.421219683e-12
-5.496876323e-13
9.428238112e-06
1.556963171e-12
-1.306229643e-12
9.428241036e-06
3.28044385e-12
-3.19527785e-12
9.428250106e-06
5.707556256e-12
-3.331257772e-12
9.428260377e-06
1.002767802e-11
-9.010476188e-12
9.428279374e-06
1.04081062e-11
-1.076423898e-11
9.42833213e-06
2.782745225e-11
-3.355684575e-11
9.428378599e-06
2.39945229e-11
-2.641698497e-11
7.779810493e-11
-1.198980762e-10
9.428247914e-06
-8.31688559e-14
9.428247208e-06
-1.635828951e-12
9.428248055e-06
-1.494493125e-12
9.428249762e-06
-1.864389863e-12
9.428248004e-06
-5.595461645e-13
9.428247511e-06
9.522798127e-13
9.428250395e-06
3.646372448e-13
9.428251412e-06
-2.892145299e-12
9.428255615e-06
-4.703664843e-12
9.428263324e-06
-4.486113347e-12
9.428277742e-06
-9.213850314e-12
9.428299847e-06
-9.47915989e-12
9.428355448e-06
-2.949454095e-11
9.42840763e-06
-2.643633886e-11
-7.747341206e-11
9.428235058e-06
-1.080428599e-12
1.057423994e-12
9.428233813e-06
-1.03098167e-12
-2.871841249e-14
9.42823538e-06
-4.622886949e-13
-1.661479483e-12
9.428234538e-06
-1.828708043e-12
-7.432854007e-13
9.428233322e-06
-1.884232263e-12
-1.148231126e-12
9.428237292e-06
-4.719149846e-13
-1.148216009e-12
9.428237184e-06
-1.137062863e-12
-9.328690026e-13
9.428242846e-06
-1.014303494e-12
-1.747651972e-12
9.428244016e-06
-3.16600449e-12
-2.697312699e-12
9.428247659e-06
-4.977616692e-12
-5.670335715e-12
9.428261947e-06
-8.39258092e-12
-1.331848955e-11
9.428279721e-06
-1.10489576e-11
-1.799283692e-11
9.428335442e-06
-3.310166531e-11
-4.824367925e-11
-2.724112632e-11
-4.483728435e-11
9.42824288e-06
-5.865605438e-14
2.467172922e-13
9.428244406e-06
2.654712923e-13
1.014017476e-12
9.428243686e-06
-1.409718098e-12
2.906698215e-13
9.428243827e-06
-1.752400149e-12
2.934881244e-13
9.428243932e-06
-3.736146716e-13
-6.797239975e-13
9.428243592e-06
3.188528886e-13
-1.694582754e-12
9.428244373e-06
2.078199498e-13
-6.359120666e-13
9.428244689e-06
-7.617146212e-13
-1.59926754e-12
9.428247823e-06
-3.140733909e-12
-1.705729117e-12
9.428252179e-06
-5.426624511e-12
-4.023724204e-12
9.42826122e-06
-1.202302161e-11
-1.287106439e-11
9.428277657e-06
-1.755699649e-11
-1.842308115e-11
9.428326666e-06
-5.716275619e-11
-5.649695986e-11
9.428370917e-06
-4.884045079e-11
-4.905628662e-11
-2.473481031e-10
9.428238831e-06
3.405979135e-13
3.566204364e-13
9.428239089e-06
5.603611162e-13
4.158758554e-13
9.428240277e-06
8.756214995e-13
-9.188757924e-13
9.428240574e-06
-1.673456878e-12
8.553557678e-13
9.42824165e-06
-2.976851431e-13
-1.149949018e-12
9.428240989e-06
-4.019710861e-13
-8.00789487e-13
9.428240128e-06
-7.072130522e-14
-3.31771204e-13
9.428238837e-06
-1.018160048e-12
-2.061401704e-13
9.42824056e-06
4.301014027e-14
-1.135133161e-12
9.428240969e-06
-1.490863213e-12
-4.83435882e-12
9.428239458e-06
-8.431764365e-12
-1.201815998e-11
9.428244011e-06
-1.281261538e-11
-2.134954532e-11
9.428272191e-06
-5.082118524e-11
-7.561758308e-11
9.428301468e-06
-4.184514921e-11
-7.254331396e-11
-3.465040444e-10
-5.631990394e-10
9.428241288e-06
-1.789238614e-12
5.314051134e-14
9.428241733e-06
-1.476537333e-12
-2.97928325e-13
9.428240867e-06
-1.602028153e-12
-9.954614121e-13
9.428244104e-06
2.14407927e-13
1.337337945e-12
9.428244567e-06
2.488163998e-13
1.014766709e-12
9.428242899e-06
6.177183965e-13
-6.914940069e-13
9.428242736e-06
-1.041954903e-13
3.099359084e-14
9.428243877e-06
-3.858599708e-13
-1.679902938e-12
9.428241263e-06
-1.104157076e-12
-2.132301008e-12
9.42823899e-06
-2.941614308e-12
-4.871958702e-12
9.428236506e-06
-8.919492989e-12
-3.444182423e-12
9.428245165e-06
-1.414241753e-11
-1.796982082e-11
9.428252227e-06
-5.414928246e-11
-5.05493278e-11
9.428318648e-06
-6.215077377e-11
-8.356302357e-11
-3.399306376e-10
-9.302203598e-10
9.428239498e-06
-2.299778206e-12
3.936651017e-13
9.428238996e-06
-1.278863606e-12
-3.448464226e-13
9.428237888e-06
-1.158100301e-12
-1.192361874e-12
9.428240831e-06
3.445150335e-14
-1.266584607e-12
9.428239946e-06
7.844905325e-14
-7.128547548e-13
9.428237356e-06
-8.959120889e-14
-2.237925923e-12
9.428237212e-06
8.970184468e-14
-1.267916045e-12
9.428236331e-06
4.902800241e-14
-2.184116524e-12
9.428230632e-06
-1.317682525e-12
-1.174453471e-12
9.428224224e-06
1.822499439e-12
-2.728364471e-12
9.428204072e-06
8.328323133e-12
4.867997545e-13
9.4281795e-06
1.232716503e-11
-1.645915094e-11
9.428091416e-06
5.306546551e-11
-9.690950055e-11
9.428053922e-06
6.071212893e-11
-1.516228868e-10
3.388564061e-10
-2.633976799e-09
9.428254951e-06
1.799815514e-13
8.249822937e-13
9.428252512e-06
-5.0904465e-14
-1.58721586e-13
9.428251616e-06
3.074594381e-13
-1.377880089e-12
9.428253631e-06
9.050789627e-13
-1.002423878e-12
9.428251581e-06
3.554494787e-13
-9.848191332e-13
9.428251891e-06
-1.69748385e-14
-4.177861149e-13
9.428250736e-06
6.405744088e-13
-1.425565436e-12
9.428249465e-06
1.214974391e-12
-2.9322847e-12
9.428249944e-06
1.894865518e-12
-6.569579064e-13
9.42824981e-06
1.970880325e-12
-2.166313074e-12
9.428243234e-06
8.009666327e-12
-2.83383034e-12
9.428252906e-06
1.462593745e-11
-1.724981593e-11
9.428260509e-06
5.352626509e-11
-5.18287378e-11
9.428326164e-06
4.122166753e-11
-8.407882355e-11
3.447496591e-10
-9.298585147e-10
9.428229054e-06
-1.60319428e-13
-8.721196088e-14
9.428228142e-06
3.173721323e-13
-2.545633038e-13
9.428228103e-06
4.629860311e-13
-2.118824965e-13
9.428227355e-06
9.402949728e-13
-9.785886007e-13
9.428225481e-06
-5.368919334e-13
-1.174872297e-12
9.428225413e-06
5.584895869e-13
-6.647865046e-13
9.428226001e-06
8.960298552e-13
-8.393281447e-13
9.428224031e-06
1.833248543e-12
-2.170081491e-12
9.42822406e-06
3.018045643e-12
-1.564098324e-12
9.428224956e-06
4.998873898e-12
-4.563732984e-12
9.42822615e-06
1.298404985e-11
-1.137296825e-11
9.428230027e-06
1.758380718e-11
-2.216557855e-11
9.428253772e-06
5.681343538e-11
-7.956774271e-11
9.428285366e-06
4.958363588e-11
-7.282080211e-11
2.464573376e-10
-5.619439871e-10
9.42825834e-06
3.1707397e-13
-6.749865612e-13
9.428257271e-06
-7.599511453e-13
-2.132275276e-12
9.428258172e-06
-1.060137548e-12
-1.124332825e-12
9.428257048e-06
-2.088583624e-12
-1.453631543e-12
9.428258583e-06
-9.321742406e-13
-2.567282206e-13
9.428259379e-06
-4.85365321e-13
-9.941081127e-13
9.428259674e-06
-7.588024326e-13
-1.376511249e-12
9.428257777e-06
-7.702230895e-13
-2.756419372e-12
9.428262254e-06
2.055735774e-12
-2.506897454e-12
9.428268676e-06
3.489063913e-12
-5.312810281e-12
9.428276784e-06
8.546280553e-12
-1.277106706e-11
9.428292129e-06
1.116056151e-11
-1.983898343e-11
9.428339818e-06
3.198333151e-11
-6.032343439e-11
9.428383678e-06
2.459685461e-11
-5.124320629e-11
1.205028322e-10
-2.474838941e-10
9.428236583e-06
1.868666438e-13
9.428238208e-06
-1.838575608e-13
9.428237975e-06
3.027809417e-13
9.428238986e-06
1.265708462e-12
9.428241298e-06
1.321803976e-12
9.428239069e-06
-6.079087541e-13
9.428241448e-06
-6.304430402e-13
9.428242373e-06
-1.894940175e-12
9.428245395e-06
-4.066912289e-12
9.428253015e-06
-6.590366815e-12
9.428264173e-06
-1.500864173e-11
9.428280719e-06
-2.022846639e-11
9.428335752e-06
-5.023908961e-11
9.428382647e-06
-4.488294337e-11
-1.522140043e-10
9.428229113e-06
-1.254291453e-12
-1.349995731e-12
9.428228048e-06
-5.505442633e-13
-1.374583362e-12
9.428230198e-06
7.903261258e-13
-7.437892366e-13
9.428227617e-06
-1.073892175e-12
-1.421221406e-12
9.428228797e-06
-3.146482388e-13
2.727490784e-13
9.428229675e-06
-1.061547138e-12
-1.642609567e-13
9.428230627e-06
-9.740523168e-13
-2.413898034e-13
9.428232106e-06
-8.952530044e-13
-8.480870206e-14
9.428230112e-06
-2.101576869e-12
-4.685159252e-12
9.428231955e-06
-3.596676491e-12
-6.133607207e-12
9.428239094e-06
-8.277445289e-12
-1.035851577e-11
9.4282474e-06
-1.106606223e-11
-1.400679099e-11
9.428291832e-06
-4.560944245e-11
-4.552398843e-11
-3.719041601e-11
-3.911889806e-11
9.428255265e-06
-5.006952844e-13
-6.482010201e-13
9.428253638e-06
-1.273489227e-12
-1.397388859e-12
9.428252135e-06
-2.944372448e-12
-3.23266272e-12
9.428251654e-06
-1.022686176e-12
-2.230806066e-12
9.428250901e-06
-9.187231989e-13
-1.383926209e-12
9.428255492e-06
1.657979789e-12
-2.632653768e-13
9.428253854e-06
-2.059372066e-13
-1.584314925e-12
9.428256594e-06
5.494275081e-13
-4.345192897e-13
9.428254112e-06
-2.770411446e-12
-2.364311304e-12
9.428252662e-06
-5.316469361e-12
-4.157300153e-12
9.428253762e-06
-1.148458097e-11
-8.460896027e-12
9.428259456e-06
-2.039627117e-11
-1.327172492e-11
9.428282361e-06
-7.709330542e-11
-5.457212057e-11
-7.202797379e-11
-4.281969013e-11
9.428240619e-06
4.890483574e-13
-1.00615742e-12
9.428239497e-06
2.053955656e-14
-2.249978533e-12
9.428242058e-06
1.599524824e-13
-1.301252556e-12
9.428240615e-06
-5.74456069e-13
-2.282490918e-12
9.428242503e-06
9.055437011e-13
1.786630702e-13
9.428239681e-06
-8.355513927e-13
-4.232281735e-13
9.428241685e-06
-9.862793495e-14
-2.590521272e-12
9.428240818e-06
-2.548890094e-12
-2.181625741e-12
9.428237049e-06
-1.835910462e-12
-1.953021125e-12
9.428232034e-06
-1.953855311e-12
-2.478135083e-12
9.428219527e-06
-4.128384211e-12
-3.440062117e-12
9.428205946e-06
-1.228745243e-11
-1.287017554e-11
9.428182435e-06
-6.587840962e-11
-6.862746233e-11
9.428168977e-06
-6.317418176e-11
-6.414829834e-11
-9.345731978e-10
9.428251391e-06
-1.38606079e-12
-1.043447168e-12
9.428250421e-06
-1.178415304e-12
-1.871688296e-12
9.428251013e-06
-1.735655251e-12
-5.967034466e-13
9.428250468e-06
-2.506617632e-12
-2.209983446e-12
9.428251237e-06
-1.187332836e-12
-1.727480768e-12
9.42825052e-06
-1.83669739e-12
-2.07059348e-12
9.428249007e-06
-1.343020433e-12
-2.378928411e-12
9.428248242e-06
-1.201973999e-12
-1.260309344e-12
9.428245258e-06
-4.723374965e-14
1.429677665e-12
9.428239695e-06
-1.70586334e-12
2.866142247e-13
9.428229833e-06
-6.661246026e-12
1.270417674e-11
9.428218875e-06
-1.499476605e-11
-3.57327694e-12
9.42817404e-06
-8.691443203e-11
9.092832012e-12
9.428221433e-06
-1.182701711e-10
-8.04770613e-11
-9.897411684e-10
-1.83756715e-09
9.428245931e-06
-1.924358799e-12
6.782589236e-13
9.428245042e-06
-1.741714841e-12
-4.50838629e-13
9.428244793e-06
-7.168538796e-13
-5.91661605e-13
9.428246399e-06
1.342354377e-13
-1.140131641e-12
9.4282449e-06
8.805934182e-14
-1.316715756e-12
9.428247419e-06
5.108493842e-13
-1.180464883e-12
9.428245874e-06
-1.220904626e-13
-1.157033637e-13
9.428244812e-06
-9.404796012e-14
-1.456360143e-14
9.428238394e-06
-8.877470857e-14
2.094799277e-12
9.42822871e-06
2.292088989e-12
4.603704911e-12
9.428190782e-06
6.132854585e-12
2.296892479e-11
9.428116198e-06
1.417993802e-11
2.308932912e-11
9.427842169e-06
8.388448663e-11
2.08203816e-12
9.42743675e-06
1.154722539e-10
2.179324995e-11
9.889123643e-10
-6.965017462e-09
9.428255313e-06
-5.368450242e-13
8.392622831e-13
9.42825407e-06
-3.177790714e-13
-1.6342353e-15
9.42825433e-06
2.148392553e-12
-1.376385604e-12
9.428256729e-06
1.108262156e-12
-1.026000549e-12
9.428253976e-06
1.470793213e-12
-1.634702771e-12
9.428252682e-06
5.287906826e-13
-5.409480473e-13
9.428252628e-06
1.307025665e-12
-4.59720128e-13
9.428253071e-06
1.886548038e-12
-3.378485407e-13
9.428251568e-06
8.018261578e-13
1.473311558e-12
9.428245915e-06
1.320271024e-13
-8.139065011e-13
9.428234659e-06
3.228182843e-12
1.092376939e-11
9.428222182e-06
1.201442064e-11
-5.388415644e-12
9.42818335e-06
6.564721902e-11
1.078566035e-11
9.428232091e-06
6.224766542e-11
-7.902414325e-11
9.343761418e-10
-1.834709925e-09
9.428232815e-06
-6.434103019e-13
1.022345083e-12
9.428233946e-06
-1.121255811e-12
-1.103790061e-13
9.428231349e-06
-5.510413526e-13
-1.044231208e-12
9.428232325e-06
5.287484489e-14
-6.764716217e-13
9.428232853e-06
4.470299376e-13
-1.117965407e-12
9.428230872e-06
8.904944876e-13
-1.332633565e-12
9.428230483e-06
6.467918433e-13
-1.559869898e-12
9.428229517e-06
8.63269021e-13
-9.727082055e-13
9.428224729e-06
1.705273062e-12
-9.125948791e-13
9.428220955e-06
5.284935042e-12
-2.176821859e-12
9.428205333e-06
1.162292739e-11
-5.554512569e-12
9.428189997e-06
2.057481297e-11
-1.498106421e-11
9.428170923e-06
7.693325806e-11
-6.832506005e-11
9.428156521e-06
7.033736083e-11
-6.418814006e-11
5.601045694e-10
-9.366446426e-10
9.428247406e-06
8.778092558e-13
6.083247178e-13
9.428248912e-06
5.378155516e-13
7.461072011e-13
9.428247082e-06
-4.520203555e-13
1.268157784e-13
9.428246787e-06
5.445077658e-13
6.251241663e-13
9.428245942e-06
1.432602279e-13
-4.173689204e-13
9.42824593e-06
3.772826824e-13
-2.272142586e-12
9.428246582e-06
1.889812958e-13
-2.143769623e-12
9.428245541e-06
3.472349902e-14
-2.545447068e-12
9.428243699e-06
1.217304233e-12
-2.819994036e-12
9.428244726e-06
1.89439854e-12
-3.393388812e-12
9.428244051e-06
7.263246246e-12
-8.135577691e-12
9.428248696e-06
1.169848821e-11
-1.377374895e-11
9.428275545e-06
4.709879204e-11
-5.266371513e-11
9.428305011e-06
3.80528958e-11
-4.236879508e-11
2.499791775e-10
-3.469559498e-10
9.428267671e-06
1.022116992e-12
9.428268414e-06
1.100073002e-12
9.428267767e-06
8.569295568e-13
9.428268093e-06
-3.430722521e-13
9.428267185e-06
-4.998984425e-13
9.428267625e-06
-1.699275722e-12
9.428268216e-06
-1.261395123e-12
9.428269333e-06
-1.975969254e-12
9.428269933e-06
-3.601407298e-12
9.428271972e-06
-3.277405104e-12
9.42827714e-06
-1.052549364e-11
9.428286611e-06
-1.425954376e-11
9.4283324e-06
-4.693756579e-11
9.428362927e-06
-4.18704804e-11
-1.850382839e-10
9.428245206e-06
1.407726182e-15
-1.338757569e-12
9.42824521e-06
-1.264028634e-12
-1.736660737e-12
9.42824781e-06
-7.341944624e-13
-1.763271458e-12
9.42824763e-06
-1.163792578e-12
-1.078154094e-12
9.428247245e-06
-1.968078176e-12
-1.935768954e-12
9.428248898e-06
-1.663872866e-12
-2.066345718e-12
9.428250123e-06
-1.523890065e-12
-2.430296714e-12
9.428247777e-06
-7.793291465e-13
-3.619684867e-12
9.428248308e-06
-2.485502641e-13
-3.797918007e-12
9.42825152e-06
-1.314623384e-12
-4.125591446e-12
9.428252301e-06
-5.897839452e-12
-9.025586506e-12
9.428260787e-06
-1.070141697e-11
-1.175030172e-11
9.42829469e-06
-4.250985188e-11
-3.835415371e-11
-3.426665973e-11
-4.252373601e-11
9.428250808e-06
-6.414057033e-13
-5.874060732e-13
9.428251386e-06
-5.01476101e-13
-6.056244536e-13
9.428252302e-06
-1.882200702e-13
-9.096610739e-13
9.428252027e-06
4.254682594e-14
-2.077472997e-12
9.428251181e-06
8.696343524e-13
6.203312956e-14
9.428253028e-06
1.710579396e-12
-4.642652336e-14
9.428254406e-06
-1.755049256e-13
4.080538628e-13
9.428251901e-06
-5.690686218e-13
-2.383732163e-12
9.428248682e-06
-1.237504559e-12
-3.572855082e-12
9.428247624e-06
-3.458321311e-12
-4.073862907e-12
9.428244023e-06
-1.071663326e-12
-8.948762759e-12
9.428250755e-06
-1.724251381e-11
-1.470986627e-11
9.428260414e-06
-4.998082865e-11
-5.324131632e-11
-8.278103129e-11
-6.090401479e-11
9.42824565e-06
1.824197591e-13
-1.385027225e-12
9.42824656e-06
3.023370779e-13
-2.969460935e-13
9.428247078e-06
9.121395161e-13
2.504255051e-13
9.428247195e-06
-1.075267416e-12
-4.066328232e-13
9.428247735e-06
-3.914695357e-13
-1.470053996e-12
9.428245252e-06
-1.703860418e-12
-1.2796557e-12
9.428247908e-06
8.722247475e-14
2.167799382e-13
9.428245268e-06
-5.677953453e-13
-2.352738619e-12
9.428241428e-06
1.77948687e-12
-2.092520164e-12
9.428237042e-06
-1.173976107e-14
-2.081787591e-12
9.428226268e-06
1.237796731e-11
-7.731744421e-12
9.428214821e-06
-3.290898307e-12
-1.584412257e-11
9.428173385e-06
1.149984596e-11
-8.690013292e-11
-7.852486704e-11
-1.171797076e-10
9.428251444e-06
-2.771903999e-13
-1.280037572e-12
9.428252175e-06
-3.50416801e-13
-1.474197751e-12
9.428250849e-06
-1.239835579e-12
-2.795066948e-13
9.42825103e-06
-1.39372286e-12
-1.532613671e-12
9.42825123e-06
-7.04468375e-13
-7.333226631e-13
9.428251775e-06
5.07795867e-14
5.895407204e-13
9.428254941e-06
1.097312427e-12
8.098524562e-13
9.428255958e-06
-4.428161523e-13
3.299469502e-13
9.428256091e-06
1.829039067e-13
7.706392339e-13
9.428258595e-06
7.898403445e-13
1.752323639e-13
9.428277538e-06
2.458352393e-12
1.662115236e-12
9.428289659e-06
-9.604353564e-12
-1.109524707e-11
9.428414173e-06
-5.440098612e-11
-5.466596769e-11
9.428783802e-06
-2.64683783e-10
-2.651452316e-10
-1.990403396e-09
9.428259019e-06
-1.334915932e-12
-2.036526979e-12
9.428259717e-06
-6.459334465e-13
-1.35885469e-12
9.428261807e-06
-1.401015581e-12
5.168478278e-13
9.428262903e-06
-1.564966477e-13
2.096174991e-13
9.428263394e-06
-1.416665243e-12
-1.089227874e-12
9.428262807e-06
7.449550227e-13
-7.383240591e-14
9.428261681e-06
1.880224804e-14
9.880147933e-13
9.42826208e-06
-2.634194617e-13
1.955796827e-13
9.428266205e-06
3.007373182e-13
2.680201587e-12
9.42826516e-06
-5.212500826e-13
4.713919409e-12
9.428277396e-06
-4.49276388e-12
1.389198219e-11
9.428233235e-06
7.433665064e-12
5.138907118e-11
9.428095631e-06
5.283236368e-11
3.255052641e-11
9.427257569e-06
2.633079217e-10
3.322025379e-10
1.990273418e-09
-1.33934657e-08
9.428251724e-06
-1.072174082e-12
-8.263022981e-13
9.42825092e-06
3.126495002e-14
-2.836524384e-13
9.428252476e-06
1.557495903e-12
3.238101141e-13
9.428252915e-06
1.588146239e-12
2.888473718e-13
9.428253428e-06
1.009477884e-12
-8.874885028e-13
9.428249823e-06
5.452757269e-14
-1.088177756e-12
9.428249553e-06
-5.714306681e-13
-7.509007502e-13
9.428250251e-06
6.610414248e-13
-2.449314778e-13
9.428252982e-06
-1.220837103e-12
-1.075722883e-13
9.428253944e-06
-1.676096085e-12
-9.923746258e-13
9.428274109e-06
-1.327796194e-11
1.810922544e-12
9.428286277e-06
2.220728187e-12
-1.002524343e-11
9.428412856e-06
-1.266501496e-11
-5.543425623e-11
9.428784847e-06
7.692228993e-11
-2.650273075e-10
1.833277207e-09
-1.99138323e-09
9.428263397e-06
-9.831244121e-14
1.292379836e-13
9.428264875e-06
1.201966346e-13
-6.358006284e-13
9.428265712e-06
1.223669857e-12
-9.594616694e-13
9.428265644e-06
9.125587574e-13
-4.693515315e-13
9.428266271e-06
8.775463097e-13
-1.475662052e-12
9.428264168e-06
5.138651566e-13
-1.084533102e-12
9.428264015e-06
8.215505563e-14
-1.49146672e-12
9.428260314e-06
-3.028577166e-13
-8.233732488e-13
9.42825588e-06
-5.81797606e-13
-2.330886115e-12
9.428254473e-06
3.516490214e-12
-2.393178279e-12
9.428240987e-06
3.4180353e-12
-7.781860482e-12
9.428230163e-06
1.843155526e-11
-1.502965953e-11
9.428187964e-06
5.140353605e-11
-8.635812742e-11
9.428235786e-06
8.319526927e-11
-1.17968988e-10
9.272985818e-10
-9.905785031e-10
9.4282212e-06
1.002964679e-12
2.113976467e-13
9.428222779e-06
6.461497676e-13
4.359977106e-13
9.428223017e-06
4.023238997e-13
-1.307907582e-12
9.428222659e-06
-1.123261819e-13
-1.165491739e-12
9.428221993e-06
-3.962351745e-13
-5.445956385e-13
9.428219908e-06
-3.656901536e-14
-5.842861707e-13
9.42822043e-06
7.362216619e-13
-9.053735868e-14
9.428223603e-06
1.102494233e-12
-4.454436259e-13
9.428222144e-06
-6.446011856e-13
-1.69654576e-12
9.428224072e-06
2.369368721e-12
-2.334019549e-12
9.428216731e-06
3.322822149e-12
-8.406395174e-12
9.428225511e-06
9.907211483e-12
-1.304036577e-11
9.428233376e-06
4.062477509e-11
-5.442200561e-11
9.428300542e-06
3.173756789e-11
-6.16720888e-11
3.871743718e-10
-3.388548094e-10
9.428238407e-06
-7.993809073e-14
9.428237471e-06
-9.890185993e-14
9.428239504e-06
-1.619909909e-12
9.428238772e-06
-1.304086455e-13
9.42823841e-06
-1.260610235e-12
9.428237878e-06
-1.148399989e-13
9.428237766e-06
-3.636553989e-13
9.428238191e-06
-7.453580496e-13
9.428239705e-06
-2.546591346e-12
9.428239312e-06
-2.706573999e-12
9.428240785e-06
-5.888375884e-12
9.428248641e-06
-1.135094337e-11
9.428282692e-06
-3.978093528e-11
9.428319391e-06
-4.095343049e-11
-1.646344411e-10
9.428251391e-06
8.799173992e-13
5.021981955e-14
9.428251022e-06
2.694021299e-13
-4.068260186e-13
9.428253144e-06
1.037378229e-12
4.892578584e-13
9.428251409e-06
-2.18192047e-12
1.532610937e-13
9.428250061e-06
-2.64711125e-13
-1.695400387e-12
9.428250941e-06
4.716533015e-13
-6.360202073e-13
9.428250441e-06
6.509223166e-13
2.707115751e-14
9.428251287e-06
1.271895751e-12
6.631169021e-13
9.428248309e-06
-1.422176533e-13
1.449079727e-12
9.428244724e-06
-2.155338652e-12
2.439188441e-12
9.428234072e-06
-6.392073333e-12
6.119065208e-12
9.42822098e-06
-1.315308415e-11
1.164128694e-11
9.428215289e-06
-7.640642182e-11
3.744830478e-11
-6.760067061e-11
4.109597056e-11
9.428246248e-06
-1.714640307e-12
-1.169399548e-13
9.428248643e-06
2.106559056e-14
-5.869314763e-14
9.428247862e-06
3.919746686e-13
5.342410172e-13
9.428250174e-06
1.11824908e-12
2.574746382e-12
9.428246478e-06
-1.156625683e-12
-1.188853913e-13
9.428248401e-06
-3.739322e-13
-1.620641793e-13
9.428247329e-06
7.932527378e-14
-1.300886832e-12
9.428246077e-06
1.307485396e-13
1.993590011e-13
9.428242228e-06
8.382400824e-13
7.649918819e-13
9.428237156e-06
-8.781450437e-13
1.804411579e-12
9.428217795e-06
1.299978662e-12
6.923196447e-12
9.428190849e-06
-1.502434021e-11
1.349115966e-11
9.428104102e-06
-9.776423412e-11
5.242518566e-11
-1.529852509e-10
6.042764262e-11
9.428242741e-06
-3.867446024e-13
5.698243191e-13
9.428241285e-06
-1.064088805e-12
-4.149732162e-13
9.428241576e-06
2.075112438e-13
3.709493686e-13
9.428240626e-06
-1.943004417e-12
1.415265534e-14
9.428242491e-06
6.70128913e-14
4.190667541e-13
9.428240025e-06
8.337164793e-13
-3.530055577e-13
9.428239448e-06
1.173584394e-12
-1.960796603e-13
9.428237727e-06
1.915562379e-12
-1.696704306e-12
9.428231901e-06
4.845127431e-12
-6.054039957e-13
9.428220917e-06
4.78484811e-12
1.765915336e-12
9.428182906e-06
2.27564839e-11
6.301069876e-12
9.428109084e-06
2.32007208e-11
1.557202437e-11
9.42783696e-06
4.638310039e-12
8.508318426e-11
2.296005329e-11
1.15554889e-10
9.428255616e-06
-5.897745779e-13
-6.727560944e-13
9.428256153e-06
-5.088453274e-13
1.055457642e-14
9.428253799e-06
-1.448446964e-12
-1.114385243e-12
9.428256297e-06
4.321449938e-13
1.147877808e-12
9.428257618e-06
-1.008637927e-12
5.884334674e-13
9.428254044e-06
-1.445121654e-12
-4.547196399e-13
9.428254996e-06
8.601715808e-13
1.84896007e-13
9.428254238e-06
-1.124472154e-12
-9.5101519e-13
9.428256546e-06
2.777695894e-12
-1.340613304e-12
9.428257394e-06
5.512523833e-12
-5.716480005e-14
9.428268861e-06
1.398224113e-11
-3.504777569e-12
9.428225648e-06
5.237655299e-11
9.851215204e-12
9.42808767e-06
3.209499592e-11
5.229448042e-11
3.319538835e-10
2.62415485e-10
9.428221991e-06
-4.035599318e-13
-1.356316003e-12
9.42822311e-06
4.083328813e-13
-4.819985745e-13
9.428222902e-06
-3.323619574e-13
-2.408774148e-13
9.428222873e-06
-5.67403069e-13
-4.919781504e-14
9.428226251e-06
-3.320160318e-13
7.583501898e-13
9.428225934e-06
-1.933168544e-13
4.879659712e-13
9.428224733e-06
-1.640633168e-12
-1.163908821e-12
9.428229349e-06
-1.209198317e-12
-1.075603098e-12
9.428234273e-06
-3.664629795e-12
-3.803655037e-12
9.428256083e-06
-5.767657709e-12
-5.687926385e-12
9.428312206e-06
-1.687984248e-11
-1.550484667e-11
9.4285263e-06
-5.361107358e-11
-5.26548141e-11
9.428662022e-06
-3.49557152e-11
-3.357039153e-11
9.430000662e-06
-3.341793987e-10
-3.332322011e-10
1.339312592e-08
9.428213994e-06
6.055051755e-14
-4.419579012e-13
9.428212854e-06
2.04097071e-13
-1.080031083e-12
9.428212073e-06
4.417819267e-13
7.288102432e-13
9.428212592e-06
1.069823108e-12
1.898358318e-13
9.428215326e-06
5.642631471e-13
2.648540881e-13
9.428213727e-06
4.189090289e-14
-1.387902925e-12
9.428213642e-06
-4.576845198e-13
-5.356627274e-14
9.428214216e-06
1.752553345e-13
-6.261275758e-14
9.428216636e-06
-4.029566935e-12
-1.065757957e-12
9.428215412e-06
-4.75120763e-12
-7.33175844e-13
9.428231486e-06
-2.339603404e-11
-1.653723318e-12
9.428183921e-06
-2.471829087e-11
1.084327911e-11
9.428048427e-06
-3.969319531e-12
5.290837019e-11
9.42721032e-06
-2.395125584e-11
2.633603408e-10
6.96224745e-09
9.428248119e-06
-2.529747992e-14
-4.687018543e-13
9.428249154e-06
1.795483522e-12
-5.488552702e-13
9.428249777e-06
1.063831536e-12
4.925834422e-13
9.428248741e-06
1.825199748e-12
-5.004899254e-13
9.42825031e-06
1.583192325e-12
-5.584007933e-13
9.428247742e-06
7.197454961e-13
-1.357955395e-14
9.428248851e-06
1.015213291e-12
8.842932569e-13
9.428246032e-06
7.219993618e-14
8.972667289e-14
9.428242312e-06
-6.90098244e-15
1.42070845e-12
9.428230795e-06
2.57912317e-12
1.339729732e-12
9.428192557e-06
1.447798417e-12
7.140621126e-12
9.428119074e-06
1.619582502e-11
1.517751247e-11
9.427847102e-06
9.584558587e-11
8.51907635e-11
9.427439485e-06
1.515009012e-10
1.155301775e-10
2.633829328e-09
9.895189381e-10
9.428258753e-06
7.218974346e-13
-9.125057376e-13
9.428257144e-06
-5.027461586e-14
-1.354361391e-12
9.428258492e-06
-1.123209197e-13
-1.314176715e-13
9.428259e-06
1.578287896e-12
1.9964738e-13
9.428258693e-06
3.81652316e-13
6.588973394e-14
9.42825873e-06
7.411411934e-13
1.654191016e-13
9.428257685e-06
2.343698495e-13
-5.083095127e-13
9.428257377e-06
2.343066139e-13
5.272416802e-13
9.428253225e-06
-7.404839734e-13
6.769783638e-13
9.428249292e-06
1.132981375e-12
1.433811102e-12
9.428225353e-06
5.410522526e-12
6.70898922e-12
9.428199951e-06
1.159337889e-11
1.279420567e-11
9.428114235e-06
7.321715082e-11
5.294797809e-11
9.428075931e-06
6.667625e-11
6.139073151e-11
9.221270832e-10
3.397920644e-10
9.428267855e-06
-3.833755563e-13
9.42826749e-06
-7.126854488e-13
9.42826871e-06
-5.901809852e-13
9.428264629e-06
-1.285092075e-12
9.428267276e-06
4.442344235e-13
9.428265733e-06
1.116409008e-13
9.428264826e-06
-4.349949559e-13
9.428263452e-06
-6.858709172e-13
9.42826229e-06
2.123813635e-13
9.428259049e-06
-4.695883587e-13
9.428246633e-06
5.058283221e-12
9.42823523e-06
1.08097119e-11
9.428234469e-06
3.916738597e-11
9.428215539e-06
4.158639131e-11
1.658628608e-10
9.428269376e-06
2.748416676e-13
5.27400164e-13
9.428270983e-06
1.189725688e-12
2.059921912e-12
9.428272441e-06
4.038340724e-13
1.334014029e-12
9.42826983e-06
6.275730055e-13
3.487715555e-13
9.428270791e-06
1.438730497e-12
1.942235235e-12
9.428272358e-06
8.394284235e-13
1.228949302e-12
9.428272279e-06
-5.244152236e-13
2.329652152e-12
9.428272924e-06
-3.758087433e-13
1.882836544e-12
9.428272634e-06
-1.387120659e-12
2.756122889e-12
9.42827418e-06
-2.980391789e-12
4.419784929e-12
9.428276191e-06
-5.195179595e-12
1.209279877e-11
9.428281583e-06
-1.203087343e-11
1.287394388e-11
9.428315697e-06
-4.299495983e-11
4.526238135e-11
-3.267740766e-11
3.963652769e-11
9.428247507e-06
-7.546457022e-13
3.24861983e-13
9.42824795e-06
-8.693769173e-13
2.069391013e-13
9.428248958e-06
-3.091976967e-14
-8.589814355e-14
9.428246202e-06
-9.518818039e-13
-8.255335987e-13
9.428246957e-06
-8.864559402e-13
1.7656045e-13
9.428247542e-06
-3.424780812e-13
9.017048667e-13
9.428249465e-06
-2.782492181e-13
2.168295814e-12
9.428245938e-06
-1.935080179e-12
1.718219709e-12
9.428245727e-06
-6.213276269e-13
1.493316196e-12
9.428245481e-06
-2.135810785e-12
4.020178219e-12
9.428244461e-06
1.126937769e-13
9.069772016e-12
9.428249644e-06
-1.6822485e-11
1.285755398e-11
9.428259093e-06
-5.069143518e-11
5.431636422e-11
-8.485401876e-11
4.26310865e-11
9.428229484e-06
-1.173882957e-12
3.951101735e-13
9.428232294e-06
-5.718215286e-13
1.518914226e-12
9.428230914e-06
-3.048732676e-13
7.407665172e-13
9.428231205e-06
-9.122918888e-13
5.575704792e-13
9.428231847e-06
3.935360168e-13
6.555230906e-13
9.428230375e-06
4.688390094e-13
9.779654035e-14
9.428229974e-06
7.227003448e-13
7.004156547e-13
9.4282296e-06
6.021142869e-13
1.91995116e-12
9.428227798e-06
2.911590557e-12
1.198179395e-12
9.42822119e-06
1.202038193e-12
2.478750098e-12
9.428208671e-06
1.204571114e-11
3.846726837e-12
9.4281955e-06
-3.803416269e-12
1.278566824e-11
9.428155154e-06
1.084285336e-11
6.792779843e-11
-7.863259995e-11
6.445383464e-11
9.428262276e-06
-1.507070612e-12
2.700711843e-13
9.428262013e-06
-1.251424568e-12
1.127916762e-12
9.428264391e-06
-1.00878606e-12
2.809698434e-13
9.428262841e-06
-7.058692523e-13
2.348778616e-13
9.428262993e-06
-5.866331034e-13
2.638571667e-13
9.428262173e-06
-1.253407415e-13
1.548549319e-15
9.42826384e-06
5.539353025e-13
9.70824505e-13
9.428263884e-06
4.675729039e-13
1.109018373e-12
9.428267245e-06
5.245368813e-13
-2.905320283e-12
9.428268835e-06
-4.278574388e-13
-4.019234755e-13
9.428286978e-06
1.599248669e-12
-1.271540674e-11
9.428298502e-06
-1.081717788e-11
4.796168279e-12
9.428426753e-06
-5.44268537e-11
-9.640352683e-12
-2.641748848e-10
7.842697332e-11
9.428222007e-06
1.128099335e-12
5.638236368e-13
9.428221423e-06
-3.558767525e-14
1.56470952e-12
9.428221637e-06
-4.293281372e-14
1.488414565e-12
9.428223216e-06
5.360653619e-13
2.083110986e-12
9.428223475e-06
2.168527239e-13
1.751756644e-12
9.428222697e-06
-1.970082795e-12
3.480187082e-13
9.42822382e-06
-3.405007066e-13
-3.740915965e-13
9.428223239e-06
-7.779409991e-13
-3.126526116e-13
9.428225551e-06
-8.841198243e-13
-3.907290843e-12
9.428224839e-06
-1.019577739e-12
-5.06236767e-12
9.428237926e-06
-3.514005462e-12
-2.414095991e-11
9.428189964e-06
9.013993261e-12
-2.44970675e-11
9.428055522e-06
5.234510244e-11
-3.646933024e-12
2.630021963e-10
-2.244828825e-11
9.428267199e-06
4.36475541e-13
-1.311493203e-13
9.428270442e-06
1.398624867e-12
5.12715721e-15
9.42826727e-06
-1.808095537e-13
-2.545752564e-13
9.428268289e-06
3.664777719e-13
-7.816895225e-14
9.428269155e-06
2.53486513e-13
7.710700855e-13
9.42827134e-06
1.240124301e-12
1.39652142e-12
9.428268892e-06
-8.695023073e-13
-4.26575328e-14
9.428269915e-06
8.094162559e-13
1.878945474e-12
9.428272056e-06
-1.067327037e-12
-1.495125243e-12
9.428273544e-06
-1.121127957e-12
3.762260138e-13
9.428294768e-06
-1.30342872e-11
-1.364402975e-11
9.42830539e-06
1.809297758e-12
3.505986683e-12
9.428433495e-06
-1.126604139e-11
-9.422354117e-12
7.742703199e-11
7.947883492e-11
9.428257375e-06
-1.347250184e-12
-1.2707689e-12
9.428259692e-06
5.08652483e-13
-1.587983139e-12
9.428258972e-06
1.2084278e-12
-1.989003226e-13
9.428259038e-06
1.952406756e-12
1.332278441e-12
9.428259256e-06
1.21828849e-12
-5.76788652e-13
9.428259579e-06
7.218938435e-13
2.279692681e-13
9.428259261e-06
-5.995620355e-13
1.610082893e-12
9.428256383e-06
3.927376095e-13
2.249064875e-12
9.428251912e-06
-3.151237006e-13
-6.353294039e-13
9.428249327e-06
3.666074417e-12
2.66111457e-12
9.428237743e-06
2.408135206e-12
4.180379636e-12
9.428226193e-06
1.741260012e-11
1.411609097e-11
9.428185332e-06
4.934212236e-11
6.705208744e-11
9.428236833e-06
8.312300903e-11
6.516545727e-11
9.291140507e-10
9.42828173e-06
1.109462682e-12
1.054546906e-12
9.428279916e-06
2.709532719e-13
6.06384992e-13
9.428279305e-06
-6.496330898e-13
1.371500168e-12
9.428277296e-06
-8.211450413e-14
2.00630056e-14
9.428277174e-06
1.135539701e-12
-1.312135266e-13
9.428277716e-06
1.401302017e-12
9.961412908e-13
9.428280543e-06
1.488111749e-13
1.581611026e-12
9.428279734e-06
6.452015123e-14
2.23586161e-12
9.428277877e-06
-3.6039461e-13
1.700293773e-12
9.428275785e-06
-2.74850059e-13
3.561957628e-12
9.428272061e-06
3.21947886e-12
8.198955975e-12
9.428278419e-06
1.072868697e-11
1.308773498e-11
9.428289848e-06
4.225697973e-11
5.28646729e-11
9.428355794e-06
3.223014591e-11
4.286425181e-11
3.862823259e-10
3.452148423e-10
9.428251832e-06
3.005761118e-13
9.428250661e-06
6.856157465e-13
9.428252053e-06
7.37044516e-13
9.428251166e-06
-4.183739814e-13
9.428250664e-06
-8.335039e-13
9.428250749e-06
8.194424261e-13
9.428252224e-06
1.640535384e-12
9.428253409e-06
2.158695663e-12
9.428251475e-06
3.183792389e-12
9.428254874e-06
6.010687573e-12
9.428253675e-06
9.89698801e-12
9.428259837e-06
1.391905643e-11
9.428296279e-06
4.66201983e-11
9.428331782e-06
4.026418523e-11
1.82102138e-10
9.428242939e-06
-2.342111966e-13
6.643396291e-13
9.428242043e-06
-3.659846082e-13
5.402070277e-13
9.42824327e-06
2.924078634e-13
5.891805885e-13
9.428241549e-06
-7.694937982e-13
-1.151780734e-13
9.428241004e-06
-6.008203865e-14
-1.393372589e-13
9.428242672e-06
6.063575245e-13
8.321272531e-13
9.428241756e-06
8.591593768e-14
3.363592308e-13
9.4282423e-06
-6.870096787e-13
8.343587359e-13
9.428243797e-06
-3.164345931e-12
3.144762012e-12
9.428247185e-06
-3.880950493e-12
5.989380406e-12
9.428251138e-06
-9.762224303e-12
1.324381109e-11
9.428260554e-06
-1.267279649e-11
1.907989028e-11
9.42830273e-06
-4.63176675e-11
4.959976187e-11
-3.736092813e-11
4.535387083e-11
9.428220318e-06
-8.365543257e-13
-4.906871865e-13
9.428219655e-06
-6.088688429e-15
9.984083186e-13
9.428218611e-06
-3.983695877e-13
-3.757376947e-13
9.428219617e-06
9.101199397e-13
-3.348543952e-13
9.428218662e-06
1.565395994e-13
-7.19626058e-13
9.428219981e-06
-9.942057156e-14
5.206444294e-13
9.428219349e-06
-3.345291602e-13
-1.377525692e-12
9.428218242e-06
-1.235534113e-12
-3.372018443e-14
9.428220085e-06
-2.324003875e-12
2.822111115e-12
9.428220282e-06
-4.986000853e-12
6.470146694e-12
9.42821944e-06
-1.021444877e-11
1.35390157e-11
9.428225414e-06
-1.892369802e-11
1.869722278e-11
9.42824827e-06
-7.806617394e-11
5.573462485e-11
-7.231738364e-11
4.854829336e-11
9.42820742e-06
-9.170174684e-13
6.433713583e-14
9.428206448e-06
-1.651906058e-12
-3.873609475e-13
9.428208114e-06
-1.151524407e-12
3.33148875e-14
9.428207948e-06
-1.643938568e-12
4.340478826e-13
9.428207733e-06
1.507951919e-13
8.943663824e-13
9.428207449e-06
5.937504762e-13
8.453833727e-13
9.428206501e-06
1.771846807e-12
9.225330558e-13
9.428204857e-06
8.003079462e-13
7.608234535e-13
9.428203749e-06
-6.012113046e-13
2.347027955e-12
9.428198943e-06
-2.054325535e-12
5.106837466e-12
9.428184976e-06
-5.234296001e-12
1.164003388e-11
9.428169968e-06
-1.248290617e-11
2.035960069e-11
9.428148491e-06
-6.600019261e-11
7.600786917e-11
-6.372760879e-11
7.118582645e-11
9.428241699e-06
-1.774849023e-12
1.107644527e-12
9.428241752e-06
-8.772248109e-13
7.746952097e-13
9.428241894e-06
3.418318138e-13
-4.947413604e-14
9.428242385e-06
1.067710716e-13
8.168872299e-13
9.428240926e-06
6.920521442e-13
6.854168683e-13
9.428241348e-06
8.337208524e-13
8.724647308e-13
9.42823933e-06
-5.095112145e-13
-1.193914497e-12
9.428236899e-06
-1.383328724e-12
-9.268527329e-13
9.428236817e-06
-7.712682371e-13
1.269388387e-15
9.428232664e-06
-2.786523733e-12
3.110757634e-12
9.428222413e-06
-7.936788144e-12
2.550036351e-12
9.428208015e-06
-1.714138335e-11
1.716350268e-11
9.428165348e-06
-8.833473127e-11
4.929849583e-11
-1.182508048e-10
8.279883431e-11
9.428261279e-06
3.358175907e-13
1.134154856e-12
9.428259499e-06
-6.095438356e-13
1.009239744e-12
9.428257434e-06
-7.773821804e-14
-4.915900536e-13
9.428257956e-06
-8.728027471e-13
4.032856263e-13
9.428257973e-06
-2.158245952e-12
-4.559474997e-13
9.428256702e-06
-8.15124078e-13
3.788436957e-13
9.428254384e-06
-3.801491328e-13
-5.249499111e-14
9.428253857e-06
7.437766405e-13
9.500446804e-13
9.428249919e-06
7.975521626e-13
-1.559222755e-13
9.428237626e-06
1.499384237e-12
2.720655403e-12
9.428202287e-06
6.100070213e-12
9.681211521e-13
9.428128415e-06
1.5660105e-11
1.516538576e-11
9.427854654e-06
8.584906239e-11
9.660709625e-11
1.168858601e-10
1.49869556e-10
9.42825587e-06
1.446157198e-14
-2.412255185e-13
9.428255243e-06
-8.981570733e-13
4.689324188e-13
9.428252793e-06
-4.156367936e-13
-8.256559877e-13
9.428254158e-06
7.116622639e-13
-2.308260128e-14
9.428254721e-06
-4.943942695e-13
1.79646196e-13
9.428254984e-06
5.502810549e-15
9.202251207e-13
9.428254344e-06
1.041045193e-12
2.905162531e-13
9.428250349e-06
1.544104546e-12
6.414215244e-13
9.428249395e-06
8.535007627e-13
1.006031443e-12
9.428243704e-06
2.143258343e-12
5.212130938e-12
9.428234704e-06
4.100186768e-12
3.979276348e-12
9.428219198e-06
1.259055283e-11
1.894140699e-11
9.428178936e-06
6.580319158e-11
5.097878645e-11
6.310203778e-11
8.193337104e-11
9.42823636e-06
1.757818544e-12
1.145792266e-12
9.428237041e-06
2.657787404e-12
2.139153771e-12
9.428235748e-06
1.819623878e-12
-1.352973317e-12
9.428235932e-06
1.147078303e-12
-1.342590685e-13
9.428236337e-06
1.59254088e-12
4.240907579e-13
9.428236655e-06
8.718403414e-13
6.514582102e-13
9.428234454e-06
-8.776291125e-13
-4.573610683e-13
9.428230958e-06
1.963545905e-13
1.560317138e-12
9.428230173e-06
2.482124339e-12
2.014137578e-12
9.42822312e-06
5.614815542e-12
4.862444564e-12
9.428213342e-06
1.072350603e-11
1.11984934e-11
9.428195447e-06
1.869471061e-11
2.112657114e-11
9.428176404e-06
7.626145901e-11
7.903389694e-11
7.137515804e-11
7.223280267e-11
9.428265164e-06
8.993338994e-14
-3.023388886e-13
9.428264998e-06
1.30156388e-13
-8.372819701e-14
9.428264571e-06
-1.163763014e-12
-1.427594944e-12
9.428265641e-06
1.852555144e-13
-7.783342511e-13
9.428266686e-06
3.31630052e-13
-5.107815838e-13
9.428266227e-06
1.042598353e-12
5.840248076e-13
9.428267203e-06
5.76674679e-13
1.387158318e-12
9.428264218e-06
-6.795907491e-13
9.176076833e-13
9.428265824e-06
1.374110961e-12
3.266450226e-12
9.428264803e-06
1.620661231e-12
5.090158503e-12
9.428266708e-06
7.158277664e-12
1.271322804e-11
9.428270347e-06
1.203845865e-11
1.967330526e-11
9.42829945e-06
4.77815768e-11
5.947078434e-11
9.428327372e-06
3.677693187e-11
4.90969162e-11
2.489331511e-10
9.428254092e-06
1.048557227e-12
9.42825235e-06
-1.282996795e-12
9.428254702e-06
1.177482258e-13
9.428252335e-06
1.534562285e-13
9.428254978e-06
5.13168485e-13
9.428252961e-06
1.894619692e-14
9.428253667e-06
1.468094264e-13
9.428255184e-06
1.995862695e-12
9.428256148e-06
3.782260084e-12
9.42825845e-06
5.414533573e-12
9.428266398e-06
1.328467997e-11
9.428274213e-06
1.874347791e-11
9.428317833e-06
5.09010766e-11
9.428351093e-06
4.620335467e-11
1.515924149e-10
9.428239309e-06
-1.138589765e-12
1.376307596e-13
9.428238968e-06
-1.461606125e-13
-4.735931946e-13
9.428239887e-06
-1.316075512e-12
-1.118534393e-13
9.428240998e-06
1.08671351e-13
-1.760822994e-13
9.428239646e-06
-2.991391252e-13
-5.68025654e-13
9.428239797e-06
2.24254835e-13
1.048697795e-12
9.428241479e-06
-1.48895321e-12
1.205336043e-12
9.428242566e-06
-1.15982127e-12
1.520706644e-12
9.428246204e-06
-2.453366727e-12
2.055483502e-12
9.428250993e-06
-4.582615626e-12
3.094617237e-12
9.428264415e-06
-9.461085928e-12
7.820415286e-12
9.428281798e-06
-1.275376167e-11
1.058713069e-11
9.428335996e-06
-3.38590946e-11
2.851425067e-11
-2.703024787e-11
2.642881134e-11
9.428242919e-06
-4.111779147e-13
2.937517253e-13
9.428240102e-06
-1.741512889e-12
-3.80986954e-13
9.428240936e-06
-2.98440551e-13
5.194275475e-13
9.428240763e-06
6.585802908e-13
3.473491916e-13
9.428240298e-06
3.991940806e-13
1.946993246e-12
9.428239951e-06
-8.712639736e-13
6.908548354e-13
9.428240946e-06
1.164841953e-12
2.114467446e-12
9.428242563e-06
-1.675100581e-12
2.056016915e-12
9.428245981e-06
-2.873844405e-12
2.701066918e-12
9.428249936e-06
-5.358609137e-12
3.085854867e-12
9.42825906e-06
-1.238672749e-11
9.550572867e-12
9.428273479e-06
-1.81500469e-11
1.244394173e-11
9.428320563e-06
-5.824507485e-11
3.396996888e-11
-5.025546078e-11
2.60812692e-11
9.428253985e-06
-3.204164026e-13
7.431578261e-15
9.428253709e-06
-2.137536815e-14
-2.331815664e-13
9.428253383e-06
-1.014566676e-12
-7.103031908e-13
9.428251386e-06
-3.317598904e-13
-7.548936939e-13
9.428251642e-06
5.522583395e-13
3.583197691e-13
9.428253217e-06
6.024098641e-13
7.615331169e-13
9.428249819e-06
-5.808872421e-13
2.193376057e-13
9.428250845e-06
-7.09118109e-14
2.761437984e-12
9.428251152e-06
-1.529929478e-12
2.995193398e-12
9.428250324e-06
-3.020778563e-12
2.336819324e-12
9.428249296e-06
-9.194866026e-12
8.203274648e-12
9.428253028e-06
-1.417504768e-11
1.208448222e-11
9.428281521e-06
-5.238855183e-11
4.675136954e-11
-4.317957901e-11
3.576430042e-11
9.428255257e-06
-1.508794331e-12
-5.877628639e-14
9.428255793e-06
-1.079172987e-12
5.524236844e-13
9.428256687e-06
-6.575391861e-13
9.88968512e-13
9.428256011e-06
3.324252898e-13
4.903174628e-13
9.428257178e-06
6.427141799e-13
1.574140956e-13
9.428256921e-06
5.278214769e-13
3.028566812e-13
9.428254612e-06
2.239420022e-13
8.346343094e-14
9.42825519e-06
9.57099157e-13
1.840098195e-12
9.42825428e-06
-4.92219634e-13
1.090718181e-12
9.428252876e-06
-2.259302454e-12
1.667905012e-12
9.428248335e-06
-7.930369042e-12
4.432760451e-12
9.428256061e-06
-1.506111627e-11
9.929840416e-12
9.428262796e-06
-5.446457035e-11
4.158490865e-11
-6.245211466e-11
3.410247939e-11
9.428239758e-06
-2.012341582e-12
-1.245871194e-13
9.428241831e-06
-4.231855011e-13
7.539164375e-13
9.428243192e-06
-9.310007536e-13
5.649249644e-13
9.42824344e-06
-1.039994747e-12
7.172329041e-13
9.428244113e-06
-7.650454931e-13
8.111500227e-13
9.4282419e-06
-7.289445933e-13
-1.526655991e-13
9.428241209e-06
-1.252212346e-13
1.007559136e-12
9.428239493e-06
5.197309602e-13
1.953762948e-12
9.428234895e-06
1.451475785e-12
1.612126435e-12
9.428228115e-06
3.476095337e-12
1.28733007e-12
9.42820725e-06
6.811971359e-12
6.260625471e-12
9.428183927e-06
1.551222816e-11
1.353008498e-11
9.428093359e-06
5.393360131e-11
7.456581576e-11
6.106013787e-11
6.648161411e-11
9.428237233e-06
6.492350236e-13
8.164504324e-13
9.428234917e-06
2.520078425e-13
-8.759893903e-14
9.428235119e-06
-4.788755435e-13
1.090786157e-12
9.428234424e-06
6.78183043e-13
1.622531339e-12
9.42823526e-06
1.253530607e-13
1.146703913e-12
9.42823429e-06
-5.505338547e-13
-1.176558025e-14
9.42823457e-06
6.436810428e-13
5.183237716e-13
9.428230775e-06
2.144607348e-12
2.226549972e-12
9.428230905e-06
1.411926087e-12
1.487371081e-12
9.428228455e-06
2.300128155e-12
1.440846971e-12
9.428229679e-06
7.982703523e-12
6.091355874e-12
9.428234099e-06
1.209390003e-11
9.117221514e-12
9.428241549e-06
5.250020865e-11
4.083283147e-11
4.397250056e-11
3.386771112e-11
9.428261313e-06
2.762366271e-13
6.158738579e-13
9.428259076e-06
-1.957608519e-13
2.507992088e-13
9.428262202e-06
7.997099193e-13
7.176152577e-13
9.428259599e-06
-5.809480969e-13
1.329966295e-12
9.428258215e-06
-5.267562006e-13
1.761098594e-13
9.428260116e-06
1.077407092e-12
6.768891789e-13
9.428259439e-06
8.754912607e-13
3.207093136e-13
9.428255337e-06
-1.673852597e-13
7.380570563e-14
9.428256953e-06
3.644128698e-12
3.326589469e-12
9.428254682e-06
5.168778522e-12
4.075550564e-12
9.428256413e-06
1.235050157e-11
9.24868258e-12
9.428257719e-06
1.74398747e-11
1.108265062e-11
9.42828426e-06
5.637787137e-11
4.530999574e-11
4.791145039e-11
3.591829353e-11
9.428242321e-06
1.098762458e-12
1.295087781e-12
9.428242279e-06
7.944916842e-14
9.691137929e-13
9.428242572e-06
3.311644231e-13
1.958012238e-12
9.42824163e-06
1.93299757e-13
2.538118927e-12
9.428243241e-06
7.751765684e-13
2.620269344e-12
9.428243379e-06
4.629729329e-13
1.174542656e-12
9.428242793e-06
-2.725182015e-13
3.929491614e-13
9.428244102e-06
8.448883809e-13
3.408220165e-13
9.428247858e-06
1.297087755e-12
1.658783742e-12
9.428250441e-06
2.041997515e-12
3.061854723e-12
9.428260658e-06
7.010050035e-12
8.013308259e-12
9.428276323e-06
1.085798611e-11
1.024854596e-11
9.428322039e-06
3.329726192e-11
3.17781983e-11
2.722494819e-11
2.762497745e-11
9.428240842e-06
2.138910911e-13
9.428241161e-06
-4.761880662e-13
9.428242136e-06
-1.046543646e-12
9.428241623e-06
4.725657469e-13
9.428243106e-06
1.000403755e-12
9.428243809e-06
1.48194628e-12
9.428244095e-06
1.250851725e-12
9.428244977e-06
2.019271624e-12
9.428249199e-06
2.305454524e-12
9.42825525e-06
3.062206038e-12
9.428269456e-06
8.841679055e-12
9.428287315e-06
1.029375751e-11
9.428340457e-06
2.64809287e-11
9.428388357e-06
2.526592924e-11
9.428250973e-06
-1.229263249e-12
9.428252883e-06
5.435219791e-13
9.428250672e-06
6.841068811e-13
9.428250967e-06
5.781978559e-13
9.428251195e-06
9.453755087e-13
9.428250389e-06
1.679059359e-15
9.428251262e-06
-6.098383277e-13
9.428255651e-06
-9.050176517e-13
9.42826094e-06
-2.15946066e-12
9.428268744e-06
-4.804849848e-12
9.428284876e-06
-9.738670889e-12
9.428304719e-06
-1.151951766e-11
9.428360441e-06
-2.859553451e-11
-2.690248215e-11
9.428251853e-06
-2.398421596e-13
9.428251585e-06
-1.528186588e-12
9.428251448e-06
-1.510966162e-12
9.428251719e-06
-8.566757597e-13
9.428250299e-06
-6.163126245e-13
9.428251825e-06
-4.316383311e-13
9.428252159e-06
-8.010689923e-13
9.428253673e-06
-1.031066526e-12
9.428259296e-06
-3.296204166e-12
9.428264844e-06
-6.450186515e-12
9.42827643e-06
-1.440011976e-11
9.428292689e-06
-1.986708988e-11
9.428348032e-06
-5.056966435e-11
-4.650927564e-11
9.428249321e-06
-5.83984088e-13
9.428250641e-06
6.309938699e-13
9.428250853e-06
1.755716708e-12
9.428249938e-06
2.361343068e-13
9.428249616e-06
-5.148190886e-13
9.428249815e-06
-1.540275983e-13
9.42825023e-06
-6.702754975e-13
9.428251155e-06
-9.02878688e-13
9.428250967e-06
-2.746110452e-12
9.428255236e-06
-4.574932628e-12
9.42826076e-06
-1.173898004e-11
9.428269e-06
-1.465561285e-11
9.428311901e-06
-4.628407257e-11
-3.966522565e-11
9.428239382e-06
-1.103209584e-12
9.428240034e-06
-4.031585389e-13
9.428238946e-06
-4.124621291e-13
9.428239478e-06
1.982449139e-13
9.428239565e-06
5.275841648e-13
9.428239235e-06
-1.973060319e-13
9.428239807e-06
4.811111144e-13
9.42824006e-06
3.546159967e-13
9.428239516e-06
-1.201856268e-13
9.428241403e-06
-2.192957793e-12
9.428241486e-06
-6.743405712e-12
9.428248354e-06
-1.154714891e-11
9.428283524e-06
-3.92184565e-11
-4.416584554e-11
9.428260159e-06
-5.739975425e-13
9.428259864e-06
-1.129427926e-12
9.428258423e-06
-1.316634799e-12
9.428259721e-06
-1.469804886e-13
9.428258097e-06
-9.212948191e-14
9.4282585e-06
-2.041982938e-13
9.428258143e-06
-2.849970669e-13
9.428258438e-06
6.037708393e-13
9.428253589e-06
2.130157382e-13
9.428253615e-06
2.818274719e-12
9.428242509e-06
7.432043883e-12
9.428230926e-06
1.09407339e-11
9.42822608e-06
3.731776683e-11
4.267150189e-11
9.428219291e-06
2.728724933e-13
9.428221343e-06
4.777501164e-13
9.42822114e-06
-1.219897164e-12
9.428221468e-06
1.252006796e-13
9.428219777e-06
-1.322455938e-12
9.428221218e-06
-4.737791433e-13
9.428223632e-06
-3.42448188e-13
9.428221082e-06
-1.536250681e-12
9.42822303e-06
1.970129377e-12
9.428222734e-06
4.128982059e-12
9.428223772e-06
9.869018506e-12
9.428233827e-06
1.314475149e-11
9.42826831e-06
4.535138661e-11
3.985394576e-11
9.4282484e-06
4.485346856e-13
9.428245938e-06
4.262822046e-13
9.428250248e-06
1.819707956e-12
9.428247613e-06
1.495105733e-12
9.428248618e-06
2.10042601e-12
9.428249232e-06
2.14762254e-12
9.428247805e-06
9.645192743e-13
9.428247136e-06
5.564645864e-13
9.428248453e-06
2.713117753e-12
9.42825002e-06
4.205010585e-12
9.428254541e-06
1.05708745e-11
9.428264387e-06
1.715287812e-11
9.428308885e-06
4.766096011e-11
4.523994245e-11
9.428272604e-06
5.377611881e-13
9.428273989e-06
-1.467977737e-12
9.428272947e-06
-1.91952359e-12
9.428271759e-06
-1.208879578e-12
9.428272048e-06
4.360596576e-13
9.428274057e-06
4.591683774e-14
9.428275154e-06
-4.558744202e-13
9.428277507e-06
1.704823489e-12
9.428281959e-06
1.737355634e-12
9.428285705e-06
1.832158076e-12
9.428300385e-06
8.403667991e-12
9.428318016e-06
1.027937398e-11
9.428372059e-06
2.835722488e-11
2.565902786e-11
9.428242547e-06
9.428245595e-06
9.428247042e-06
9.428245302e-06
9.428246072e-06
9.428245789e-06
9.428248318e-06
9.428249067e-06
9.428255716e-06
9.428264175e-06
9.428281963e-06
9.42830178e-06
9.428359746e-06
)
;

boundaryField
{
    top
    {
        type            calculated;
        value           uniform 0;
    }
    bottom
    {
        type            calculated;
        value           uniform 0;
    }
    side-walls
    {
        type            calculated;
        value           uniform 0;
    }
    inlet
    {
        type            calculated;
        value           nonuniform List<scalar> 
81
(
-9.428250543e-06
-9.428243024e-06
-9.428266263e-06
-9.428237336e-06
-9.42824215e-06
-9.42825661e-06
-9.428255533e-06
-9.428236899e-06
-9.428246407e-06
-9.428233797e-06
-9.428243591e-06
-9.428238291e-06
-9.428241533e-06
-9.428239031e-06
-9.428253088e-06
-9.428227362e-06
-9.428257611e-06
-9.42823608e-06
-9.428229536e-06
-9.42825576e-06
-9.428241574e-06
-9.42825135e-06
-9.428245772e-06
-9.428253915e-06
-9.428232348e-06
-9.428245347e-06
-9.428265881e-06
-9.428246014e-06
-9.428251632e-06
-9.428245877e-06
-9.428251129e-06
-9.428259194e-06
-9.428252393e-06
-9.428263801e-06
-9.428221304e-06
-9.428238129e-06
-9.428252285e-06
-9.428248182e-06
-9.428241753e-06
-9.428256278e-06
-9.428221851e-06
-9.428213295e-06
-9.42824943e-06
-9.42825833e-06
-9.428268168e-06
-9.428270101e-06
-9.428249128e-06
-9.428229791e-06
-9.428262917e-06
-9.428221266e-06
-9.428268071e-06
-9.428258969e-06
-9.428280649e-06
-9.428251366e-06
-9.428242647e-06
-9.428220053e-06
-9.428206301e-06
-9.428241489e-06
-9.42825958e-06
-9.428255287e-06
-9.428235506e-06
-9.428265337e-06
-9.428252905e-06
-9.428239185e-06
-9.428241279e-06
-9.428253329e-06
-9.428255001e-06
-9.42823827e-06
-9.428235485e-06
-9.428259804e-06
-9.42824246e-06
-9.428242002e-06
-9.42825138e-06
-9.428252171e-06
-9.428249023e-06
-9.428238967e-06
-9.428258685e-06
-9.428219836e-06
-9.428247703e-06
-9.428273479e-06
-9.428244195e-06
)
;
    }
    outlet
    {
        type            calculated;
        value           nonuniform 0();
    }
    procBoundary0to1
    {
        type            processor;
        value           nonuniform List<scalar> 
97
(
9.428569706e-06
-7.6131717e-11
9.428582154e-06
9.428643233e-06
9.428693136e-06
9.428785672e-06
9.428702668e-06
9.428633464e-06
9.428573178e-06
9.428561596e-06
9.428378285e-06
1.185907361e-10
9.428623909e-06
-2.471421777e-10
9.428712305e-06
9.428855225e-06
9.429091301e-06
9.428861433e-06
9.428694242e-06
9.428641247e-06
9.428575149e-06
9.42832189e-06
9.42831458e-06
5.612932206e-10
9.42891908e-06
-9.364174205e-10
9.429182787e-06
9.429792322e-06
9.42919277e-06
9.428904759e-06
9.428714555e-06
9.428646072e-06
9.428329108e-06
9.428327808e-06
9.428222506e-06
1.837482548e-09
9.429096598e-06
-1.989761136e-09
9.429716672e-06
9.429096709e-06
9.429197783e-06
9.428839575e-06
9.42869113e-06
9.428197876e-06
9.428065231e-06
9.427430252e-06
9.427248739e-06
1.339330676e-08
9.500606793e-06
1.339078583e-08
9.429667519e-06
1.987965826e-09
9.429792273e-06
9.429110187e-06
9.428807213e-06
9.428351392e-06
9.428326742e-06
9.42820429e-06
9.428795121e-06
9.427217701e-06
9.428802947e-06
-1.836073207e-09
9.429193856e-06
9.365616509e-10
9.428889035e-06
9.428703939e-06
9.428335234e-06
9.428276576e-06
9.428132464e-06
9.428214029e-06
9.427447901e-06
9.428227228e-06
9.428161586e-06
-5.613452318e-10
9.428733873e-06
2.473499096e-10
9.428634229e-06
9.428381852e-06
9.428364397e-06
9.428309543e-06
9.428330392e-06
9.428060347e-06
9.428310734e-06
9.428314592e-06
9.428369119e-06
-1.189641038e-10
9.428583554e-06
7.924608754e-11
9.428410083e-06
9.428395492e-06
9.428344657e-06
9.428318536e-06
9.428212108e-06
9.428303742e-06
9.428341856e-06
9.428419227e-06
9.428409073e-06
)
;
    }
}


// ************************************************************************* //
