/*--------------------------------*- C++ -*----------------------------------*\
| =========                 |                                                 |
| \\      /  F ield         | OpenFOAM: The Open Source CFD Toolbox           |
|  \\    /   O peration     | Version:  4.x                                   |
|   \\  /    A nd           | Web:      www.OpenFOAM.org                      |
|    \\/     M anipulation  |                                                 |
\*---------------------------------------------------------------------------*/
FoamFile
{
    version     2.0;
    format      ascii;
    class       volScalarField;
    location    "5000";
    object      X_N2;
}
// * * * * * * * * * * * * * * * * * * * * * * * * * * * * * * * * * * * * * //

dimensions      [0 0 0 0 0 0 0];

internalField   nonuniform List<scalar> 
1175
(
0.6000430213
0.6000430213
0.6000430213
0.6000430213
0.6000430213
0.6000430213
0.6000430213
0.6000430213
0.6000430213
0.6000430213
0.6000430213
0.6000430213
0.6000430212
0.6000430212
0.600043021
0.6000430213
0.6000430213
0.6000430213
0.6000430213
0.6000430213
0.6000430213
0.6000430213
0.6000430213
0.6000430213
0.6000430213
0.6000430213
0.6000430213
0.6000430212
0.6000430211
0.6000430208
0.6000430213
0.6000430213
0.6000430213
0.6000430213
0.6000430213
0.6000430213
0.6000430213
0.6000430213
0.6000430213
0.6000430213
0.6000430213
0.6000430213
0.6000430212
0.6000430211
0.6000430206
0.6000430213
0.6000430213
0.6000430213
0.6000430213
0.6000430213
0.6000430213
0.6000430213
0.6000430213
0.6000430213
0.6000430213
0.6000430213
0.6000430213
0.6000430212
0.600043021
0.6000430204
0.6000430213
0.6000430213
0.6000430213
0.6000430213
0.6000430213
0.6000430213
0.6000430213
0.6000430213
0.6000430213
0.6000430213
0.6000430213
0.6000430213
0.6000430212
0.600043021
0.6000430204
0.6000430213
0.6000430213
0.6000430213
0.6000430213
0.6000430213
0.6000430213
0.6000430213
0.6000430213
0.6000430213
0.6000430213
0.6000430213
0.6000430213
0.6000430212
0.600043021
0.6000430204
0.6000430213
0.6000430213
0.6000430213
0.6000430213
0.6000430213
0.6000430213
0.6000430213
0.6000430213
0.6000430213
0.6000430213
0.6000430213
0.6000430213
0.6000430212
0.6000430211
0.6000430207
0.6000430213
0.6000430213
0.6000430213
0.6000430213
0.6000430213
0.6000430213
0.6000430213
0.6000430213
0.6000430213
0.6000430213
0.6000430213
0.6000430213
0.6000430212
0.6000430211
0.6000430209
0.6000430213
0.6000430213
0.6000430213
0.6000430213
0.6000430213
0.6000430213
0.6000430213
0.6000430213
0.6000430213
0.6000430213
0.6000430213
0.6000430213
0.6000430213
0.6000430212
0.600043021
0.6000430213
0.6000430213
0.6000430213
0.6000430213
0.6000430213
0.6000430213
0.6000430213
0.6000430213
0.6000430213
0.6000430213
0.6000430213
0.6000430213
0.6000430212
0.6000430211
0.6000430213
0.6000430213
0.6000430213
0.6000430213
0.6000430213
0.6000430213
0.6000430213
0.6000430213
0.6000430213
0.6000430213
0.6000430213
0.6000430213
0.6000430212
0.600043021
0.6000430205
0.6000430213
0.6000430213
0.6000430213
0.6000430213
0.6000430213
0.6000430213
0.6000430213
0.6000430213
0.6000430213
0.6000430213
0.6000430213
0.6000430213
0.6000430212
0.6000430209
0.6000430201
0.6000430213
0.6000430213
0.6000430213
0.6000430213
0.6000430213
0.6000430213
0.6000430213
0.6000430213
0.6000430213
0.6000430213
0.6000430213
0.6000430213
0.6000430212
0.6000430209
0.6000430198
0.6000430213
0.6000430213
0.6000430213
0.6000430213
0.6000430213
0.6000430213
0.6000430213
0.6000430213
0.6000430213
0.6000430213
0.6000430213
0.6000430213
0.6000430212
0.6000430211
0.6000430201
0.6000430213
0.6000430213
0.6000430213
0.6000430213
0.6000430213
0.6000430213
0.6000430213
0.6000430213
0.6000430213
0.6000430213
0.6000430213
0.6000430213
0.6000430212
0.6000430209
0.60004302
0.6000430213
0.6000430213
0.6000430213
0.6000430213
0.6000430213
0.6000430213
0.6000430213
0.6000430213
0.6000430213
0.6000430213
0.6000430213
0.6000430213
0.6000430212
0.600043021
0.6000430203
0.6000430213
0.6000430213
0.6000430213
0.6000430213
0.6000430213
0.6000430213
0.6000430213
0.6000430213
0.6000430213
0.6000430213
0.6000430213
0.6000430213
0.6000430212
0.6000430211
0.6000430207
0.6000430213
0.6000430213
0.6000430213
0.6000430213
0.6000430213
0.6000430213
0.6000430213
0.6000430213
0.6000430213
0.6000430213
0.6000430213
0.6000430213
0.6000430212
0.6000430211
0.6000430209
0.6000430213
0.6000430213
0.6000430213
0.6000430213
0.6000430213
0.6000430213
0.6000430213
0.6000430213
0.6000430213
0.6000430213
0.6000430213
0.6000430213
0.6000430212
0.6000430209
0.6000430213
0.6000430213
0.6000430213
0.6000430213
0.6000430213
0.6000430213
0.6000430213
0.6000430213
0.6000430213
0.6000430213
0.6000430213
0.6000430212
0.6000430211
0.6000430207
0.6000430213
0.6000430213
0.6000430213
0.6000430213
0.6000430213
0.6000430213
0.6000430213
0.6000430213
0.6000430213
0.6000430213
0.6000430213
0.6000430212
0.6000430211
0.6000430205
0.6000430186
0.6000430213
0.6000430213
0.6000430213
0.6000430213
0.6000430213
0.6000430213
0.6000430213
0.6000430213
0.6000430213
0.6000430213
0.6000430213
0.6000430213
0.6000430212
0.6000430209
0.6000430188
0.6000430213
0.6000430213
0.6000430213
0.6000430213
0.6000430213
0.6000430213
0.6000430213
0.6000430213
0.6000430213
0.6000430213
0.6000430213
0.6000430213
0.6000430216
0.6000430225
0.600043023
0.6000430213
0.6000430213
0.6000430213
0.6000430213
0.6000430213
0.6000430213
0.6000430213
0.6000430213
0.6000430213
0.6000430213
0.6000430213
0.6000430213
0.6000430213
0.6000430212
0.6000430198
0.6000430213
0.6000430213
0.6000430213
0.6000430213
0.6000430213
0.6000430213
0.6000430213
0.6000430213
0.6000430213
0.6000430213
0.6000430213
0.6000430213
0.6000430212
0.6000430209
0.6000430197
0.6000430213
0.6000430213
0.6000430213
0.6000430213
0.6000430213
0.6000430213
0.6000430213
0.6000430213
0.6000430213
0.6000430213
0.6000430213
0.6000430213
0.6000430212
0.600043021
0.6000430203
0.6000430213
0.6000430213
0.6000430213
0.6000430213
0.6000430213
0.6000430213
0.6000430213
0.6000430213
0.6000430213
0.6000430213
0.6000430213
0.6000430213
0.6000430212
0.6000430211
0.6000430207
0.6000430213
0.6000430213
0.6000430213
0.6000430213
0.6000430213
0.6000430213
0.6000430213
0.6000430213
0.6000430213
0.6000430213
0.6000430213
0.6000430212
0.6000430211
0.6000430208
0.6000430213
0.6000430213
0.6000430213
0.6000430213
0.6000430213
0.6000430213
0.6000430213
0.6000430213
0.6000430213
0.6000430213
0.6000430213
0.6000430212
0.600043021
0.6000430204
0.6000430213
0.6000430213
0.6000430213
0.6000430213
0.6000430213
0.6000430213
0.6000430213
0.6000430213
0.6000430213
0.6000430213
0.6000430213
0.6000430212
0.600043021
0.6000430198
0.6000430213
0.6000430213
0.6000430213
0.6000430213
0.6000430213
0.6000430213
0.6000430213
0.6000430213
0.6000430213
0.6000430213
0.6000430213
0.6000430213
0.6000430216
0.6000430219
0.6000430183
0.6000430213
0.6000430213
0.6000430213
0.6000430213
0.6000430213
0.6000430213
0.6000430213
0.6000430213
0.6000430213
0.6000430213
0.6000430213
0.6000430216
0.6000430234
0.6000430321
0.6000430616
0.6000430213
0.6000430213
0.6000430213
0.6000430213
0.6000430213
0.6000430213
0.6000430213
0.6000430213
0.6000430213
0.6000430213
0.6000430213
0.6000430214
0.6000430218
0.6000430235
0.6000430255
0.6000430213
0.6000430213
0.6000430213
0.6000430213
0.6000430213
0.6000430213
0.6000430213
0.6000430213
0.6000430213
0.6000430213
0.6000430213
0.6000430213
0.6000430212
0.6000430211
0.6000430197
0.6000430213
0.6000430213
0.6000430213
0.6000430213
0.6000430213
0.6000430213
0.6000430213
0.6000430213
0.6000430213
0.6000430213
0.6000430213
0.6000430213
0.6000430212
0.6000430209
0.6000430199
0.6000430213
0.6000430213
0.6000430213
0.6000430213
0.6000430213
0.6000430213
0.6000430213
0.6000430213
0.6000430213
0.6000430213
0.6000430213
0.6000430213
0.6000430212
0.600043021
0.6000430204
0.6000430213
0.6000430213
0.6000430213
0.6000430213
0.6000430213
0.6000430213
0.6000430213
0.6000430213
0.6000430213
0.6000430213
0.6000430213
0.6000430212
0.6000430211
0.6000430207
0.6000430213
0.6000430213
0.6000430213
0.6000430213
0.6000430213
0.6000430213
0.6000430213
0.6000430213
0.6000430213
0.6000430213
0.6000430213
0.6000430212
0.600043021
0.6000430202
0.6000430213
0.6000430213
0.6000430213
0.6000430213
0.6000430213
0.6000430213
0.6000430213
0.6000430213
0.6000430213
0.6000430213
0.6000430213
0.6000430212
0.600043021
0.6000430195
0.6000430213
0.6000430213
0.6000430213
0.6000430213
0.6000430213
0.6000430213
0.6000430213
0.6000430213
0.6000430213
0.6000430213
0.6000430213
0.6000430214
0.6000430221
0.6000430233
0.6000430213
0.6000430213
0.6000430213
0.6000430213
0.6000430213
0.6000430213
0.6000430213
0.6000430213
0.6000430213
0.6000430213
0.6000430214
0.6000430221
0.600043028
0.6000430732
0.6000434279
0.6000430213
0.6000430213
0.6000430213
0.6000430213
0.6000430213
0.6000430213
0.6000430213
0.6000430213
0.6000430213
0.6000430213
0.6000430213
0.6000430215
0.6000430229
0.6000430304
0.6000430601
0.6000430213
0.6000430213
0.6000430213
0.6000430213
0.6000430213
0.6000430213
0.6000430213
0.6000430213
0.6000430213
0.6000430213
0.6000430213
0.6000430213
0.6000430214
0.6000430219
0.6000430227
0.6000430213
0.6000430213
0.6000430213
0.6000430213
0.6000430213
0.6000430213
0.6000430213
0.6000430213
0.6000430213
0.6000430213
0.6000430213
0.6000430212
0.6000430212
0.6000430209
0.60004302
0.6000430213
0.6000430213
0.6000430213
0.6000430213
0.6000430213
0.6000430213
0.6000430213
0.6000430213
0.6000430213
0.6000430213
0.6000430213
0.6000430213
0.6000430212
0.600043021
0.6000430203
0.6000430213
0.6000430213
0.6000430213
0.6000430213
0.6000430213
0.6000430213
0.6000430213
0.6000430213
0.6000430213
0.6000430213
0.6000430213
0.6000430212
0.6000430211
0.6000430208
0.6000430213
0.6000430213
0.6000430213
0.6000430213
0.6000430213
0.6000430213
0.6000430213
0.6000430213
0.6000430213
0.6000430213
0.6000430213
0.6000430212
0.600043021
0.6000430203
0.6000430213
0.6000430213
0.6000430213
0.6000430213
0.6000430213
0.6000430213
0.6000430213
0.6000430213
0.6000430213
0.6000430213
0.6000430213
0.6000430212
0.6000430208
0.6000430194
0.6000430213
0.6000430213
0.6000430213
0.6000430213
0.6000430213
0.6000430213
0.6000430213
0.6000430213
0.6000430213
0.6000430213
0.6000430213
0.6000430212
0.6000430208
0.6000430187
0.6000430213
0.6000430213
0.6000430213
0.6000430213
0.6000430213
0.6000430213
0.6000430213
0.6000430213
0.6000430213
0.6000430213
0.6000430213
0.6000430213
0.6000430216
0.6000430219
0.6000430213
0.6000430213
0.6000430213
0.6000430213
0.6000430213
0.6000430213
0.6000430213
0.6000430213
0.6000430213
0.6000430213
0.6000430213
0.6000430212
0.600043021
0.6000430197
0.6000430213
0.6000430213
0.6000430213
0.6000430213
0.6000430213
0.6000430213
0.6000430213
0.6000430213
0.6000430213
0.6000430213
0.6000430213
0.6000430212
0.600043021
0.6000430203
0.6000430171
0.6000430213
0.6000430213
0.6000430213
0.6000430213
0.6000430213
0.6000430213
0.6000430213
0.6000430213
0.6000430213
0.6000430213
0.6000430213
0.6000430212
0.6000430211
0.6000430207
0.6000430195
0.6000430213
0.6000430213
0.6000430213
0.6000430213
0.6000430213
0.6000430213
0.6000430213
0.6000430213
0.6000430213
0.6000430213
0.6000430213
0.6000430213
0.6000430212
0.600043021
0.6000430203
0.6000430213
0.6000430213
0.6000430213
0.6000430213
0.6000430213
0.6000430213
0.6000430213
0.6000430213
0.6000430213
0.6000430213
0.6000430213
0.6000430213
0.6000430212
0.6000430209
0.6000430213
0.6000430213
0.6000430213
0.6000430213
0.6000430213
0.6000430213
0.6000430213
0.6000430213
0.6000430213
0.6000430213
0.6000430213
0.6000430212
0.6000430211
0.6000430207
0.6000430213
0.6000430213
0.6000430213
0.6000430213
0.6000430213
0.6000430213
0.6000430213
0.6000430213
0.6000430213
0.6000430213
0.6000430213
0.6000430212
0.6000430209
0.6000430201
0.6000430213
0.6000430213
0.6000430213
0.6000430213
0.6000430213
0.6000430213
0.6000430213
0.6000430213
0.6000430213
0.6000430213
0.6000430213
0.6000430212
0.6000430208
0.6000430194
0.6000430213
0.6000430213
0.6000430213
0.6000430213
0.6000430213
0.6000430213
0.6000430213
0.6000430213
0.6000430213
0.6000430213
0.6000430213
0.6000430212
0.6000430208
0.6000430193
0.6000430213
0.6000430213
0.6000430213
0.6000430213
0.6000430213
0.6000430213
0.6000430213
0.6000430213
0.6000430213
0.6000430213
0.6000430213
0.6000430212
0.6000430208
0.6000430196
0.6000430213
0.6000430213
0.6000430213
0.6000430213
0.6000430213
0.6000430213
0.6000430213
0.6000430213
0.6000430213
0.6000430213
0.6000430213
0.6000430212
0.600043021
0.6000430202
0.6000430213
0.6000430213
0.6000430213
0.6000430213
0.6000430213
0.6000430213
0.6000430213
0.6000430213
0.6000430213
0.6000430213
0.6000430213
0.6000430212
0.6000430211
0.6000430208
0.6000430198
0.6000430213
0.6000430213
0.6000430213
0.6000430213
0.6000430213
0.6000430213
0.6000430213
0.6000430213
0.6000430213
0.6000430213
0.6000430213
0.6000430213
0.6000430212
0.600043021
0.6000430206
0.6000430213
0.6000430213
0.6000430213
0.6000430213
0.6000430213
0.6000430213
0.6000430213
0.6000430213
0.6000430213
0.6000430213
0.6000430213
0.6000430213
0.6000430212
0.6000430211
0.6000430213
0.6000430213
0.6000430213
0.6000430213
0.6000430213
0.6000430213
0.6000430213
0.6000430213
0.6000430213
0.6000430213
0.6000430213
0.6000430213
0.6000430212
0.6000430209
0.6000430213
0.6000430213
0.6000430213
0.6000430213
0.6000430213
0.6000430213
0.6000430213
0.6000430213
0.6000430213
0.6000430213
0.6000430213
0.6000430212
0.6000430211
0.6000430207
0.6000430213
0.6000430213
0.6000430213
0.6000430213
0.6000430213
0.6000430213
0.6000430213
0.6000430213
0.6000430213
0.6000430213
0.6000430213
0.6000430212
0.600043021
0.6000430203
0.6000430213
0.6000430213
0.6000430213
0.6000430213
0.6000430213
0.6000430213
0.6000430213
0.6000430213
0.6000430213
0.6000430213
0.6000430213
0.6000430212
0.600043021
0.6000430202
0.6000430213
0.6000430213
0.6000430213
0.6000430213
0.6000430213
0.6000430213
0.6000430213
0.6000430213
0.6000430213
0.6000430213
0.6000430213
0.6000430212
0.600043021
0.6000430204
0.6000430213
0.6000430213
0.6000430213
0.6000430213
0.6000430213
0.6000430213
0.6000430213
0.6000430213
0.6000430213
0.6000430213
0.6000430213
0.6000430212
0.6000430211
0.6000430207
0.6000430213
0.6000430213
0.6000430213
0.6000430213
0.6000430213
0.6000430213
0.6000430213
0.6000430213
0.6000430213
0.6000430213
0.6000430213
0.6000430213
0.6000430212
0.6000430209
0.6000430213
0.6000430213
0.6000430213
0.6000430213
0.6000430213
0.6000430213
0.6000430213
0.6000430213
0.6000430213
0.6000430213
0.6000430213
0.6000430213
0.6000430212
0.6000430211
0.6000430208
0.6000430213
0.6000430213
0.6000430213
0.6000430213
0.6000430213
0.6000430213
0.6000430213
0.6000430213
0.6000430213
0.6000430213
0.6000430213
0.6000430213
0.6000430212
0.6000430211
0.6000430213
0.6000430213
0.6000430213
0.6000430213
0.6000430213
0.6000430213
0.6000430213
0.6000430213
0.6000430213
0.6000430213
0.6000430213
0.6000430213
0.6000430212
0.6000430211
0.6000430213
0.6000430213
0.6000430213
0.6000430213
0.6000430213
0.6000430213
0.6000430213
0.6000430213
0.6000430213
0.6000430213
0.6000430213
0.6000430213
0.6000430212
0.6000430209
0.6000430213
0.6000430213
0.6000430213
0.6000430213
0.6000430213
0.6000430213
0.6000430213
0.6000430213
0.6000430213
0.6000430213
0.6000430213
0.6000430212
0.6000430211
0.6000430208
0.6000430213
0.6000430213
0.6000430213
0.6000430213
0.6000430213
0.6000430213
0.6000430213
0.6000430213
0.6000430213
0.6000430213
0.6000430213
0.6000430212
0.6000430211
0.6000430207
0.6000430213
0.6000430213
0.6000430213
0.6000430213
0.6000430213
0.6000430213
0.6000430213
0.6000430213
0.6000430213
0.6000430213
0.6000430213
0.6000430212
0.6000430211
0.6000430208
0.6000430213
0.6000430213
0.6000430213
0.6000430213
0.6000430213
0.6000430213
0.6000430213
0.6000430213
0.6000430213
0.6000430213
0.6000430213
0.6000430213
0.6000430212
0.6000430209
0.6000430213
0.6000430213
0.6000430213
0.6000430213
0.6000430213
0.6000430213
0.6000430213
0.6000430213
0.6000430213
0.6000430213
0.6000430213
0.6000430213
0.6000430212
0.6000430211
0.6000430213
0.6000430213
0.6000430213
0.6000430213
0.6000430213
0.6000430213
0.6000430213
0.6000430213
0.6000430213
0.6000430213
0.6000430213
0.6000430213
0.6000430212
0.6000430211
)
;

boundaryField
{
    top
    {
        type            calculated;
        value           nonuniform List<scalar> 
134
(
0.6000430213
0.6000430213
0.6000430213
0.6000430213
0.6000430213
0.6000430213
0.6000430213
0.6000430213
0.6000430213
0.6000430213
0.6000430213
0.6000430213
0.6000430213
0.6000430213
0.6000430213
0.6000430213
0.6000430213
0.6000430213
0.6000430213
0.6000430213
0.6000430213
0.6000430213
0.6000430213
0.6000430213
0.6000430213
0.6000430213
0.6000430213
0.6000430213
0.6000430213
0.6000430213
0.6000430213
0.6000430213
0.6000430213
0.6000430213
0.6000430213
0.6000430213
0.6000430213
0.6000430213
0.6000430213
0.6000430213
0.6000430213
0.6000430213
0.6000430213
0.6000430213
0.6000430213
0.6000430213
0.6000430213
0.6000430213
0.6000430213
0.6000430213
0.6000430213
0.6000430213
0.6000430213
0.6000430213
0.6000430213
0.6000430213
0.6000430213
0.6000430213
0.6000430213
0.6000430213
0.6000430213
0.6000430213
0.6000430213
0.6000430213
0.6000430213
0.6000430213
0.6000430213
0.6000430213
0.6000430213
0.6000430213
0.6000430213
0.6000430213
0.6000430213
0.6000430213
0.6000430213
0.6000430213
0.6000430213
0.6000430213
0.6000430213
0.6000430213
0.6000430213
0.6000430213
0.6000430213
0.6000430213
0.6000430213
0.6000430213
0.6000430213
0.6000430213
0.6000430213
0.6000430213
0.6000430213
0.6000430213
0.6000430213
0.6000430213
0.6000430213
0.6000430213
0.6000430213
0.6000430213
0.6000430213
0.6000430213
0.6000430213
0.6000430213
0.6000430213
0.6000430213
0.6000430213
0.6000430213
0.6000430213
0.6000430213
0.6000430213
0.6000430212
0.6000430212
0.6000430212
0.6000430212
0.6000430212
0.6000430212
0.6000430212
0.6000430212
0.6000430212
0.6000430211
0.6000430211
0.600043021
0.600043021
0.600043021
0.600043021
0.6000430211
0.6000430211
0.600043021
0.6000430209
0.6000430207
0.6000430204
0.6000430203
0.6000430203
0.6000430206
0.6000430208
)
;
    }
    bottom
    {
        type            calculated;
        value           nonuniform List<scalar> 
127
(
0.6000430213
0.6000430213
0.6000430213
0.6000430213
0.6000430213
0.6000430213
0.6000430213
0.6000430213
0.6000430213
0.6000430213
0.6000430213
0.6000430213
0.6000430213
0.6000430213
0.6000430213
0.6000430213
0.6000430213
0.6000430213
0.6000430213
0.6000430213
0.6000430213
0.6000430213
0.6000430213
0.6000430213
0.6000430213
0.6000430213
0.6000430213
0.6000430213
0.6000430213
0.6000430213
0.6000430213
0.6000430213
0.6000430213
0.6000430213
0.6000430213
0.6000430213
0.6000430213
0.6000430213
0.6000430213
0.6000430213
0.6000430213
0.6000430213
0.6000430213
0.6000430213
0.6000430213
0.6000430213
0.6000430213
0.6000430213
0.6000430213
0.6000430213
0.6000430213
0.6000430213
0.6000430213
0.6000430213
0.6000430213
0.6000430213
0.6000430213
0.6000430213
0.6000430213
0.6000430213
0.6000430213
0.6000430213
0.6000430213
0.6000430213
0.6000430213
0.6000430213
0.6000430213
0.6000430213
0.6000430213
0.6000430213
0.6000430213
0.6000430213
0.6000430213
0.6000430213
0.6000430213
0.6000430213
0.6000430213
0.6000430213
0.6000430213
0.6000430213
0.6000430213
0.6000430213
0.6000430213
0.6000430213
0.6000430213
0.6000430213
0.6000430213
0.6000430213
0.6000430213
0.6000430213
0.6000430213
0.6000430213
0.6000430213
0.6000430213
0.6000430213
0.6000430213
0.6000430213
0.6000430213
0.6000430213
0.6000430213
0.6000430213
0.6000430213
0.6000430212
0.6000430212
0.6000430212
0.6000430213
0.6000430213
0.6000430213
0.6000430212
0.6000430212
0.6000430212
0.6000430211
0.6000430211
0.6000430211
0.6000430212
0.6000430212
0.6000430212
0.6000430212
0.6000430211
0.6000430209
0.6000430208
0.6000430207
0.6000430208
0.6000430209
0.6000430211
0.6000430211
0.600043021
)
;
    }
    side-walls
    {
        type            calculated;
        value           nonuniform List<scalar> 
261
(
0.6000430213
0.6000430213
0.6000430213
0.6000430213
0.6000430213
0.6000430213
0.6000430213
0.6000430213
0.6000430213
0.6000430213
0.6000430213
0.6000430213
0.6000430213
0.6000430213
0.6000430213
0.6000430213
0.6000430213
0.6000430213
0.6000430213
0.6000430213
0.6000430213
0.6000430213
0.6000430213
0.6000430213
0.6000430213
0.6000430213
0.6000430213
0.6000430213
0.6000430213
0.6000430213
0.6000430213
0.6000430213
0.6000430213
0.6000430213
0.6000430213
0.6000430213
0.6000430213
0.6000430213
0.6000430213
0.6000430213
0.6000430213
0.6000430213
0.6000430213
0.6000430213
0.6000430213
0.6000430213
0.6000430213
0.6000430213
0.6000430213
0.6000430213
0.6000430213
0.6000430213
0.6000430213
0.6000430213
0.6000430213
0.6000430213
0.6000430213
0.6000430213
0.6000430213
0.6000430213
0.6000430213
0.6000430213
0.6000430213
0.6000430213
0.6000430213
0.6000430213
0.6000430213
0.6000430213
0.6000430213
0.6000430213
0.6000430213
0.6000430213
0.6000430213
0.6000430213
0.6000430213
0.6000430213
0.6000430213
0.6000430213
0.6000430213
0.6000430213
0.6000430213
0.6000430213
0.6000430213
0.6000430213
0.6000430213
0.6000430213
0.6000430213
0.6000430213
0.6000430213
0.6000430213
0.6000430213
0.6000430213
0.6000430213
0.6000430213
0.6000430213
0.6000430213
0.6000430213
0.6000430213
0.6000430213
0.6000430213
0.6000430213
0.6000430213
0.6000430213
0.6000430213
0.6000430213
0.6000430213
0.6000430213
0.6000430213
0.6000430212
0.6000430212
0.6000430212
0.6000430212
0.6000430212
0.6000430212
0.6000430212
0.6000430212
0.6000430213
0.6000430212
0.6000430211
0.6000430211
0.600043021
0.600043021
0.600043021
0.6000430211
0.6000430211
0.6000430212
0.600043021
0.6000430208
0.6000430206
0.6000430204
0.6000430204
0.6000430204
0.6000430207
0.6000430209
0.600043021
0.6000430213
0.6000430213
0.6000430213
0.6000430213
0.6000430213
0.6000430213
0.6000430213
0.6000430213
0.6000430213
0.6000430213
0.6000430213
0.6000430213
0.6000430213
0.6000430213
0.6000430213
0.6000430213
0.6000430213
0.6000430213
0.6000430213
0.6000430213
0.6000430213
0.6000430213
0.6000430213
0.6000430213
0.6000430213
0.6000430213
0.6000430213
0.6000430213
0.6000430213
0.6000430213
0.6000430213
0.6000430213
0.6000430213
0.6000430213
0.6000430213
0.6000430213
0.6000430213
0.6000430213
0.6000430213
0.6000430213
0.6000430213
0.6000430213
0.6000430213
0.6000430213
0.6000430213
0.6000430213
0.6000430213
0.6000430213
0.6000430213
0.6000430213
0.6000430213
0.6000430213
0.6000430213
0.6000430213
0.6000430213
0.6000430213
0.6000430213
0.6000430213
0.6000430213
0.6000430213
0.6000430213
0.6000430213
0.6000430213
0.6000430213
0.6000430213
0.6000430213
0.6000430213
0.6000430213
0.6000430213
0.6000430213
0.6000430213
0.6000430213
0.6000430213
0.6000430213
0.6000430213
0.6000430213
0.6000430213
0.6000430213
0.6000430213
0.6000430213
0.6000430213
0.6000430213
0.6000430213
0.6000430213
0.6000430213
0.6000430213
0.6000430213
0.6000430213
0.6000430213
0.6000430213
0.6000430213
0.6000430213
0.6000430213
0.6000430213
0.6000430213
0.6000430213
0.6000430213
0.6000430213
0.6000430213
0.6000430213
0.6000430213
0.6000430213
0.6000430212
0.6000430212
0.6000430212
0.6000430213
0.6000430213
0.6000430213
0.6000430212
0.6000430212
0.6000430212
0.6000430211
0.6000430211
0.6000430211
0.6000430212
0.6000430212
0.6000430212
0.6000430211
0.6000430211
0.6000430209
0.6000430208
0.6000430207
0.6000430208
0.6000430209
0.6000430211
0.6000430211
)
;
    }
    inlet
    {
        type            calculated;
        value           nonuniform List<scalar> 
81
(
0.6000430213
0.6000430213
0.6000430213
0.6000430213
0.6000430213
0.6000430213
0.6000430213
0.6000430213
0.6000430213
0.6000430213
0.6000430213
0.6000430213
0.6000430213
0.6000430213
0.6000430213
0.6000430213
0.6000430213
0.6000430213
0.6000430213
0.6000430213
0.6000430213
0.6000430213
0.6000430213
0.6000430213
0.6000430213
0.6000430213
0.6000430213
0.6000430213
0.6000430213
0.6000430213
0.6000430213
0.6000430213
0.6000430213
0.6000430213
0.6000430213
0.6000430213
0.6000430213
0.6000430213
0.6000430213
0.6000430213
0.6000430213
0.6000430213
0.6000430213
0.6000430213
0.6000430213
0.6000430213
0.6000430213
0.6000430213
0.6000430213
0.6000430213
0.6000430213
0.6000430213
0.6000430213
0.6000430213
0.6000430213
0.6000430213
0.6000430213
0.6000430213
0.6000430213
0.6000430213
0.6000430213
0.6000430213
0.6000430213
0.6000430213
0.6000430213
0.6000430213
0.6000430213
0.6000430213
0.6000430213
0.6000430213
0.6000430213
0.6000430213
0.6000430213
0.6000430213
0.6000430213
0.6000430213
0.6000430213
0.6000430213
0.6000430213
0.6000430213
0.6000430213
)
;
    }
    outlet
    {
        type            calculated;
        value           nonuniform 0();
    }
    procBoundary0to1
    {
        type            processor;
        value           nonuniform List<scalar> 
97
(
0.6000430207
0.6000430208
0.6000430204
0.60004302
0.6000430195
0.6000430193
0.6000430195
0.60004302
0.6000430205
0.6000430207
0.6000430208
0.6000430208
0.6000430199
0.6000430198
0.600043019
0.600043018
0.6000430179
0.6000430182
0.6000430192
0.60004302
0.6000430205
0.6000430205
0.6000430198
0.6000430198
0.6000430169
0.6000430166
0.600043015
0.6000430161
0.6000430157
0.6000430174
0.6000430191
0.60004302
0.6000430203
0.6000430193
0.6000430166
0.6000430166
0.6000430124
0.6000430292
0.6000430249
0.6000430148
0.6000430156
0.6000430181
0.6000430195
0.6000430201
0.6000430192
0.6000430183
0.6000430292
0.6000430292
0.6000430888
0.60004303
0.6000430247
0.6000430172
0.6000430158
0.6000430177
0.6000430192
0.6000430203
0.6000430194
0.6000430179
0.6000430182
0.60004303
0.6000430172
0.6000430172
0.600043015
0.6000430185
0.6000430179
0.6000430194
0.6000430206
0.60004302
0.600043019
0.6000430178
0.6000430183
0.6000430179
0.6000430185
0.6000430185
0.600043019
0.6000430205
0.6000430199
0.6000430208
0.6000430206
0.60004302
0.6000430194
0.6000430192
0.6000430195
0.60004302
0.6000430205
0.6000430205
0.6000430204
0.600043021
0.600043021
0.6000430208
0.6000430206
0.6000430203
0.6000430201
0.6000430203
0.6000430206
0.6000430208
0.600043021
)
;
    }
}


// ************************************************************************* //
